Node Number	Directional Deformation (mm)
1	3.1183e-003
2	2.3008e-003
3	-15.236
4	-16.261
5	-17.103
6	-17.822
7	-18.056
8	-17.276
9	-15.744
10	-10.901
11	-2.7256
12	1.3377
13	-0.22514
14	-0.20968
15	4.7376e-002
16	-2.769e-003
17	-3.8882e-003
18	9.4849e-004
19	3.1012e-003
20	-15.282
21	3.7818e-004
22	-2.2229e-003
23	-1.3369e-003
24	-5.0857e-003
25	2.4492e-002
26	-0.15113
27	0.2535
28	0.58348
29	-4.3601
30	-11.861
31	-15.938
32	-17.43
33	-18.157
34	-17.901
35	-17.134
36	-16.284
37	3.4606e-003
38	-4.8904e-003
39	-3.0363e-003
40	-1.4885e-003
41	-4.6133e-004
42	4.2356e-003
43	3.4302e-003
44	-15.366
45	-7.7372e-003
46	-7.5927e-003
47	3.271e-002
48	0.10418
49	-0.20502
50	-0.19649
51	-0.27661
52	0.24122
53	-1.5692
54	-12.429
55	-17.003
56	-18.345
57	-18.384
58	-17.772
59	-17.146
60	-16.312
61	-15.496
62	-15.582
63	-15.611
64	-15.643
65	-15.587
66	-15.462
67	-1.5593e-003
68	2.1478e-003
69	-6.1652e-005
70	-6.2328e-003
71	-1.8264e-003
72	-2.2558e-003
73	-8.7482e-003
74	-15.397
75	-1.3913e-002
76	2.8549e-002
77	7.5864e-002
78	-0.5563
79	-0.26768
80	-1.0001
81	-12.704
82	-18.172
83	-18.768
84	-17.742
85	-16.707
86	-15.559
87	-15.634
88	-15.674
89	-15.542
90	-18.563
91	-0.58247
92	7.9979e-002
93	-10.978
94	1.6572e-002
95	1.4392
96	-18.175
97	-1.6394e-002
98	-10.329
99	-17.32
100	-0.31528
101	0.58144
102	-17.345
103	-17.201
104	1.9064e-002
105	-17.895
106	-6.4673e-002
107	6.2609e-002
108	-0.31918
109	-18.392
110	-6.0213e-002
111	-4.8464
112	-17.854
113	2.425e-002
114	-15.084
115	-0.50779
116	9.1192e-003
117	-17.455
118	2.9185
119	0.16654
120	-1.6706e-002
121	-17.026
122	-13.86
123	-18.146
124	3.0382e-002
125	-8.4149
126	-16.235
127	-4.6289
128	0.81996
129	-0.18713
130	-5.4696e-003
131	-16.607
132	-17.071
133	0.16147
134	-5.529e-002
135	-18.295
136	0.
137	0.
138	0.
139	0.
140	-2.2799e-011
141	-4.7404e-011
142	-6.7426e-011
143	-6.7667e-011
144	-4.3138e-011
145	-2.1544e-011
146	0.
147	0.
148	-3.3089e-011
149	-6.1551e-011
150	-1.0767e-010
151	-8.7719e-011
152	-6.6239e-011
153	-3.533e-011
154	0.
155	0.
156	0.
157	0.
158	0.
159	0.
160	0.
161	0.
162	0.
163	0.
164	0.
165	1.027e-012
166	1.9663e-012
167	2.4093e-012
168	2.3307e-012
169	1.6588e-012
170	8.2217e-013
171	0.
172	0.
173	0.
174	0.
175	0.
176	0.
177	0.
178	0.
179	0.
180	0.
181	0.
182	0.
183	0.
184	0.
185	0.
186	0.
187	0.
188	0.
189	0.
190	0.
191	0.
192	0.
193	0.
194	0.
195	-4.4763e-011
196	-8.5343e-011
197	-2.499e-010
198	-1.0857e-010
199	-1.0188e-010
200	-4.1723e-011
201	0.
202	0.
203	0.
204	0.
205	0.
206	0.
207	0.
208	0.
209	0.
210	0.
211	0.
212	0.
213	0.
214	0.
215	0.
216	0.
217	0.
218	0.
219	0.
220	0.
221	0.
222	0.
223	0.
224	0.
225	0.
226	0.
227	0.
228	0.
229	0.
230	0.
231	0.
232	6.9731e-013
233	1.7331e-012
234	2.5407e-012
235	2.3479e-012
236	1.9999e-012
237	1.1223e-012
238	8.8658e-013
239	2.8298e-013
240	2.6326e-013
241	-6.1154e-013
242	-5.3309e-013
243	-3.9465e-013
244	-4.8318e-011
245	-7.9713e-011
246	-1.5696e-010
247	-6.3672e-011
248	-6.5781e-011
249	-3.0385e-011
250	0.
251	0.
252	0.
253	0.
254	-2.364e-011
255	-3.2427e-011
256	-1.3651e-011
257	-1.05e-011
258	-6.2323e-011
259	-6.8673e-012
260	-2.3512e-011
261	-4.1675e-011
262	-3.3831e-012
263	-2.3641e-011
264	-1.2242e-012
265	-7.8021e-012
266	-1.5093e-012
267	1.7832e-012
268	9.7054e-013
269	-7.9528e-011
270	-1.5611e-011
271	-1.2745e-012
272	-1.712e-011
273	-5.8596e-012
274	-2.7802e-011
275	1.5856e-012
276	-9.1728e-012
277	1.7372e-012
278	-4.6766e-011
279	-3.516e-012
280	-2.1333e-011
281	9.3278e-013
282	5.5985e-013
283	-1.3307e-011
284	-7.2394e-012
285	7.2025e-013
286	-2.4391e-012
287	-2.0994e-011
288	-5.1642e-011
289	-3.5377e-011
290	-8.9959e-011
291	0.
292	0.
293	-1.5897e-011
294	-4.4684e-011
295	-3.3562e-011
296	-8.6945e-011
297	-4.9542e-012
298	-1.1327e-011
299	7.3497e-013
300	-1.0825e-011
301	-3.831e-011
302	-8.3535e-011
303	-3.2388e-011
304	-9.4561e-011
305	-6.8959e-011
306	-2.631e-011
307	-21.886
308	-23.215
309	-22.521
310	-24.139
311	-23.228
312	-23.382
313	-23.566
314	-23.493
315	-23.628
316	-23.875
317	-23.172
318	-23.711
319	-22.899
320	-22.622
321	-22.369
322	-22.219
323	-22.141
324	-22.045
325	-19.354
326	-19.41
327	-19.527
328	-19.738
329	-19.991
330	-20.301
331	-20.743
332	-21.298
333	-21.921
334	-22.506
335	-17.996
336	-18.167
337	-18.358
338	-18.537
339	-18.715
340	-18.906
341	-19.145
342	-21.103
343	-20.458
344	-19.887
345	-19.392
346	-18.955
347	-18.621
348	-18.35
349	-18.157
350	-18.022
351	-24.556
352	-25.
353	-25.
354	-25.
355	-25.
356	-25.
357	-25.
358	-25.
359	-25.
360	-25.
361	-24.975
362	-19.217
363	-23.567
364	-23.975
365	-24.475
366	-24.381
367	-24.197
368	-24.222
369	-24.211
370	-24.165
371	-17.956
372	-17.95
373	-25.001
374	-25.
375	-25.002
376	-24.999
377	-25.
378	-24.958
379	-25.009
380	-24.769
381	-23.916
382	-22.807
383	-21.814
384	-21.
385	-20.304
386	-19.67
387	-19.177
388	-18.763
389	-18.42
390	-18.216
391	-18.061
392	-25.
393	-25.
394	-25.
395	-25.
396	-25.
397	-25.
398	-25.
399	-25.
400	-25.
401	-24.993
402	-25.
403	-25.001
404	-25.
405	-24.999
406	-24.999
407	-25.
408	-25.
409	-25.
410	-25.
411	-25.
412	-25.
413	-25.
414	-25.
415	-25.
416	-25.
417	-25.
418	-25.
419	-23.379
420	-23.845
421	-22.071
422	-19.912
423	-25.
424	-25.
425	-25.
426	-25.
427	-25.
428	-25.
429	-25.
430	-25.
431	-25.
432	-25.
433	-25.
434	-25.
435	-25.
436	-25.168
437	-25.
438	-24.987
439	-22.275
440	-24.967
441	-18.852
442	-20.981
443	-19.505
444	-20.669
445	-18.951
446	-19.641
447	-18.554
448	-21.67
449	-20.126
450	-21.133
451	-19.172
452	-19.394
453	-20.129
454	-20.01
455	-18.299
456	-19.187
457	-22.049
458	-21.674
459	-20.205
460	-20.089
461	-18.874
462	-24.995
463	-25.113
464	-25.136
465	-20.251
466	-21.056
467	-19.61
468	-18.697
469	-18.854
470	-18.14
471	-22.502
472	-21.717
473	-23.275
474	-23.877
475	-22.499
476	-18.351
477	-21.369
478	-18.841
479	-20.602
480	-19.61
481	-18.408
482	-20.639
483	-23.415
