Node Number	Directional Deformation (mm)
1	1.0253e-003
2	1.4774e-004
3	-13.821
4	-15.131
5	-16.238
6	-17.22
7	-17.839
8	-17.381
9	-16.256
10	-11.37
11	-2.5103
12	1.7559
13	-0.281
14	-0.12691
15	7.9373e-002
16	-6.3284e-003
17	-7.7235e-003
18	3.205e-003
19	4.9801e-003
20	-13.877
21	3.3642e-003
22	-3.9367e-004
23	-7.7858e-003
24	-2.192e-003
25	5.53e-002
26	-4.7583e-002
27	0.3093
28	0.81405
29	-4.4914
30	-12.385
31	-16.419
32	-17.542
33	-17.944
34	-17.295
35	-16.269
36	-15.163
37	4.392e-003
38	-3.6058e-003
39	-3.286e-003
40	-1.6606e-004
41	2.1782e-003
42	5.7131e-003
43	5.073e-003
44	-14.498
45	-6.2004e-003
46	-1.2565e-002
47	1.9129e-002
48	0.11731
49	-7.8888e-002
50	-7.3485e-002
51	-0.11162
52	0.60747
53	-0.9316
54	-12.483
55	-17.072
56	-18.186
57	-18.031
58	-17.329
59	-16.504
60	-15.524
61	-14.509
62	-14.556
63	-14.547
64	-14.522
65	-14.386
66	-14.161
67	2.223e-004
68	5.0951e-003
69	8.5631e-004
70	-2.2355e-003
71	-3.9104e-004
72	-3.2909e-003
73	-8.3478e-003
74	-14.535
75	-1.5724e-002
76	1.8318e-002
77	0.14014
78	-0.47949
79	-0.1073
80	-0.43978
81	-12.781
82	-18.19
83	-18.439
84	-17.264
85	-15.976
86	-14.564
87	-14.589
88	-14.55
89	-14.296
90	-18.443
91	-0.61107
92	0.13558
93	-12.031
94	1.715e-002
95	1.0928
96	-18.492
97	-2.7902e-002
98	-11.41
99	-16.801
100	-0.27542
101	0.22101
102	-18.198
103	-16.451
104	4.9328e-002
105	-18.272
106	-0.35345
107	0.14249
108	-0.3821
109	-18.446
110	2.1301e-003
111	-5.3112
112	-17.594
113	1.8543e-002
114	-16.288
115	-0.55287
116	4.6173e-003
117	-16.824
118	2.3714
119	0.10012
120	-1.9827e-002
121	-16.385
122	-14.782
123	-18.114
124	2.8057e-002
125	-9.341
126	-17.084
127	-5.0055
128	0.77034
129	-0.10027
130	-4.3905e-003
131	-15.829
132	-17.51
133	7.5683e-002
134	2.093e-002
135	-18.498
136	0.
137	0.
138	0.
139	0.
140	-9.4353e-012
141	-1.7505e-011
142	-2.3811e-011
143	-2.3442e-011
144	-1.5432e-011
145	-7.7028e-012
146	0.
147	0.
148	-1.4176e-011
149	-2.1243e-011
150	-3.0472e-011
151	-2.8095e-011
152	-3.016e-011
153	-1.8243e-011
154	0.
155	0.
156	0.
157	0.
158	0.
159	0.
160	0.
161	0.
162	0.
163	0.
164	0.
165	5.8413e-013
166	1.0578e-012
167	1.2289e-012
168	1.1418e-012
169	7.5392e-013
170	3.4962e-013
171	0.
172	0.
173	0.
174	0.
175	0.
176	0.
177	0.
178	0.
179	0.
180	0.
181	0.
182	0.
183	0.
184	0.
185	0.
186	0.
187	0.
188	0.
189	0.
190	0.
191	0.
192	0.
193	0.
194	0.
195	-2.2183e-011
196	-4.0237e-011
197	-4.5799e-011
198	-2.9292e-011
199	-7.0703e-011
200	-2.4662e-011
201	0.
202	0.
203	0.
204	0.
205	0.
206	0.
207	0.
208	0.
209	0.
210	0.
211	0.
212	0.
213	0.
214	0.
215	0.
216	0.
217	0.
218	0.
219	0.
220	0.
221	0.
222	0.
223	0.
224	0.
225	0.
226	0.
227	0.
228	0.
229	0.
230	0.
231	0.
232	2.6183e-013
233	7.8396e-013
234	1.2528e-012
235	1.2e-012
236	1.0782e-012
237	6.5295e-013
238	2.03e-013
239	1.4456e-014
240	6.5142e-014
241	-2.7649e-013
242	-2.876e-013
243	-2.2192e-013
244	-4.1192e-011
245	-2.623e-011
246	-2.0996e-011
247	-1.3401e-011
248	-3.7882e-011
249	-1.29e-011
250	0.
251	0.
252	0.
253	0.
254	-7.2059e-012
255	-1.4794e-011
256	-4.6671e-012
257	-3.978e-012
258	-3.104e-011
259	-2.2209e-012
260	-1.0393e-011
261	-6.0468e-012
262	-1.2068e-012
263	-1.0055e-011
264	-4.1865e-013
265	-1.9002e-012
266	-1.4397e-012
267	5.3675e-013
268	3.3165e-013
269	-2.823e-011
270	-1.0217e-011
271	-1.3321e-012
272	-1.031e-011
273	-4.3081e-012
274	-1.4972e-011
275	4.7575e-013
276	-6.4295e-012
277	7.1354e-013
278	-2.0924e-011
279	-2.5858e-012
280	-9.6845e-012
281	3.3622e-013
282	2.6125e-014
283	-8.6068e-012
284	-4.4139e-012
285	2.985e-013
286	-1.8496e-012
287	-1.0985e-011
288	-2.1518e-011
289	-1.3957e-011
290	-3.1696e-011
291	0.
292	0.
293	-9.9485e-012
294	-2.3197e-011
295	-1.7293e-011
296	-2.4541e-011
297	-1.7496e-012
298	-4.3413e-012
299	3.9736e-013
300	-5.0032e-012
301	-1.5974e-011
302	-2.8297e-011
303	-1.228e-011
304	-2.4357e-011
305	-2.5895e-011
306	-1.2361e-011
307	-22.745
308	-23.576
309	-23.137
310	-24.328
311	-23.601
312	-23.778
313	-23.929
314	-23.923
315	-24.106
316	-24.279
317	-23.813
318	-24.103
319	-23.633
320	-23.435
321	-23.233
322	-23.093
323	-23.003
324	-22.895
325	-21.439
326	-21.473
327	-21.547
328	-21.678
329	-21.834
330	-22.024
331	-22.314
332	-22.666
333	-23.057
334	-23.424
335	-20.296
336	-20.445
337	-20.607
338	-20.76
339	-20.914
340	-21.076
341	-21.266
342	-22.248
343	-21.845
344	-21.486
345	-21.178
346	-20.903
347	-20.694
348	-20.522
349	-20.399
350	-20.313
351	-24.568
352	-24.812
353	-24.812
354	-24.812
355	-24.812
356	-24.812
357	-24.812
358	-24.812
359	-24.812
360	-24.812
361	-24.799
362	-21.355
363	-24.064
364	-24.1
365	-24.538
366	-24.476
367	-24.34
368	-24.328
369	-24.309
370	-24.26
371	-20.267
372	-20.265
373	-24.812
374	-24.812
375	-24.813
376	-24.811
377	-24.812
378	-24.786
379	-24.817
380	-24.653
381	-24.079
382	-23.339
383	-22.691
384	-22.177
385	-21.741
386	-21.343
387	-21.036
388	-20.776
389	-20.561
390	-20.432
391	-20.333
392	-24.812
393	-24.812
394	-24.812
395	-24.812
396	-24.812
397	-24.812
398	-24.812
399	-24.812
400	-24.812
401	-24.809
402	-24.812
403	-24.812
404	-24.812
405	-24.812
406	-24.812
407	-24.812
408	-24.812
409	-24.812
410	-24.812
411	-24.812
412	-24.812
413	-24.812
414	-24.812
415	-24.812
416	-24.812
417	-24.812
418	-24.812
419	-23.951
420	-24.209
421	-23.152
422	-21.788
423	-24.812
424	-24.812
425	-24.812
426	-24.812
427	-24.812
428	-24.812
429	-24.812
430	-24.812
431	-24.812
432	-24.812
433	-24.812
434	-24.812
435	-24.812
436	-24.916
437	-24.812
438	-24.804
439	-23.083
440	-24.792
441	-20.923
442	-22.405
443	-21.429
444	-22.12
445	-21.068
446	-21.447
447	-20.759
448	-22.805
449	-21.876
450	-22.34
451	-21.27
452	-21.4
453	-21.822
454	-21.618
455	-20.535
456	-21.091
457	-23.091
458	-22.748
459	-21.832
460	-21.665
461	-20.93
462	-24.809
463	-24.892
464	-24.881
465	-22.006
466	-22.451
467	-21.527
468	-20.893
469	-20.873
470	-20.417
471	-23.36
472	-22.68
473	-23.7
474	-24.219
475	-23.275
476	-20.552
477	-22.544
478	-20.954
479	-21.975
480	-21.361
481	-20.641
482	-22.213
483	-23.957
