Node Number	Directional Deformation (mm)
1	4.7824e-004
2	2.6798e-004
3	-7.1843
4	-8.902
5	-10.45
6	-11.883
7	-12.876
8	-12.973
9	-12.392
10	-8.8153
11	-1.9852
12	0.99519
13	-0.52345
14	-0.15161
15	5.1313e-002
16	-1.691e-002
17	-9.9523e-003
18	5.397e-003
19	6.9813e-003
20	-7.2581
21	6.5325e-003
22	1.5435e-003
23	-1.2439e-002
24	-6.0932e-003
25	2.7491e-002
26	-0.12574
27	-0.12455
28	0.32212
29	-3.4254
30	-9.5249
31	-12.489
32	-13.085
33	-12.966
34	-11.973
35	-10.504
36	-8.9512
37	5.2331e-003
38	-5.5565e-004
39	-1.8017e-003
40	1.0404e-003
41	3.9767e-003
42	6.1404e-003
43	6.395e-003
44	-7.2166
45	-2.3899e-003
46	-1.3056e-002
47	5.0716e-005
48	8.8471e-002
49	2.0431e-003
50	-3.3364e-002
51	-0.20021
52	0.42611
53	-9.2278e-004
54	-9.4565
55	-12.959
56	-13.514
57	-12.891
58	-11.652
59	-10.334
60	-8.8238
61	-7.3451
62	-7.4435
63	-7.4857
64	-7.5296
65	-7.488
66	-7.3837
67	2.8285e-003
68	7.618e-003
69	1.8936e-003
70	1.6228e-003
71	1.3449e-003
72	-2.0655e-003
73	-4.8331e-003
74	-7.2748
75	-1.2865e-002
76	2.6878e-003
77	0.14508
78	-0.35255
79	-0.20992
80	2.9177e-002
81	-9.6022
82	-13.757
83	-13.393
84	-11.522
85	-9.5236
86	-7.4395
87	-7.5336
88	-7.5907
89	-7.4831
90	-12.833
91	-0.53091
92	0.1393
93	-8.6795
94	1.2911e-002
95	0.72944
96	-13.211
97	-3.1344e-002
98	-7.7767
99	-10.557
100	-0.23053
101	0.30887
102	-13.154
103	-10.284
104	6.7233e-002
105	-13.049
106	6.4218e-002
107	0.15221
108	-0.42667
109	-13.005
110	2.501e-002
111	-3.1498
112	-11.697
113	3.2576e-003
114	-11.725
115	-0.49525
116	4.8507e-004
117	-10.678
118	2.1191
119	6.9617e-002
120	-1.7678e-002
121	-10.021
122	-10.49
123	-12.68
124	2.3891e-002
125	-6.19
126	-12.281
127	-3.5405
128	0.34572
129	-4.1843e-002
130	-2.8389e-003
131	-9.2281
132	-12.901
133	-3.793e-003
134	5.1936e-002
135	-13.377
136	0.
137	0.
138	0.
139	0.
140	-1.4281e-013
141	-3.9468e-013
142	-6.9402e-013
143	-9.0093e-013
144	-5.6376e-013
145	-2.7316e-013
146	0.
147	0.
148	-1.733e-013
149	-3.5547e-013
150	-1.7167e-012
151	1.9064e-013
152	2.0611e-013
153	5.9737e-013
154	0.
155	0.
156	0.
157	0.
158	0.
159	0.
160	0.
161	0.
162	0.
163	0.
164	0.
165	1.3898e-014
166	2.6101e-014
167	3.2503e-014
168	3.196e-014
169	2.2712e-014
170	1.1132e-014
171	0.
172	0.
173	0.
174	0.
175	0.
176	0.
177	0.
178	0.
179	0.
180	0.
181	0.
182	0.
183	0.
184	0.
185	0.
186	0.
187	0.
188	0.
189	0.
190	0.
191	0.
192	0.
193	0.
194	0.
195	1.7008e-013
196	-3.4709e-013
197	-1.0792e-011
198	2.0135e-012
199	-9.6235e-013
200	6.604e-013
201	0.
202	0.
203	0.
204	0.
205	0.
206	0.
207	0.
208	0.
209	0.
210	0.
211	0.
212	0.
213	0.
214	0.
215	0.
216	0.
217	0.
218	0.
219	0.
220	0.
221	0.
222	0.
223	0.
224	0.
225	0.
226	0.
227	0.
228	0.
229	0.
230	0.
231	0.
232	9.4851e-015
233	2.3875e-014
234	3.4761e-014
235	3.1809e-014
236	2.5844e-014
237	1.4253e-014
238	-1.7588e-014
239	5.6971e-016
240	2.4446e-014
241	1.5031e-014
242	-6.9754e-015
243	-2.5792e-014
244	4.6439e-013
245	4.502e-012
246	6.1254e-012
247	1.1044e-011
248	1.5909e-012
249	1.4595e-013
250	0.
251	0.
252	0.
253	0.
254	8.8587e-013
255	-2.5015e-012
256	3.0132e-014
257	1.9674e-015
258	-3.342e-012
259	-2.3719e-013
260	-9.9849e-013
261	8.625e-012
262	6.3064e-014
263	-1.3392e-012
264	-2.4303e-014
265	6.2183e-013
266	-3.0149e-014
267	2.3418e-014
268	1.0175e-014
269	-9.7985e-013
270	-2.2063e-013
271	-2.3454e-014
272	-1.8721e-013
273	-7.2204e-014
274	-3.6178e-013
275	2.1561e-014
276	-1.329e-013
277	2.2779e-014
278	-5.8893e-013
279	-3.9021e-014
280	-3.0497e-013
281	1.2206e-014
282	6.709e-015
283	-1.6804e-013
284	-1.0042e-013
285	8.0102e-015
286	-3.868e-014
287	-2.3203e-013
288	-6.7624e-013
289	-3.6599e-013
290	2.203e-012
291	0.
292	0.
293	-1.9439e-013
294	1.3257e-012
295	9.759e-014
296	-1.46e-014
297	8.9096e-014
298	2.4596e-014
299	9.1974e-015
300	-1.077e-012
301	1.8227e-012
302	1.0171e-012
303	-2.7049e-013
304	5.1555e-012
305	3.0129e-014
306	2.5387e-013
307	-9.2105
308	-9.2105
309	-9.2105
310	-9.2105
311	-9.2105
312	-9.2105
313	-9.2105
314	-9.2105
315	-9.2105
316	-9.2105
317	-9.2105
318	-9.2105
319	-9.2105
320	-9.2105
321	-9.2105
322	-9.2105
323	-9.2105
324	-9.2105
325	-9.2105
326	-9.2105
327	-9.2105
328	-9.2105
329	-9.2105
330	-9.2105
331	-9.2105
332	-9.2105
333	-9.2105
334	-9.2105
335	-9.2105
336	-9.2105
337	-9.2105
338	-9.2105
339	-9.2105
340	-9.2105
341	-9.2105
342	-9.2105
343	-9.2105
344	-9.2105
345	-9.2105
346	-9.2105
347	-9.2105
348	-9.2105
349	-9.2105
350	-9.2105
351	-9.2105
352	-9.2105
353	-9.2105
354	-9.2105
355	-9.2105
356	-9.2105
357	-9.2105
358	-9.2105
359	-9.2105
360	-9.2105
361	-9.2105
362	-9.2105
363	-9.2105
364	-9.2105
365	-9.2105
366	-9.2105
367	-9.2105
368	-9.2105
369	-9.2105
370	-9.2105
371	-9.2105
372	-9.2105
373	-9.2105
374	-9.2105
375	-9.2105
376	-9.2105
377	-9.2105
378	-9.2105
379	-9.2105
380	-9.2105
381	-9.2105
382	-9.2105
383	-9.2105
384	-9.2105
385	-9.2105
386	-9.2105
387	-9.2105
388	-9.2105
389	-9.2105
390	-9.2105
391	-9.2105
392	-9.2105
393	-9.2105
394	-9.2105
395	-9.2105
396	-9.2105
397	-9.2105
398	-9.2105
399	-9.2105
400	-9.2105
401	-9.2105
402	-9.2105
403	-9.2105
404	-9.2105
405	-9.2105
406	-9.2105
407	-9.2105
408	-9.2105
409	-9.2105
410	-9.2105
411	-9.2105
412	-9.2105
413	-9.2105
414	-9.2105
415	-9.2105
416	-9.2105
417	-9.2105
418	-9.2105
419	-9.2105
420	-9.2105
421	-9.2105
422	-9.2105
423	-9.2105
424	-9.2105
425	-9.2105
426	-9.2105
427	-9.2105
428	-9.2105
429	-9.2105
430	-9.2105
431	-9.2105
432	-9.2105
433	-9.2105
434	-9.2105
435	-9.2105
436	-9.2105
437	-9.2105
438	-9.2105
439	-9.2105
440	-9.2105
441	-9.2105
442	-9.2105
443	-9.2105
444	-9.2105
445	-9.2105
446	-9.2105
447	-9.2105
448	-9.2105
449	-9.2105
450	-9.2105
451	-9.2105
452	-9.2105
453	-9.2105
454	-9.2105
455	-9.2105
456	-9.2105
457	-9.2105
458	-9.2105
459	-9.2105
460	-9.2105
461	-9.2105
462	-9.2105
463	-9.2105
464	-9.2105
465	-9.2105
466	-9.2105
467	-9.2105
468	-9.2105
469	-9.2105
470	-9.2105
471	-9.2105
472	-9.2105
473	-9.2105
474	-9.2105
475	-9.2105
476	-9.2105
477	-9.2105
478	-9.2105
479	-9.2105
480	-9.2105
481	-9.2105
482	-9.2105
483	-9.2105
