Node Number	Equivalent (von-Mises) Stress (MPa)
1	2.3186
2	1.3571
3	2.7899
4	4.0894
5	6.2498
6	8.0835
7	9.4041
8	27.804
9	36.832
10	35.108
11	110.
12	115.57
13	204.68
14	168.88
15	35.594
16	10.717
17	5.9542
18	7.2821
19	3.7215
20	2.0998
21	1.9655
22	4.8882
23	3.2112
24	13.486
25	17.871
26	120.51
27	144.7
28	186.94
29	116.81
30	140.21
31	38.37
32	20.769
33	7.5148
34	10.082
35	6.0589
36	1.3712
37	3.3669
38	3.8597
39	2.4759
40	1.7552
41	3.2563
42	3.6631
43	3.0354
44	0.83432
45	4.1349
46	12.041
47	12.823
48	48.299
49	42.066
50	128.13
51	108.23
52	58.774
53	117.23
54	30.282
55	30.982
56	18.351
57	11.483
58	6.6846
59	4.6793
60	1.484
61	1.5188
62	4.5287
63	3.5939
64	2.1778
65	1.9543
66	2.5442
67	4.9736
68	1.9475
69	2.7161
70	3.3108
71	6.1425
72	2.6273
73	5.1623
74	0.83882
75	5.2464
76	17.078
77	36.895
78	41.378
79	83.522
80	33.367
81	31.397
82	24.534
83	15.118
84	6.3582
85	2.4827
86	1.944
87	2.5867
88	2.5807
89	0.90001
90	4.6645
91	36.096
92	7.9086
93	54.031
94	6.2053
95	22.945
96	6.1397
97	3.4648
98	17.522
99	2.5641
100	24.025
101	51.212
102	10.984
103	1.7295
104	15.657
105	11.227
106	102.59
107	31.647
108	65.256
109	11.33
110	13.145
111	53.315
112	4.62
113	12.211
114	32.084
115	52.769
116	2.4782
117	3.9504
118	79.245
119	28.957
120	2.3744
121	3.8603
122	25.606
123	6.589
124	10.765
125	80.326
126	17.167
127	97.748
128	58.018
129	59.999
130	1.5786
131	2.9189
132	20.362
133	77.26
134	15.218
135	12.533
136	16.645
137	15.213
138	14.509
139	53.618
140	27.572
141	51.889
142	23.699
143	10.467
144	50.383
145	30.585
146	14.822
147	14.902
148	12.92
149	16.335
150	13.242
151	14.772
152	13.569
153	15.597
154	79.044
155	99.918
156	104.14
157	158.89
158	54.43
159	47.449
160	78.541
161	139.59
162	127.8
163	115.68
164	106.27
165	190.32
166	55.333
167	33.256
168	186.39
169	249.3
170	1.8909
171	1.5886
172	5.4513
173	16.172
174	27.186
175	18.735
176	76.263
177	0.80358
178	1.3963
179	0.28236
180	0.36587
181	0.37498
182	0.6722
183	1.4878
184	3.3017
185	6.8577
186	6.9785
187	9.8361
188	12.316
189	16.915
190	24.127
191	46.778
192	29.867
193	12.725
194	5.9373
195	12.369
196	7.5128
197	1.8861
198	0.32378
199	13.527
200	11.155
201	7.0836
202	4.3899
203	2.5051
204	0.94424
205	0.43725
206	0.3142
207	0.24619
208	2.7903
209	4.6491
210	5.9719
211	14.414
212	18.073
213	14.344
214	70.81
215	1.5139
216	2.5001
217	1.7982
218	2.756
219	2.5505
220	2.5608
221	0.35332
222	14.674
223	7.2093
224	5.33
225	2.1743
226	1.2894
227	0.48199
228	0.39361
229	0.43978
230	0.33661
231	0.47002
232	3.2138
233	9.9633
234	0.22695
235	0.11923
236	0.17215
237	0.16286
238	0.10422
239	0.1729
240	0.34647
241	0.1998
242	0.1575
243	0.15461
244	0.2045
245	0.27498
246	38.795
247	11.323
248	0.10021
249	2.963
250	0.15657
251	0.622
252	3.1975
253	0.71191
254	0.29712
255	1.6276
256	8.8801
257	0.22484
258	0.64434
259	4.9094
260	9.6975e-002
261	2.8555
262	0.1211
263	1.6938
264	0.11777
265	9.4295
266	9.5352
267	0.2236
268	16.29
269	8.7569
270	25.373
271	7.3786
272	44.651
273	1.4234
274	8.5942
275	65.84
276	28.386
277	3.1361
278	4.804
279	4.234
280	6.2913
281	0.21252
282	3.0686
283	2.6371
284	12.381
285	3.8948
286	33.519
287	2.489
288	25.295
289	10.685
290	76.279
291	25.025
292	12.587
293	0.19634
294	4.1213e-002
295	0.35959
296	4.4613e-002
297	0.13888
298	1.1262e-002
299	6.8504e-003
300	2.0342e-002
301	4.1287e-002
302	5.0329e-002
303	2.2359e-002
304	2.1558e-002
305	3.6252e-002
306	1.8319e-002
307	9.9737e-003
308	6.7215e-003
309	2.7515e-002
310	0.49753
311	1.2057e-002
312	9.1519e-003
313	8.1977e-003
314	8.5001e-003
315	4.9154e-003
316	9.4608e-003
317	6.6177e-002
318	5.5354e-003
319	7.4593e-003
320	3.7661e-002
321	6.6595e-002
322	2.5804e-002
323	1.7075e-002
324	4.7841e-003
325	5.3054e-003
326	5.5325e-003
327	5.3839e-003
328	1.2348e-003
329	1.8299e-003
330	2.5609e-003
331	1.8918e-003
332	1.6907e-003
333	2.2421e-003
334	2.2383e-003
335	2.6219e-003
336	3.0347e-003
337	3.7091e-003
338	2.085e-003
339	1.9138e-003
340	9.9087e-005
341	9.7303e-005
342	2.6674e-004
343	5.8476e-004
344	8.1073e-004
345	3.4747e-003
346	1.3017e-002
347	1.8257e-002
348	1.3857e-002
349	7.6327e-003
350	4.4843e-003
351	4.0352e-003
352	3.3896e-003
353	2.7176e-003
354	2.4347e-003
355	1.7969e-003
356	1.6056e-003
357	1.9114e-003
358	2.6843e-003
359	1.258e-004
360	3.3478e-003
361	6.6404e-004
362	4.2966e-004
363	3.7193e-004
364	1.2871e-004
365	1.0054e-004
366	1.7995e-003
367	9.0996e-003
368	4.0982e-003
369	2.8528e-003
370	2.2349e-003
371	2.1836e-003
372	1.3643e-003
373	7.7519e-004
374	8.0826e-004
375	1.2818e-003
376	1.4085e-003
377	1.3866e-003
378	1.2571e-003
379	5.435e-004
380	1.1202e-003
381	1.3013e-003
382	8.9376e-004
383	1.3518e-002
384	1.3518e-002
385	1.3518e-002
386	8.1841e-003
387	3.2432e-003
388	8.6978e-004
389	2.4434e-003
390	1.812e-004
391	1.4979e-002
392	7.2825e-004
393	4.9907e-004
394	3.7487e-004
395	2.5846e-004
396	1.6433e-004
397	1.2076e-004
398	8.0583e-004
399	6.1956e-004
400	4.6637e-004
401	2.8358e-004
402	2.0247e-004
403	1.1651e-004
404	3.5659e-002
405	0.16408
406	6.6037e-003
407	8.0548e-004
408	4.3502e-004
409	7.0026e-004
410	2.0679e-004
411	3.8125e-003
412	9.5286e-003
413	6.1698e-004
414	1.6606e-003
415	4.0049e-003
416	3.2722e-004
417	7.1787e-003
418	5.5505e-004
419	2.9991e-004
420	8.6903e-003
421	7.679e-003
422	1.5617e-004
423	4.6069e-004
424	8.7732e-004
425	1.8353e-003
426	1.2728e-003
427	1.9895e-003
428	1.502e-003
429	2.5662e-004
430	2.2967e-003
431	6.4279e-004
432	1.3855e-003
433	4.4126e-004
434	4.9461e-003
435	2.8856e-003
436	1.788e-003
437	3.3433e-004
438	1.7196e-003
439	4.7023e-003
440	1.9295e-003
441	1.79e-002
442	2.149e-002
443	5.003e-003
444	1.3668e-003
445	3.9334e-003
