Node Number	Equivalent (von-Mises) Stress (MPa)
1	2.6044
2	1.6343
3	3.1364
4	4.3845
5	6.6184
6	8.3852
7	9.8258
8	29.304
9	38.529
10	35.883
11	115.73
12	119.6
13	211.02
14	177.14
15	38.8
16	10.695
17	6.1629
18	7.4701
19	3.9587
20	2.3155
21	2.1002
22	5.1557
23	3.4184
24	13.775
25	19.833
26	125.93
27	151.42
28	197.49
29	123.08
30	147.48
31	40.342
32	22.079
33	8.1463
34	10.76
35	6.4461
36	1.447
37	3.918
38	4.1526
39	2.5905
40	1.8569
41	3.4057
42	3.8547
43	3.3118
44	0.7898
45	4.3827
46	12.194
47	13.208
48	49.601
49	43.719
50	133.79
51	113.96
52	63.033
53	120.7
54	30.884
55	31.769
56	18.399
57	11.563
58	6.7507
59	4.7277
60	1.4626
61	1.5193
62	4.6789
63	3.6613
64	2.1317
65	2.0811
66	2.7379
67	5.3932
68	2.0344
69	2.7571
70	3.5016
71	6.4804
72	2.7033
73	5.3939
74	0.78793
75	5.3276
76	17.936
77	38.244
78	43.312
79	87.62
80	33.673
81	31.826
82	24.701
83	15.108
84	6.3096
85	2.4207
86	1.9389
87	2.6136
88	2.7802
89	0.98443
90	4.6827
91	37.09
92	8.8179
93	56.618
94	6.5418
95	23.147
96	6.286
97	3.6974
98	18.383
99	2.5254
100	24.831
101	53.642
102	11.461
103	1.7473
104	16.881
105	11.506
106	106.36
107	33.044
108	67.592
109	11.721
110	14.031
111	55.779
112	4.6352
113	12.436
114	33.338
115	57.239
116	2.6076
117	4.0692
118	84.021
119	30.393
120	2.3958
121	3.9068
122	26.379
123	6.5801
124	10.791
125	84.952
126	17.677
127	100.48
128	60.762
129	62.798
130	1.6413
131	2.937
132	20.72
133	80.762
134	16.647
135	13.085
136	17.538
137	16.084
138	15.308
139	53.952
140	28.317
141	52.561
142	24.032
143	10.94
144	52.636
145	31.796
146	15.813
147	15.927
148	13.694
149	16.96
150	13.761
151	15.453
152	13.933
153	16.224
154	81.007
155	100.36
156	105.32
157	163.45
158	56.814
159	47.432
160	79.407
161	142.02
162	128.72
163	117.6
164	108.63
165	193.78
166	56.645
167	35.372
168	191.24
169	251.02
170	1.959
171	1.6455
172	5.6132
173	16.709
174	27.927
175	19.412
176	76.818
177	0.85121
178	1.4122
179	0.25678
180	0.3371
181	0.35157
182	0.65578
183	1.5608
184	3.4244
185	7.157
186	7.3599
187	10.389
188	13.009
189	17.691
190	25.046
191	47.811
192	30.525
193	13.151
194	6.0922
195	12.724
196	7.7099
197	1.9399
198	0.3081
199	14.356
200	11.807
201	7.4696
202	4.5918
203	2.6641
204	0.98435
205	0.42087
206	0.28725
207	0.21762
208	2.8847
209	4.7789
210	6.1265
211	15.022
212	18.727
213	14.745
214	72.315
215	1.5477
216	2.5612
217	1.8631
218	2.8535
219	2.6004
220	2.6194
221	0.35066
222	15.419
223	7.5415
224	5.56
225	2.2427
226	1.3598
227	0.51095
228	0.39371
229	0.4441
230	0.33805
231	0.46992
232	3.2975
233	10.321
234	0.22908
235	0.12881
236	0.17328
237	0.16812
238	0.11743
239	0.15508
240	0.34946
241	0.20218
242	0.15947
243	0.15431
244	0.20916
245	0.26204
246	39.946
247	11.668
248	9.7192e-002
249	3.0908
250	0.12727
251	0.61086
252	3.2139
253	0.71089
254	0.3381
255	1.7044
256	9.2633
257	0.2655
258	0.63905
259	5.2093
260	0.11251
261	3.0801
262	0.12737
263	1.7598
264	8.5537e-002
265	9.9372
266	9.9648
267	0.23381
268	17.117
269	8.7715
270	26.035
271	7.7111
272	44.972
273	1.6173
274	8.9847
275	66.785
276	29.227
277	3.2896
278	4.9719
279	4.4181
280	6.3473
281	0.19486
282	3.2113
283	2.7165
284	12.79
285	3.9877
286	34.354
287	2.5454
288	26.252
289	10.891
290	78.363
291	25.858
292	13.212
293	0.17926
294	4.1213e-002
295	0.35959
296	4.4613e-002
297	0.13888
298	1.1262e-002
299	6.8504e-003
300	2.0342e-002
301	4.1287e-002
302	5.0329e-002
303	2.2359e-002
304	2.1558e-002
305	3.6252e-002
306	1.8319e-002
307	9.9737e-003
308	6.7215e-003
309	2.7515e-002
310	0.49753
311	1.2057e-002
312	9.1519e-003
313	8.1977e-003
314	8.5001e-003
315	4.9154e-003
316	9.4608e-003
317	6.6177e-002
318	5.5354e-003
319	7.4593e-003
320	3.7661e-002
321	6.6595e-002
322	2.5804e-002
323	1.7075e-002
324	4.7841e-003
325	5.3054e-003
326	5.5325e-003
327	5.3839e-003
328	1.2348e-003
329	1.8299e-003
330	2.5609e-003
331	1.8918e-003
332	1.6907e-003
333	2.2421e-003
334	2.2383e-003
335	2.6219e-003
336	3.0347e-003
337	3.7091e-003
338	2.085e-003
339	1.9138e-003
340	9.9087e-005
341	9.7303e-005
342	2.6674e-004
343	5.8476e-004
344	8.1073e-004
345	3.4747e-003
346	1.3017e-002
347	1.8257e-002
348	1.3857e-002
349	7.6327e-003
350	4.4843e-003
351	4.0352e-003
352	3.3896e-003
353	2.7176e-003
354	2.4347e-003
355	1.7969e-003
356	1.6056e-003
357	1.9114e-003
358	2.6843e-003
359	1.258e-004
360	3.3478e-003
361	6.6404e-004
362	4.2966e-004
363	3.7193e-004
364	1.2871e-004
365	1.0054e-004
366	1.7995e-003
367	9.0996e-003
368	4.0982e-003
369	2.8528e-003
370	2.2349e-003
371	2.1836e-003
372	1.3643e-003
373	7.7519e-004
374	8.0826e-004
375	1.2818e-003
376	1.4085e-003
377	1.3866e-003
378	1.2571e-003
379	5.435e-004
380	1.1202e-003
381	1.3013e-003
382	8.9376e-004
383	1.3518e-002
384	1.3518e-002
385	1.3518e-002
386	8.1841e-003
387	3.2432e-003
388	8.6978e-004
389	2.4434e-003
390	1.812e-004
391	1.4979e-002
392	7.2825e-004
393	4.9907e-004
394	3.7487e-004
395	2.5846e-004
396	1.6433e-004
397	1.2076e-004
398	8.0583e-004
399	6.1956e-004
400	4.6637e-004
401	2.8358e-004
402	2.0247e-004
403	1.1651e-004
404	3.5659e-002
405	0.16408
406	6.6037e-003
407	8.0548e-004
408	4.3502e-004
409	7.0026e-004
410	2.0679e-004
411	3.8125e-003
412	9.5286e-003
413	6.1698e-004
414	1.6606e-003
415	4.0049e-003
416	3.2722e-004
417	7.1787e-003
418	5.5505e-004
419	2.9991e-004
420	8.6903e-003
421	7.679e-003
422	1.5617e-004
423	4.6069e-004
424	8.7732e-004
425	1.8353e-003
426	1.2728e-003
427	1.9895e-003
428	1.502e-003
429	2.5662e-004
430	2.2967e-003
431	6.4279e-004
432	1.3855e-003
433	4.4126e-004
434	4.9461e-003
435	2.8856e-003
436	1.788e-003
437	3.3433e-004
438	1.7196e-003
439	4.7023e-003
440	1.9295e-003
441	1.79e-002
442	2.149e-002
443	5.003e-003
444	1.3668e-003
445	3.9334e-003
