Node Number	Equivalent (von-Mises) Stress (MPa)
1	3.0208
2	2.0138
3	3.6054
4	4.7668
5	7.0844
6	8.7575
7	10.406
8	31.296
9	40.68
10	36.986
11	123.46
12	125.04
13	219.41
14	187.87
15	43.138
16	10.679
17	6.4448
18	7.6763
19	4.2529
20	2.6045
21	2.2799
22	5.4885
23	3.7056
24	14.206
25	22.533
26	132.94
27	160.38
28	211.49
29	131.35
30	157.24
31	43.03
32	23.84
33	9.0618
34	11.679
35	6.9529
36	1.542
37	4.6249
38	4.517
39	2.7347
40	2.001
41	3.592
42	4.0859
43	3.6678
44	0.73017
45	4.6849
46	12.352
47	13.706
48	51.204
49	45.8
50	141.18
51	121.84
52	68.846
53	125.27
54	31.468
55	32.537
56	18.367
57	11.654
58	6.8093
59	4.774
60	1.4341
61	1.5197
62	4.8722
63	3.7515
64	2.0744
65	2.2615
66	2.9921
67	5.9169
68	2.143
69	2.8122
70	3.7418
71	6.9067
72	2.7905
73	5.6773
74	0.72146
75	5.3989
76	19.039
77	39.953
78	45.799
79	93.066
80	33.759
81	32.199
82	24.743
83	15.064
84	6.2243
85	2.3277
86	1.9309
87	2.662
88	3.0586
89	1.0999
90	4.7234
91	38.437
92	10.05
93	59.873
94	6.9808
95	23.396
96	6.4626
97	4.0161
98	19.473
99	2.4577
100	25.907
101	56.836
102	12.076
103	1.7654
104	18.5
105	11.841
106	110.64
107	34.86
108	70.928
109	12.205
110	15.201
111	59.208
112	4.6261
113	12.706
114	34.888
115	63.19
116	2.7728
117	4.2149
118	90.098
119	32.393
120	2.4142
121	3.952
122	27.329
123	6.5282
124	10.803
125	90.752
126	18.425
127	104.08
128	64.57
129	66.474
130	1.7431
131	2.9528
132	21.024
133	85.407
134	18.555
135	13.793
136	18.687
137	17.219
138	16.347
139	54.398
140	29.283
141	53.43
142	24.479
143	11.721
144	55.622
145	33.379
146	17.091
147	17.267
148	14.696
149	17.748
150	14.407
151	16.318
152	14.4
153	17.03
154	83.55
155	100.91
156	106.83
157	169.3
158	60.093
159	47.417
160	80.482
161	145.13
162	129.9
163	120.08
164	111.67
165	198.18
166	58.394
167	38.351
168	197.69
169	253.54
170	2.0408
171	1.7206
172	5.8205
173	17.401
174	28.875
175	20.269
176	77.588
177	0.92297
178	1.4295
179	0.22337
180	0.29688
181	0.32216
182	0.63331
183	1.6608
184	3.5804
185	7.5348
186	7.8518
187	11.097
188	13.9
189	18.682
190	26.269
191	49.165
192	31.408
193	13.706
194	6.2913
195	13.185
196	7.9668
197	2.0089
198	0.29119
199	15.423
200	12.645
201	7.9672
202	4.8534
203	2.8757
204	1.0433
205	0.40396
206	0.25335
207	0.18223
208	3.0001
209	4.9426
210	6.3252
211	15.796
212	19.557
213	15.251
214	74.263
215	1.5975
216	2.6435
217	1.9589
218	2.9814
219	2.6648
220	2.6953
221	0.35018
222	16.377
223	7.9714
224	5.8564
225	2.3356
226	1.4555
227	0.55608
228	0.39765
229	0.45212
230	0.34354
231	0.47129
232	3.4061
233	10.778
234	0.23614
235	0.1454
236	0.17569
237	0.17633
238	0.14065
239	0.13817
240	0.35617
241	0.20766
242	0.1639
243	0.15451
244	0.21756
245	0.24596
246	41.436
247	12.109
248	9.7666e-002
249	3.259
250	9.0997e-002
251	0.59696
252	3.243
253	0.7076
254	0.39679
255	1.8066
256	9.7505
257	0.32328
258	0.63874
259	5.6019
260	0.13712
261	3.3812
262	0.13904
263	1.851
264	6.2914e-002
265	10.588
266	10.517
267	0.25218
268	18.171
269	8.7836
270	26.897
271	8.1348
272	45.371
273	1.8731
274	9.4858
275	68.173
276	30.281
277	3.4883
278	5.2069
279	4.6614
280	6.5023
281	0.17751
282	3.399
283	2.815
284	13.305
285	4.1067
286	35.423
287	2.6191
288	27.635
289	11.156
290	81.069
291	27.019
292	14.036
293	0.16155
294	4.1213e-002
295	0.35959
296	4.4613e-002
297	0.13888
298	1.1262e-002
299	6.8504e-003
300	2.0342e-002
301	4.1287e-002
302	5.0329e-002
303	2.2359e-002
304	2.1558e-002
305	3.6252e-002
306	1.8319e-002
307	9.9737e-003
308	6.7215e-003
309	2.7515e-002
310	0.49753
311	1.2057e-002
312	9.1519e-003
313	8.1977e-003
314	8.5001e-003
315	4.9154e-003
316	9.4608e-003
317	6.6177e-002
318	5.5354e-003
319	7.4593e-003
320	3.7661e-002
321	6.6595e-002
322	2.5804e-002
323	1.7075e-002
324	4.7841e-003
325	5.3054e-003
326	5.5325e-003
327	5.3839e-003
328	1.2348e-003
329	1.8299e-003
330	2.5609e-003
331	1.8918e-003
332	1.6907e-003
333	2.2421e-003
334	2.2383e-003
335	2.6219e-003
336	3.0347e-003
337	3.7091e-003
338	2.085e-003
339	1.9138e-003
340	9.9087e-005
341	9.7303e-005
342	2.6674e-004
343	5.8476e-004
344	8.1073e-004
345	3.4747e-003
346	1.3017e-002
347	1.8257e-002
348	1.3857e-002
349	7.6327e-003
350	4.4843e-003
351	4.0352e-003
352	3.3896e-003
353	2.7176e-003
354	2.4347e-003
355	1.7969e-003
356	1.6056e-003
357	1.9114e-003
358	2.6843e-003
359	1.258e-004
360	3.3478e-003
361	6.6404e-004
362	4.2966e-004
363	3.7193e-004
364	1.2871e-004
365	1.0054e-004
366	1.7995e-003
367	9.0996e-003
368	4.0982e-003
369	2.8528e-003
370	2.2349e-003
371	2.1836e-003
372	1.3643e-003
373	7.7519e-004
374	8.0826e-004
375	1.2818e-003
376	1.4085e-003
377	1.3866e-003
378	1.2571e-003
379	5.435e-004
380	1.1202e-003
381	1.3013e-003
382	8.9376e-004
383	1.3518e-002
384	1.3518e-002
385	1.3518e-002
386	8.1841e-003
387	3.2432e-003
388	8.6978e-004
389	2.4434e-003
390	1.812e-004
391	1.4979e-002
392	7.2825e-004
393	4.9907e-004
394	3.7487e-004
395	2.5846e-004
396	1.6433e-004
397	1.2076e-004
398	8.0583e-004
399	6.1956e-004
400	4.6637e-004
401	2.8358e-004
402	2.0247e-004
403	1.1651e-004
404	3.5659e-002
405	0.16408
406	6.6037e-003
407	8.0548e-004
408	4.3502e-004
409	7.0026e-004
410	2.0679e-004
411	3.8125e-003
412	9.5286e-003
413	6.1698e-004
414	1.6606e-003
415	4.0049e-003
416	3.2722e-004
417	7.1787e-003
418	5.5505e-004
419	2.9991e-004
420	8.6903e-003
421	7.679e-003
422	1.5617e-004
423	4.6069e-004
424	8.7732e-004
425	1.8353e-003
426	1.2728e-003
427	1.9895e-003
428	1.502e-003
429	2.5662e-004
430	2.2967e-003
431	6.4279e-004
432	1.3855e-003
433	4.4126e-004
434	4.9461e-003
435	2.8856e-003
436	1.788e-003
437	3.3433e-004
438	1.7196e-003
439	4.7023e-003
440	1.9295e-003
441	1.79e-002
442	2.149e-002
443	5.003e-003
444	1.3668e-003
445	3.9334e-003
