Node Number	Directional Deformation (mm)
1	7.4023e-015
2	7.6287e-015
3	-5.3521e-014
4	-4.5761e-014
5	-3.8259e-014
6	-3.0897e-014
7	-2.3742e-014
8	-1.766e-014
9	-1.1216e-014
10	-4.7178e-015
11	5.2196e-016
12	8.0395e-015
13	1.4781e-014
14	1.6657e-014
15	9.2724e-015
16	8.2174e-015
17	4.9182e-015
18	2.6976e-015
19	3.7956e-015
20	-5.3514e-014
21	5.6447e-015
22	4.7089e-015
23	6.3988e-015
24	8.3463e-015
25	9.7662e-015
26	1.77e-014
27	1.7124e-014
28	8.0268e-015
29	4.7773e-016
30	-4.956e-015
31	-1.1206e-014
32	-1.7662e-014
33	-2.3749e-014
34	-3.093e-014
35	-3.8288e-014
36	-4.5741e-014
37	4.6564e-015
38	2.2452e-014
39	2.7204e-014
40	2.9622e-014
41	3.0436e-014
42	3.1648e-014
43	2.7582e-014
44	-3.7378e-014
45	5.6376e-015
46	8.8512e-015
47	2.0683e-014
48	2.7244e-014
49	1.7341e-014
50	1.3072e-014
51	1.1232e-014
52	1.3775e-014
53	1.4938e-014
54	1.1054e-014
55	4.9648e-015
56	-9.6273e-016
57	-7.43e-015
58	-1.3831e-014
59	-2.1452e-014
60	-2.9295e-014
61	-3.8986e-014
62	-4.0678e-014
63	-4.2594e-014
64	-4.4811e-014
65	-4.7528e-014
66	-5.0457e-014
67	6.6254e-015
68	2.6122e-014
69	3.1852e-014
70	3.0677e-014
71	2.9637e-014
72	2.7017e-014
73	2.0694e-014
74	-3.7377e-014
75	6.4569e-015
76	1.9102e-014
77	2.4736e-014
78	1.8443e-014
79	1.2649e-014
80	1.7431e-014
81	1.1665e-014
82	3.0213e-015
83	-5.9419e-015
84	-1.5032e-014
85	-2.5945e-014
86	-3.9622e-014
87	-4.2147e-014
88	-4.5332e-014
89	-4.9242e-014
90	-2.0343e-014
91	3.0273e-014
92	2.6053e-014
93	3.6526e-015
94	2.1245e-014
95	2.7736e-014
96	-4.6255e-015
97	2.7033e-014
98	1.4672e-014
99	-2.5747e-014
100	1.9651e-014
101	1.9147e-014
102	-6.6972e-015
103	-3.5629e-014
104	2.9518e-014
105	-5.0963e-015
106	1.5967e-014
107	2.7589e-014
108	2.4765e-014
109	-1.6467e-014
110	1.6808e-014
111	1.8305e-014
112	-1.9744e-014
113	2.5549e-014
114	-3.9012e-017
115	2.9173e-014
116	1.8702e-014
117	-3.1942e-014
118	2.3669e-014
119	2.6958e-014
120	2.3079e-014
121	-2.5968e-014
122	8.3951e-015
123	-8.4359e-015
124	2.911e-014
125	1.153e-014
126	-2.3417e-016
127	4.9171e-015
128	2.2972e-014
129	2.9117e-014
130	2.723e-014
131	-3.3999e-014
132	3.4491e-015
133	2.4734e-014
134	2.2871e-014
135	-1.6287e-014
136	0.
137	0.
138	0.
139	0.
140	-1.2311e-026
141	-3.3959e-027
142	3.8365e-027
143	2.3584e-026
144	1.8238e-026
145	-1.0513e-028
146	0.
147	0.
148	6.2902e-027
149	1.4105e-026
150	2.0272e-026
151	1.9879e-026
152	1.4163e-026
153	8.7148e-027
154	0.
155	0.
156	-8.1072e-026
157	-7.6126e-026
158	-1.3886e-026
159	5.8767e-026
160	4.6386e-026
161	-1.1503e-026
162	0.
163	0.
164	0.
165	0.
166	0.
167	0.
168	0.
169	0.
170	0.
171	0.
172	-4.6516e-028
173	-8.3526e-028
174	-9.5995e-028
175	-8.8637e-028
176	-6.2763e-028
177	-2.6258e-028
178	0.
179	0.
180	0.
181	0.
182	0.
183	0.
184	0.
185	0.
186	0.
187	0.
188	-2.5539e-028
189	-6.1955e-028
190	-8.5734e-028
191	-9.9492e-028
192	-8.5685e-028
193	-4.1204e-028
194	0.
195	0.
196	0.
197	0.
198	0.
199	0.
200	0.
201	0.
202	0.
203	0.
204	0.
205	0.
206	0.
207	0.
208	0.
209	0.
210	0.
211	0.
212	0.
213	0.
214	0.
215	0.
216	0.
217	0.
218	0.
219	0.
220	0.
221	0.
222	0.
223	0.
224	0.
225	0.
226	0.
227	0.
228	0.
229	0.
230	0.
231	0.
232	0.
233	0.
234	-1.0267e-025
235	-5.6487e-026
236	-3.4244e-026
237	-4.0031e-026
238	-5.052e-026
239	-8.9262e-026
240	-2.3516e-025
241	-1.3235e-025
242	2.3874e-026
243	2.5026e-026
244	-3.0298e-026
245	-8.8205e-026
246	0.
247	-9.7509e-026
248	1.5239e-025
249	1.3317e-025
250	-7.7002e-026
251	-5.9234e-026
252	4.6897e-026
253	-9.6692e-026
254	4.2008e-026
255	-3.7399e-026
256	-1.4618e-025
257	-1.1019e-026
258	-1.3729e-025
259	6.6659e-028
260	-6.7439e-028
261	-5.8403e-028
262	2.5976e-026
263	4.3064e-027
264	8.5301e-028
265	3.4238e-027
266	1.1261e-026
267	3.9176e-028
268	3.0197e-027
269	5.7886e-027
270	-7.0877e-028
271	6.8531e-027
272	-6.9764e-028
273	1.313e-027
274	7.4589e-027
275	-3.9783e-026
276	0.
277	0.
278	5.0486e-027
279	-3.6767e-026
280	-2.8538e-027
281	1.5529e-026
282	-1.1056e-025
283	-4.7866e-026
284	5.1591e-026
285	-3.9056
286	-3.9056
287	-3.9056
288	-3.9056
289	-3.9056
290	-3.9056
291	-3.9056
292	-3.9056
293	-3.9056
294	-3.9056
295	-3.9056
296	-3.9056
297	-3.9056
298	-3.9056
299	-3.9056
300	-3.9056
301	-3.9056
302	-3.9056
303	-3.9056
304	-3.9056
305	-3.9056
306	-3.9056
307	-3.9056
308	-3.9056
309	-3.9056
310	-3.9056
311	-3.9056
312	-3.9056
313	-3.9056
314	-3.9056
315	-3.9056
316	-3.9056
317	-3.9056
318	-3.9056
319	-3.9056
320	-3.9056
321	-3.9056
322	-3.9056
323	-3.9056
324	-3.9056
325	-3.9056
326	-3.9056
327	-3.9056
328	-3.9056
329	-3.9056
330	-3.9056
331	-3.9056
332	-3.9056
333	-3.9056
334	-3.9056
335	-3.9056
336	-3.9056
337	-3.9056
338	-3.9056
339	-3.9056
340	-3.9056
341	-3.9056
342	-3.9056
343	-3.9056
344	-3.9056
345	-3.9056
346	-3.9056
347	-3.9056
348	-3.9056
349	-3.9056
350	-3.9056
351	-3.9056
352	-3.9056
353	-3.9056
354	-3.9056
355	-3.9056
356	-3.9056
357	-3.9056
358	-3.9056
359	-3.9056
360	-3.9056
361	-3.9056
362	-3.9056
363	-3.9056
364	-3.9056
365	-3.9056
366	-3.9056
367	-3.9056
368	-3.9056
369	-3.9056
370	-3.9056
371	-3.9056
372	-3.9056
373	-3.9056
374	-3.9056
375	-3.9056
376	-3.9056
377	-3.9056
378	-3.9056
379	-3.9056
380	-3.9056
381	-3.9056
382	-3.9056
383	-3.9056
384	-3.9056
385	-3.9056
386	-3.9056
387	-3.9056
388	-3.9056
389	-3.9056
390	-3.9056
391	-3.9056
392	-3.9056
393	-3.9056
394	-3.9056
395	-3.9056
396	-3.9056
397	-3.9056
398	-3.9056
399	-3.9056
400	-3.9056
401	-3.9056
402	-3.9056
403	-3.9056
404	-3.9056
405	-3.9056
406	-3.9056
407	-3.9056
408	-3.9056
409	-3.9056
410	-3.9056
411	-3.9056
412	-3.9056
413	-3.9056
414	-3.9056
415	-3.9056
416	-3.9056
417	-3.9056
418	-3.9056
419	-3.9056
420	-3.9056
421	-3.9056
422	-3.9056
423	-3.9056
424	-3.9056
425	-3.9056
426	-3.9056
427	-3.9056
428	-3.9056
429	-3.9056
430	-3.9056
431	-3.9056
432	-3.9056
433	-3.9056
434	-3.9056
435	-3.9056
436	-3.9056
437	-3.9056
438	-3.9056
439	-3.9056
440	-3.9056
441	-3.9056
442	-3.9056
443	-3.9056
444	-3.9056
445	-3.9056
446	-3.9056
