Node Number	Directional Deformation (mm)
1	-2.5998e-003
2	-2.7369e-003
3	-13.655
4	-14.984
5	-16.123
6	-17.127
7	-17.524
8	-16.674
9	-15.029
10	-10.198
11	-1.91
12	0.94821
13	-0.45894
14	-0.13609
15	4.785e-002
16	-2.5873e-002
17	-8.9831e-003
18	9.8114e-003
19	9.2838e-003
20	-13.718
21	1.1285e-002
22	6.8908e-003
23	-1.3975e-002
24	-1.219e-002
25	2.0943e-002
26	-7.2204e-002
27	1.0633e-002
28	0.27262
29	-3.2354
30	-11.136
31	-15.251
32	-16.829
33	-17.605
34	-17.221
35	-16.169
36	-15.018
37	4.4698e-003
38	3.1652e-003
39	3.5135e-005
40	1.9231e-003
41	6.3897e-003
42	6.8021e-003
43	7.7868e-003
44	-13.88
45	1.8624e-003
46	-1.1552e-002
47	-1.9684e-002
48	5.3995e-002
49	4.4648e-002
50	4.6041e-002
51	-0.15613
52	0.40282
53	-0.2665
54	-11.736
55	-16.24
56	-17.734
57	-17.791
58	-17.059
59	-16.211
60	-15.112
61	-13.996
62	-14.071
63	-14.076
64	-14.093
65	-14.02
66	-13.885
67	4.7322e-003
68	1.1214e-002
69	3.2505e-003
70	7.5166e-003
71	1.5232e-003
72	-1.3581e-003
73	-2.8466e-004
74	-13.93
75	-8.9857e-003
76	-1.3534e-002
77	0.13499
78	-0.26912
79	-0.1525
80	4.9017e-002
81	-12.035
82	-17.408
83	-18.132
84	-17.01
85	-15.634
86	-14.067
87	-14.118
88	-14.134
89	-13.979
90	-17.937
91	-0.60832
92	0.15576
93	-10.411
94	1.075e-003
95	0.48106
96	-17.663
97	-4.0341e-002
98	-10.309
99	-16.375
100	-0.1666
101	0.16317
102	-16.675
103	-16.146
104	6.5189e-002
105	-17.388
106	-0.25608
107	0.18219
108	-0.4297
109	-17.845
110	5.8919e-002
111	-4.3925
112	-17.095
113	-1.528e-002
114	-14.439
115	-0.46203
116	-7.5035e-003
117	-16.467
118	1.9464
119	-1.5414e-002
120	-1.5627e-002
121	-16.013
122	-13.698
123	-17.584
124	8.7722e-003
125	-8.0656
126	-15.74
127	-4.0158
128	0.43558
129	-1.3909e-002
130	-1.7667e-003
131	-15.399
132	-16.559
133	-2.8887e-002
134	9.0664e-002
135	-17.744
136	0.
137	0.
138	0.
139	0.
140	8.4366e-013
141	2.6018e-012
142	3.2297e-012
143	3.693e-012
144	1.3173e-012
145	4.4149e-013
146	0.
147	0.
148	1.0835e-012
149	2.4568e-012
150	3.7369e-012
151	3.971e-012
152	2.7576e-012
153	1.517e-012
154	0.
155	0.
156	-1.9415e-013
157	2.1265e-012
158	-1.3387e-012
159	3.1652e-012
160	-9.4811e-013
161	-2.4626e-013
162	0.
163	0.
164	0.
165	0.
166	0.
167	0.
168	0.
169	0.
170	0.
171	0.
172	-8.5786e-014
173	-1.5535e-013
174	-1.8341e-013
175	-1.775e-013
176	-1.3169e-013
177	-6.1716e-014
178	0.
179	0.
180	0.
181	0.
182	0.
183	0.
184	0.
185	0.
186	0.
187	0.
188	-5.8651e-014
189	-1.2862e-013
190	-1.722e-013
191	-1.9264e-013
192	-1.5807e-013
193	-7.2786e-014
194	0.
195	0.
196	0.
197	0.
198	0.
199	0.
200	0.
201	0.
202	0.
203	0.
204	0.
205	0.
206	0.
207	0.
208	0.
209	0.
210	0.
211	0.
212	0.
213	0.
214	0.
215	0.
216	0.
217	0.
218	0.
219	0.
220	0.
221	0.
222	0.
223	0.
224	0.
225	0.
226	0.
227	0.
228	0.
229	0.
230	0.
231	0.
232	0.
233	0.
234	-1.058e-013
235	-9.9557e-014
236	-6.9264e-014
237	-6.9142e-014
238	-8.0935e-014
239	-3.7466e-014
240	-2.4293e-012
241	6.4409e-012
242	1.8994e-011
243	1.1851e-011
244	-2.1013e-012
245	-6.5778e-013
246	0.
247	2.3735e-012
248	-2.8731e-012
249	4.4209e-013
250	4.5444e-014
251	-3.3195e-012
252	1.0622e-013
253	-2.6956e-012
254	9.5636e-012
255	2.7226e-014
256	-8.0807e-013
257	-1.0378e-013
258	1.1844e-012
259	1.4201e-013
260	-1.6015e-013
261	-1.0151e-013
262	4.9024e-012
263	8.396e-013
264	1.6093e-013
265	6.4911e-013
266	2.0014e-012
267	3.3291e-015
268	4.1539e-013
269	1.2182e-012
270	-1.2988e-013
271	1.0974e-012
272	-1.5538e-013
273	2.6475e-013
274	8.7025e-014
275	2.4102e-012
276	0.
277	0.
278	7.5502e-013
279	-2.6857e-014
280	6.0795e-012
281	1.8753e-013
282	1.2923e-012
283	2.0605e-013
284	-1.1216e-012
285	-9.7744
286	-9.7744
287	-9.7744
288	-9.7744
289	-9.7744
290	-9.7744
291	-9.7744
292	-9.7744
293	-9.7744
294	-9.7744
295	-9.7744
296	-9.7744
297	-9.7744
298	-9.7744
299	-9.7744
300	-9.7744
301	-9.7744
302	-9.7744
303	-9.7744
304	-9.7744
305	-9.7744
306	-9.7744
307	-9.7744
308	-9.7744
309	-9.7744
310	-9.7744
311	-9.7744
312	-9.7744
313	-9.7744
314	-9.7744
315	-9.7744
316	-9.7744
317	-9.7744
318	-9.7744
319	-9.7744
320	-9.7744
321	-9.7744
322	-9.7744
323	-9.7744
324	-9.7744
325	-9.7744
326	-9.7744
327	-9.7744
328	-9.7744
329	-9.7744
330	-9.7744
331	-9.7744
332	-9.7744
333	-9.7744
334	-9.7744
335	-9.7744
336	-9.7744
337	-9.7744
338	-9.7744
339	-9.7744
340	-9.7744
341	-9.7744
342	-9.7744
343	-9.7744
344	-9.7744
345	-9.7744
346	-9.7744
347	-9.7744
348	-9.7744
349	-9.7744
350	-9.7744
351	-9.7744
352	-9.7744
353	-9.7744
354	-9.7744
355	-9.7744
356	-9.7744
357	-9.7744
358	-9.7744
359	-9.7744
360	-9.7744
361	-9.7744
362	-9.7744
363	-9.7744
364	-9.7744
365	-9.7744
366	-9.7744
367	-9.7744
368	-9.7744
369	-9.7744
370	-9.7744
371	-9.7744
372	-9.7744
373	-9.7744
374	-9.7744
375	-9.7744
376	-9.7744
377	-9.7744
378	-9.7744
379	-9.7744
380	-9.7744
381	-9.7744
382	-9.7744
383	-9.7744
384	-9.7744
385	-9.7744
386	-9.7744
387	-9.7744
388	-9.7744
389	-9.7744
390	-9.7744
391	-9.7744
392	-9.7744
393	-9.7744
394	-9.7744
395	-9.7744
396	-9.7744
397	-9.7744
398	-9.7744
399	-9.7744
400	-9.7744
401	-9.7744
402	-9.7744
403	-9.7744
404	-9.7744
405	-9.7744
406	-9.7744
407	-9.7744
408	-9.7744
409	-9.7744
410	-9.7744
411	-9.7744
412	-9.7744
413	-9.7744
414	-9.7744
415	-9.7744
416	-9.7744
417	-9.7744
418	-9.7744
419	-9.7744
420	-9.7744
421	-9.7744
422	-9.7744
423	-9.7744
424	-9.7744
425	-9.7744
426	-9.7744
427	-9.7744
428	-9.7744
429	-9.7744
430	-9.7744
431	-9.7744
432	-9.7744
433	-9.7744
434	-9.7744
435	-9.7744
436	-9.7744
437	-9.7744
438	-9.7744
439	-9.7744
440	-9.7744
441	-9.7744
442	-9.7744
443	-9.7744
444	-9.7744
445	-9.7744
446	-9.7744
