Node Number	Directional Deformation (mm)
1	-3.8075e-015
2	-3.6562e-015
3	2.9571e-014
4	3.3246e-014
5	3.6579e-014
6	3.9723e-014
7	4.2555e-014
8	4.3686e-014
9	4.5245e-014
10	4.6086e-014
11	4.5444e-014
12	4.5495e-014
13	4.4851e-014
14	4.0036e-014
15	3.5075e-014
16	2.9106e-014
17	1.7658e-014
18	4.1484e-015
19	-2.4679e-015
20	2.9579e-014
21	-1.4372e-015
22	5.6458e-015
23	1.7818e-014
24	2.7798e-014
25	3.5057e-014
26	4.023e-014
27	4.4847e-014
28	4.5295e-014
29	4.5304e-014
30	4.5863e-014
31	4.523e-014
32	4.3723e-014
33	4.2563e-014
34	3.9679e-014
35	3.6542e-014
36	3.3272e-014
37	3.7637e-015
38	2.5365e-014
39	3.8835e-014
40	4.8156e-014
41	4.4902e-014
42	3.2891e-014
43	1.3342e-014
44	-1.3298e-014
45	2.4884e-015
46	-1.4627e-015
47	-7.3577e-016
48	2.276e-015
49	3.9271e-015
50	3.992e-015
51	3.203e-015
52	4.351e-015
53	5.8095e-015
54	5.5512e-015
55	3.6422e-015
56	2.1808e-015
57	7.9454e-017
58	-1.9025e-015
59	-5.4145e-015
60	-9.198e-015
61	-6.2587e-015
62	6.6656e-016
63	7.3008e-015
64	1.3539e-014
65	1.913e-014
66	2.4443e-014
67	5.1416e-015
68	1.3891e-014
69	3.252e-014
70	4.3457e-014
71	4.7486e-014
72	3.8605e-014
73	2.4294e-014
74	-1.3298e-014
75	1.8067e-015
76	-5.3225e-016
77	4.3556e-015
78	6.0461e-015
79	3.942e-015
80	7.5484e-015
81	5.7911e-015
82	3.2092e-015
83	4.3062e-016
84	-2.404e-015
85	-7.5146e-015
86	-3.4351e-015
87	6.0545e-015
88	1.4688e-014
89	2.2378e-014
90	3.1226e-014
91	4.3984e-014
92	4.1152e-014
93	4.166e-014
94	3.9354e-014
95	3.9147e-014
96	1.9485e-014
97	3.0584e-014
98	3.1202e-014
99	1.2608e-014
100	3.8795e-014
101	4.3654e-014
102	3.8121e-014
103	2.7675e-014
104	3.904e-014
105	2.3063e-014
106	4.1642e-014
107	4.1319e-014
108	4.2353e-014
109	3.1939e-014
110	3.8783e-014
111	2.8273e-014
112	1.8524e-014
113	3.9115e-014
114	3.8514e-014
115	4.3766e-014
116	3.1141e-014
117	2.5599e-014
118	4.0431e-014
119	3.2276e-014
120	2.0953e-014
121	3.0269e-015
122	2.6556e-014
123	1.0443e-014
124	3.6365e-014
125	3.5436e-014
126	3.1306e-014
127	4.3195e-014
128	4.5674e-014
129	4.0433e-014
130	4.1518e-014
131	1.2613e-014
132	1.4902e-014
133	2.4679e-014
134	2.6928e-014
135	3.8997e-014
136	0.
137	0.
138	0.
139	0.
140	-2.6692e-026
141	-5.2906e-026
142	-7.5773e-026
143	-6.8121e-026
144	-1.286e-026
145	-5.6739e-027
146	0.
147	0.
148	-1.3682e-026
149	-3.0752e-026
150	-4.9786e-026
151	-5.2019e-026
152	-3.7528e-026
153	-1.8947e-026
154	0.
155	0.
156	0.
157	-3.8037e-026
158	-7.7907e-026
159	-1.1186e-025
160	-6.179e-026
161	4.5262e-026
162	-1.3195e-027
163	0.
164	0.
165	0.
166	0.
167	0.
168	0.
169	0.
170	0.
171	0.
172	0.
173	0.
174	1.0742e-027
175	1.8245e-027
176	2.1146e-027
177	2.0962e-027
178	1.5663e-027
179	7.5596e-028
180	0.
181	0.
182	0.
183	0.
184	0.
185	0.
186	0.
187	0.
188	0.
189	0.
190	6.6629e-028
191	1.5149e-027
192	2.0549e-027
193	2.2521e-027
194	1.8392e-027
195	8.3833e-028
196	0.
197	0.
198	0.
199	0.
200	0.
201	0.
202	0.
203	0.
204	0.
205	0.
206	0.
207	0.
208	0.
209	0.
210	0.
211	0.
212	0.
213	0.
214	0.
215	0.
216	0.
217	0.
218	0.
219	0.
220	0.
221	0.
222	0.
223	0.
224	0.
225	0.
226	0.
227	0.
228	0.
229	0.
230	0.
231	0.
232	0.
233	0.
234	0.
235	0.
236	-1.2866e-026
237	-7.1765e-026
238	-8.6761e-026
239	-9.0186e-026
240	-8.2583e-026
241	-1.0792e-025
242	-7.6391e-026
243	-9.8619e-026
244	-1.546e-025
245	-1.0952e-025
246	-3.3681e-026
247	-4.9784e-026
248	0.
249	-2.5029e-026
250	-1.1911e-025
251	-5.267e-026
252	-2.7531e-026
253	-3.218e-026
254	-3.4906e-026
255	-9.5017e-026
256	-1.0758e-025
257	-6.6074e-026
258	-1.8342e-026
259	-4.4995e-026
260	-3.6494e-026
261	-2.3826e-027
262	1.7216e-027
263	9.2086e-028
264	-6.8193e-026
265	-1.3425e-026
266	-2.8699e-027
267	-9.5533e-027
268	6.3861e-029
269	-2.6047e-026
270	-4.8545e-027
271	-1.5899e-026
272	1.2549e-027
273	-1.2993e-026
274	1.7886e-027
275	-4.8449e-027
276	-7.1622e-026
277	-9.0664e-026
278	0.
279	0.
280	-9.5545e-027
281	0.
282	0.
283	-2.614e-026
284	-1.0491e-025
285	-5.1563e-026
286	-4.6e-026
287	-4.7238e-026
288	-4.9434e-026
289	-3.5298e-026
290	-2.2552e-026
291	-1.1905
292	-1.1905
293	-1.1905
294	-1.1905
295	-1.1905
296	-1.1905
297	-1.1905
298	-1.1905
299	-1.1905
300	-1.1905
301	-1.1905
302	-1.1905
303	-1.1905
304	-1.1905
305	-1.1905
306	-1.1905
307	-1.1905
308	-1.1905
309	-1.1905
310	-1.1905
311	-1.1905
312	-1.1905
313	-1.1905
314	-1.1905
315	-1.1905
316	-1.1905
317	-1.1905
318	-1.1905
319	-1.1905
320	-1.1905
321	-1.1905
322	-1.1905
323	-1.1905
324	-1.1905
325	-1.1905
326	-1.1905
327	-1.1905
328	-1.1905
329	-1.1905
330	-1.1905
331	-1.1905
332	-1.1905
333	-1.1905
334	-1.1905
335	-1.1905
336	-1.1905
337	-1.1905
338	-1.1905
339	-1.1905
340	-1.1905
341	-1.1905
342	-1.1905
343	-1.1905
344	-1.1905
345	-1.1905
346	-1.1905
347	-1.1905
348	-1.1905
349	-1.1905
350	-1.1905
351	-1.1905
352	-1.1905
353	-1.1905
354	-1.1905
355	-1.1905
356	-1.1905
357	-1.1905
358	-1.1905
359	-1.1905
360	-1.1905
361	-1.1905
362	-1.1905
363	-1.1905
364	-1.1905
365	-1.1905
366	-1.1905
367	-1.1905
368	-1.1905
369	-1.1905
370	-1.1905
371	-1.1905
372	-1.1905
373	-1.1905
374	-1.1905
375	-1.1905
376	-1.1905
377	-1.1905
378	-1.1905
379	-1.1905
380	-1.1905
381	-1.1905
382	-1.1905
383	-1.1905
384	-1.1905
385	-1.1905
386	-1.1905
387	-1.1905
388	-1.1905
389	-1.1905
390	-1.1905
391	-1.1905
392	-1.1905
393	-1.1905
394	-1.1905
395	-1.1905
396	-1.1905
397	-1.1905
398	-1.1905
399	-1.1905
400	-1.1905
401	-1.1905
402	-1.1905
403	-1.1905
404	-1.1905
405	-1.1905
406	-1.1905
407	-1.1905
408	-1.1905
409	-1.1905
410	-1.1905
411	-1.1905
412	-1.1905
413	-1.1905
414	-1.1905
415	-1.1905
416	-1.1905
417	-1.1905
418	-1.1905
419	-1.1905
420	-1.1905
421	-1.1905
422	-1.1905
423	-1.1905
424	-1.1905
425	-1.1905
426	-1.1905
427	-1.1905
428	-1.1905
429	-1.1905
430	-1.1905
431	-1.1905
432	-1.1905
433	-1.1905
434	-1.1905
435	-1.1905
436	-1.1905
437	-1.1905
438	-1.1905
439	-1.1905
440	-1.1905
441	-1.1905
442	-1.1905
443	-1.1905
444	-1.1905
445	-1.1905
446	-1.1905
447	-1.1905
448	-1.1905
449	-1.1905
450	-1.1905
451	-1.1905
452	-1.1905
453	-1.1905
454	-1.1905
455	-1.1905
