Node Number	Directional Deformation (mm)
1	-4.5707e-003
2	-4.999e-003
3	-14.559
4	-15.991
5	-17.207
6	-18.265
7	-18.616
8	-17.584
9	-15.648
10	-10.418
11	-1.89
12	0.95032
13	-0.48578
14	-0.14617
15	4.4697e-002
16	-2.3087e-002
17	-6.7361e-003
18	9.0261e-003
19	7.5571e-003
20	-14.628
21	1.0602e-002
22	7.5449e-003
23	-1.1849e-002
24	-1.0968e-002
25	1.6399e-002
26	-9.15e-002
27	-2.8861e-002
28	0.26713
29	-3.2375
30	-11.459
31	-15.906
32	-17.758
33	-18.705
34	-18.372
35	-17.26
36	-16.028
37	2.3079e-003
38	2.8745e-003
39	1.3767e-004
40	1.2915e-003
41	5.4419e-003
42	4.9452e-003
43	6.1943e-003
44	-14.98
45	2.7961e-003
46	-7.8971e-003
47	-2.2133e-002
48	3.4786e-002
49	2.9551e-002
50	3.9983e-002
51	-0.15048
52	0.42632
53	-0.19198
54	-11.767
55	-16.806
56	-18.76
57	-19.034
58	-18.336
59	-17.46
60	-16.296
61	-15.095
62	-15.161
63	-15.147
64	-15.143
65	-15.03
66	-14.852
67	3.2305e-003
68	1.0047e-002
69	2.1443e-003
70	7.9097e-003
71	6.4922e-004
72	-1.4811e-003
73	4.5261e-005
74	-15.034
75	-6.3984e-003
76	-1.5686e-002
77	0.11247
78	-0.26172
79	-0.14868
80	0.18381
81	-12.093
82	-18.199
83	-19.343
84	-18.296
85	-16.854
86	-15.169
87	-15.199
88	-15.182
89	-14.967
90	-19.16
91	-0.60331
92	0.14048
93	-10.5
94	-5.5026e-004
95	0.43013
96	-18.936
97	-3.7265e-002
98	-10.655
99	-17.611
100	-0.15444
101	0.27842
102	-17.513
103	-17.279
104	5.906e-002
105	-18.597
106	-0.19155
107	0.16654
108	-0.40102
109	-19.03
110	5.5709e-002
111	-4.5514
112	-18.35
113	-1.8652e-002
114	-14.901
115	-0.43468
116	-6.5305e-003
117	-17.635
118	1.8699
119	1.5532e-002
120	-1.1397e-002
121	-17.243
122	-14.344
123	-18.883
124	6.5173e-003
125	-8.2905
126	-16.589
127	-3.9402
128	0.43072
129	-2.0742e-002
130	-1.0903e-005
131	-16.559
132	-17.414
133	-2.3289e-002
134	8.47e-002
135	-18.819
136	0.
137	0.
138	0.
139	0.
140	9.6831e-013
141	1.8103e-012
142	2.7953e-012
143	4.2468e-012
144	1.0717e-012
145	3.6543e-013
146	0.
147	0.
148	1.0155e-012
149	2.1852e-012
150	3.3856e-012
151	3.519e-012
152	2.4309e-012
153	1.3682e-012
154	0.
155	0.
156	0.
157	5.4552e-013
158	1.2869e-012
159	-2.0244e-012
160	3.3648e-012
161	-1.0391e-012
162	-1.382e-013
163	0.
164	0.
165	0.
166	0.
167	0.
168	0.
169	0.
170	0.
171	0.
172	0.
173	0.
174	-7.4652e-014
175	-1.2821e-013
176	-1.4507e-013
177	-1.3969e-013
178	-9.9417e-014
179	-4.2048e-014
180	0.
181	0.
182	0.
183	0.
184	0.
185	0.
186	0.
187	0.
188	0.
189	0.
190	-4.0571e-014
191	-9.7952e-014
192	-1.3403e-013
193	-1.5243e-013
194	-1.3362e-013
195	-6.4608e-014
196	0.
197	0.
198	0.
199	0.
200	0.
201	0.
202	0.
203	0.
204	0.
205	0.
206	0.
207	0.
208	0.
209	0.
210	0.
211	0.
212	0.
213	0.
214	0.
215	0.
216	0.
217	0.
218	0.
219	0.
220	0.
221	0.
222	0.
223	0.
224	0.
225	0.
226	0.
227	0.
228	0.
229	0.
230	0.
231	0.
232	0.
233	0.
234	0.
235	0.
236	2.2905e-014
237	4.527e-014
238	5.4298e-014
239	1.3564e-014
240	-2.3107e-014
241	-3.6289e-015
242	-3.1281e-012
243	6.4223e-012
244	1.9057e-011
245	1.2541e-011
246	-1.6408e-012
247	-2.5271e-014
248	0.
249	2.0113e-012
250	-4.4854e-012
251	-1.3296e-013
252	-7.9538e-014
253	-3.7941e-012
254	-8.0863e-015
255	-9.17e-013
256	1.0529e-011
257	-5.4e-014
258	8.3876e-013
259	-1.2004e-013
260	1.0223e-012
261	1.7087e-013
262	-1.0815e-013
263	-7.1355e-014
264	4.4766e-012
265	8.8274e-013
266	2.2192e-013
267	6.6095e-013
268	2.9058e-014
269	1.854e-012
270	3.9072e-013
271	1.0444e-012
272	-8.5193e-014
273	9.8378e-013
274	-1.1098e-013
275	3.3676e-013
276	-3.4298e-013
277	3.3903e-012
278	0.
279	0.
280	6.9693e-013
281	0.
282	0.
283	6.2596e-013
284	7.4246e-012
285	1.9237e-013
286	-4.3363e-014
287	-1.2532e-012
288	1.8775e-012
289	-1.5054e-013
290	9.3675e-013
291	-10.714
292	-10.714
293	-10.714
294	-10.714
295	-10.714
296	-10.714
297	-10.714
298	-10.714
299	-10.714
300	-10.714
301	-10.714
302	-10.714
303	-10.714
304	-10.714
305	-10.714
306	-10.714
307	-10.714
308	-10.714
309	-10.714
310	-10.714
311	-10.714
312	-10.714
313	-10.714
314	-10.714
315	-10.714
316	-10.714
317	-10.714
318	-10.714
319	-10.714
320	-10.714
321	-10.714
322	-10.714
323	-10.714
324	-10.714
325	-10.714
326	-10.714
327	-10.714
328	-10.714
329	-10.714
330	-10.714
331	-10.714
332	-10.714
333	-10.714
334	-10.714
335	-10.714
336	-10.714
337	-10.714
338	-10.714
339	-10.714
340	-10.714
341	-10.714
342	-10.714
343	-10.714
344	-10.714
345	-10.714
346	-10.714
347	-10.714
348	-10.714
349	-10.714
350	-10.714
351	-10.714
352	-10.714
353	-10.714
354	-10.714
355	-10.714
356	-10.714
357	-10.714
358	-10.714
359	-10.714
360	-10.714
361	-10.714
362	-10.714
363	-10.714
364	-10.714
365	-10.714
366	-10.714
367	-10.714
368	-10.714
369	-10.714
370	-10.714
371	-10.714
372	-10.714
373	-10.714
374	-10.714
375	-10.714
376	-10.714
377	-10.714
378	-10.714
379	-10.714
380	-10.714
381	-10.714
382	-10.714
383	-10.714
384	-10.714
385	-10.714
386	-10.714
387	-10.714
388	-10.714
389	-10.714
390	-10.714
391	-10.714
392	-10.714
393	-10.714
394	-10.714
395	-10.714
396	-10.714
397	-10.714
398	-10.714
399	-10.714
400	-10.714
401	-10.714
402	-10.714
403	-10.714
404	-10.714
405	-10.714
406	-10.714
407	-10.714
408	-10.714
409	-10.714
410	-10.714
411	-10.714
412	-10.714
413	-10.714
414	-10.714
415	-10.714
416	-10.714
417	-10.714
418	-10.714
419	-10.714
420	-10.714
421	-10.714
422	-10.714
423	-10.714
424	-10.714
425	-10.714
426	-10.714
427	-10.714
428	-10.714
429	-10.714
430	-10.714
431	-10.714
432	-10.714
433	-10.714
434	-10.714
435	-10.714
436	-10.714
437	-10.714
438	-10.714
439	-10.714
440	-10.714
441	-10.714
442	-10.714
443	-10.714
444	-10.714
445	-10.714
446	-10.714
447	-10.714
448	-10.714
449	-10.714
450	-10.714
451	-10.714
452	-10.714
453	-10.714
454	-10.714
455	-10.714
