Node Number	Directional Deformation (mm)
1	2.1538e-003
2	9.4481e-004
3	-19.267
4	-20.386
5	-21.29
6	-22.037
7	-22.067
8	-20.599
9	-18.128
10	-12.103
11	-2.4421
12	1.3068
13	-0.25518
14	-0.1856
15	6.5877e-002
16	-8.5582e-003
17	-5.3943e-003
18	3.4489e-003
19	5.0336e-003
20	-19.324
21	2.5144e-003
22	-3.6992e-004
23	-3.4861e-003
24	-9.2753e-003
25	3.4163e-002
26	-0.10937
27	0.28364
28	0.52782
29	-4.025
30	-13.382
31	-18.482
32	-20.817
33	-22.171
34	-22.152
35	-21.338
36	-20.414
37	4.0448e-003
38	-3.8634e-003
39	-2.9664e-003
40	-6.7592e-004
41	9.0034e-004
42	6.005e-003
43	5.0455e-003
44	-19.397
45	-6.4798e-003
46	-9.1446e-003
47	2.3544e-002
48	0.10889
49	-0.19359
50	-0.20108
51	-0.34846
52	0.30103
53	-1.5315
54	-14.496
55	-20.119
56	-22.167
57	-22.508
58	-21.906
59	-21.313
60	-20.431
61	-19.533
62	-19.607
63	-19.609
64	-19.641
65	-19.594
66	-19.487
67	-3.3223e-004
68	4.4524e-003
69	9.1119e-004
70	-4.3683e-003
71	-1.1437e-003
72	-2.9545e-003
73	-8.2848e-003
74	-19.44
75	-1.4283e-002
76	2.1681e-002
77	0.10207
78	-0.58858
79	-0.30834
80	-0.71934
81	-14.985
82	-21.644
83	-22.882
84	-21.909
85	-20.859
86	-19.597
87	-19.644
88	-19.682
89	-19.561
90	-22.639
91	-0.96564
92	0.11858
93	-12.098
94	1.7339e-002
95	1.453
96	-21.849
97	-2.6659e-002
98	-12.186
99	-21.409
100	-0.33536
101	0.76611
102	-20.192
103	-21.345
104	3.5666e-002
105	-21.441
106	-4.3665e-003
107	8.7059e-002
108	-0.51854
109	-22.32
110	-3.3941e-002
111	-5.3398
112	-21.88
113	2.4234e-002
114	-17.043
115	-0.76379
116	6.4443e-003
117	-21.591
118	3.5155
119	0.4362
120	-2.2166e-002
121	-21.153
122	-16.415
123	-22.085
124	3.69e-002
125	-9.4978
126	-19.012
127	-4.6544
128	0.82596
129	-0.22
130	-6.2994e-003
131	-20.667
132	-20.284
133	0.13159
134	-2.1611e-002
135	-22.006
136	0.
137	0.
138	0.
139	0.
140	-4.9484e-011
141	-9.9577e-011
142	-1.4858e-010
143	-1.2549e-010
144	-8.3599e-011
145	-4.5888e-011
146	0.
147	0.
148	-3.0317e-011
149	-6.6929e-011
150	-1.0019e-010
151	-1.0219e-010
152	-7.0825e-011
153	-3.5012e-011
154	0.
155	0.
156	0.
157	-6.5533e-011
158	-1.3949e-010
159	-3.0276e-010
160	-1.2561e-010
161	-1.1203e-010
162	-5.4831e-011
163	0.
164	0.
165	0.
166	0.
167	0.
168	0.
169	0.
170	0.
171	0.
172	0.
173	0.
174	2.3827e-012
175	3.9549e-012
176	4.4151e-012
177	4.1947e-012
178	2.9285e-012
179	1.1789e-012
180	0.
181	0.
182	0.
183	0.
184	0.
185	0.
186	0.
187	0.
188	0.
189	0.
190	1.0767e-012
191	2.8742e-012
192	4.0626e-012
193	4.6443e-012
194	4.0838e-012
195	1.9745e-012
196	0.
197	0.
198	0.
199	0.
200	0.
201	0.
202	0.
203	0.
204	0.
205	0.
206	0.
207	0.
208	0.
209	0.
210	0.
211	0.
212	0.
213	0.
214	0.
215	0.
216	0.
217	0.
218	0.
219	0.
220	0.
221	0.
222	0.
223	0.
224	0.
225	0.
226	0.
227	0.
228	0.
229	0.
230	0.
231	0.
232	0.
233	0.
234	0.
235	0.
236	-1.2489e-012
237	-1.5809e-012
238	-1.6138e-012
239	-2.0352e-012
240	-1.7773e-012
241	-9.5971e-013
242	-8.0713e-011
243	-9.8209e-011
244	-1.4252e-010
245	-1.1671e-010
246	-9.903e-011
247	-4.2471e-011
248	0.
249	-3.4722e-011
250	-4.7443e-011
251	-1.2865e-011
252	-8.6483e-012
253	-6.9706e-011
254	-8.4569e-012
255	-2.8997e-011
256	-9.1278e-011
257	-4.3219e-012
258	-3.0085e-011
259	-1.0733e-012
260	-1.392e-011
261	-5.9734e-012
262	2.6134e-012
263	1.9731e-012
264	-1.3113e-010
265	-3.0209e-011
266	-7.6323e-012
267	-2.278e-011
268	-1.9942e-012
269	-5.8521e-011
270	-1.5107e-011
271	-3.2412e-011
272	2.4192e-012
273	-3.3981e-011
274	3.0254e-012
275	-1.1224e-011
276	-4.2991e-011
277	-1.2939e-010
278	0.
279	0.
280	-2.6037e-011
281	0.
282	0.
283	-6.3695e-011
284	-1.7933e-010
285	-4.3726e-011
286	-6.048e-012
287	-1.4806e-011
288	-7.8143e-011
289	-4.9477e-011
290	-4.1115e-011
291	-21.66
292	-22.828
293	-22.252
294	-23.714
295	-22.875
296	-23.
297	-23.097
298	-23.058
299	-23.148
300	-23.322
301	-22.78
302	-23.267
303	-22.589
304	-22.353
305	-22.261
306	-22.115
307	-21.983
308	-21.834
309	-19.385
310	-19.442
311	-19.552
312	-19.781
313	-20.017
314	-20.414
315	-20.891
316	-21.485
317	-22.149
318	-18.364
319	-18.519
320	-18.648
321	-18.781
322	-18.91
323	-19.079
324	-19.24
325	-20.969
326	-20.336
327	-19.82
328	-19.393
329	-19.062
330	-18.744
331	-18.525
332	-18.443
333	-24.491
334	-24.097
335	-25.
336	-25.
337	-25.
338	-25.
339	-25.
340	-25.
341	-25.
342	-25.
343	-25.
344	-24.972
345	-19.242
346	-23.419
347	-23.967
348	-23.272
349	-24.437
350	-24.215
351	-24.253
352	-24.336
353	-24.239
354	-24.066
355	-18.338
356	-18.311
357	-18.341
358	-25.001
359	-25.
360	-25.003
361	-24.999
362	-25.001
363	-24.952
364	-25.017
365	-24.755
366	-23.834
367	-22.714
368	-21.784
369	-21.119
370	-20.466
371	-19.894
372	-19.463
373	-19.085
374	-18.74
375	-18.569
376	-18.414
377	-25.
378	-25.
379	-25.
380	-25.
381	-25.
382	-25.
383	-25.
384	-25.
385	-25.
386	-24.992
387	-25.
388	-25.001
389	-25.
390	-24.999
391	-24.999
392	-25.
393	-25.
394	-25.
395	-25.
396	-25.
397	-25.
398	-25.
399	-25.
400	-25.
401	-25.
402	-25.
403	-25.
404	-23.288
405	-22.697
406	-23.728
407	-19.781
408	-25.
409	-25.
410	-25.
411	-25.
412	-25.
413	-25.
414	-25.
415	-25.
416	-25.
417	-25.
418	-25.
419	-25.
420	-25.001
421	-25.226
422	-25.
423	-24.982
424	-22.275
425	-24.963
426	-18.469
427	-19.188
428	-19.987
429	-19.484
430	-21.022
431	-20.255
432	-20.925
433	-18.733
434	-21.567
435	-19.038
436	-19.781
437	-20.341
438	-20.262
439	-19.105
440	-24.994
441	-25.113
442	-25.154
443	-20.186
444	-21.08
445	-19.658
446	-20.345
447	-22.254
448	-21.271
449	-22.85
450	-22.399
451	-24.079
452	-23.146
453	-18.731
454	-19.473
455	-23.173
