Node Number	Directional Deformation (mm)
1	-1.8627e-003
2	-2.0975e-003
3	-22.345
4	-21.488
5	-20.28
6	-18.779
7	-16.153
8	-13.043
9	-9.5986
10	-5.4357
11	-1.7159
12	-0.22799
13	0.1812
14	-6.3858e-002
15	-1.1919e-003
16	4.7841e-003
17	5.1866e-003
18	4.0025e-004
19	-1.3064e-003
20	-22.447
21	-7.9624e-004
22	1.8792e-003
23	7.3123e-003
24	-1.9198e-003
25	-4.3102e-003
26	-1.6354e-002
27	0.3286
28	-0.27322
29	-1.8286
30	-5.6343
31	-9.8931
32	-13.246
33	-16.279
34	-18.89
35	-20.352
36	-21.508
37	-1.0553e-003
38	-1.1422e-004
39	3.1418e-005
40	-1.0581e-003
41	-9.0821e-004
42	-1.5267e-003
43	-1.7704e-003
44	-22.295
45	6.2475e-004
46	2.5721e-003
47	5.7952e-003
48	-1.2952e-002
49	-9.0488e-002
50	-2.7246e-002
51	4.6481e-002
52	4.2165e-002
53	-1.451
54	-5.405
55	-9.7188
56	-13.307
57	-16.159
58	-18.109
59	-19.832
60	-21.194
61	-22.411
62	-22.407
63	-22.339
64	-22.428
65	-22.459
66	-22.49
67	-9.3064e-004
68	-1.8757e-003
69	-8.0762e-004
70	-1.112e-003
71	-1.504e-003
72	2.8188e-004
73	4.5034e-004
74	-22.371
75	2.1759e-003
76	4.4577e-003
77	-4.9837e-002
78	-8.9904e-002
79	0.11712
80	-0.52437
81	-5.2669
82	-11.419
83	-15.688
84	-18.502
85	-20.715
86	-22.455
87	-22.403
88	-22.497
89	-22.49
90	-17.553
91	8.7082e-002
92	-3.4648e-002
93	-4.9278
94	-2.561e-003
95	0.56192
96	-14.528
97	7.6571e-003
98	-4.4352
99	-19.826
100	-5.152e-003
101	6.1181e-002
102	-11.611
103	-20.661
104	-3.8154e-002
105	-13.975
106	-0.46899
107	-3.101e-002
108	0.16371
109	-16.228
110	-2.5624e-002
111	-2.5083
112	-18.18
113	-1.9752e-003
114	-8.2812
115	0.10445
116	1.3563e-003
117	-20.207
118	0.17267
119	0.10728
120	5.5076e-003
121	-20.286
122	-7.8544
123	-16.097
124	-1.0315e-002
125	-4.1298
126	-10.463
127	-2.3076
128	0.48153
129	-5.7885e-002
130	6.6129e-004
131	-21.022
132	-10.823
133	0.1385
134	-4.1281e-002
135	-14.701
136	0.
137	0.
138	0.
139	0.
140	-7.6803e-012
141	-1.5675e-011
142	-2.3856e-011
143	-1.9959e-011
144	-1.2906e-011
145	-6.741e-012
146	0.
147	0.
148	-5.1558e-012
149	-1.1124e-011
150	-1.6669e-011
151	-1.6861e-011
152	-1.1674e-011
153	-5.7414e-012
154	0.
155	0.
156	0.
157	-1.0386e-011
158	-2.0862e-011
159	-4.1756e-011
160	-2.3887e-011
161	-1.6835e-011
162	-7.5515e-012
163	0.
164	0.
165	0.
166	0.
167	0.
168	0.
169	0.
170	0.
171	0.
172	0.
173	0.
174	-1.0135e-013
175	-6.2044e-013
176	-9.9081e-013
177	-1.0589e-012
178	-1.0347e-012
179	-7.5863e-013
180	0.
181	0.
182	0.
183	0.
184	0.
185	0.
186	0.
187	0.
188	0.
189	0.
190	-7.3172e-013
191	-9.9431e-013
192	-1.0535e-012
193	-1.0341e-012
194	-6.065e-013
195	-2.2801e-013
196	0.
197	0.
198	0.
199	0.
200	0.
201	0.
202	0.
203	0.
204	0.
205	0.
206	0.
207	0.
208	0.
209	0.
210	0.
211	0.
212	0.
213	0.
214	0.
215	0.
216	0.
217	0.
218	0.
219	0.
220	0.
221	0.
222	0.
223	0.
224	0.
225	0.
226	0.
227	0.
228	0.
229	0.
230	0.
231	0.
232	0.
233	0.
234	0.
235	0.
236	-1.4138e-014
237	-2.9659e-015
238	1.7199e-014
239	4.3397e-014
240	3.8656e-014
241	3.4624e-014
242	-1.1393e-011
243	-1.8593e-011
244	-3.3356e-011
245	-1.9762e-011
246	-1.2136e-011
247	-6.6781e-012
248	0.
249	-2.7232e-012
250	7.5292e-013
251	-1.9889e-014
252	-3.1715e-014
253	-2.7595e-012
254	1.4071e-013
255	1.5824e-012
256	-8.9485e-012
257	1.8397e-014
258	2.2621e-012
259	1.0155e-013
260	-1.5595e-012
261	-2.8175e-012
262	-2.4349e-012
263	-1.3156e-012
264	-2.151e-011
265	-7.0037e-012
266	-3.6995e-012
267	-6.1997e-012
268	-2.8703e-012
269	-1.0707e-011
270	-4.3003e-012
271	-6.1885e-012
272	-1.6334e-012
273	-6.1255e-012
274	-1.7951e-012
275	-2.8971e-012
276	-1.4678e-012
277	-1.5845e-011
278	0.
279	0.
280	-5.2797e-012
281	0.
282	0.
283	-8.4062e-012
284	-2.715e-011
285	-5.6629e-012
286	6.1243e-014
287	1.3387e-012
288	-1.1851e-011
289	-2.1063e-012
290	-6.5709e-012
291	-14.444
292	-14.949
293	-14.668
294	-15.21
295	-15.018
296	-15.066
297	-15.083
298	-15.112
299	-15.144
300	-15.196
301	-14.831
302	-14.921
303	-14.76
304	-14.72
305	-14.656
306	-14.588
307	-14.565
308	-14.51
309	-13.531
310	-13.552
311	-13.594
312	-13.683
313	-13.774
314	-13.931
315	-14.119
316	-14.354
317	-14.619
318	-13.181
319	-13.235
320	-13.278
321	-13.323
322	-13.367
323	-13.426
324	-13.481
325	-14.203
326	-13.957
327	-13.755
328	-13.587
329	-13.457
330	-13.331
331	-13.245
332	-13.212
333	-15.462
334	-15.356
335	-15.602
336	-15.602
337	-15.602
338	-15.602
339	-15.602
340	-15.602
341	-15.602
342	-15.602
343	-15.602
344	-15.593
345	-13.481
346	-15.114
347	-15.317
348	-15.127
349	-15.463
350	-15.41
351	-15.398
352	-15.41
353	-15.389
354	-15.352
355	-13.172
356	-13.16
357	-13.172
358	-15.602
359	-15.601
360	-15.602
361	-15.601
362	-15.602
363	-15.587
364	-15.606
365	-15.527
366	-15.252
367	-14.885
368	-14.542
369	-14.261
370	-14.005
371	-13.781
372	-13.613
373	-13.465
374	-13.329
375	-13.263
376	-13.201
377	-15.602
378	-15.602
379	-15.602
380	-15.602
381	-15.602
382	-15.602
383	-15.602
384	-15.602
385	-15.602
386	-15.599
387	-15.602
388	-15.602
389	-15.602
390	-15.601
391	-15.601
392	-15.602
393	-15.602
394	-15.602
395	-15.602
396	-15.602
397	-15.602
398	-15.602
399	-15.602
400	-15.602
401	-15.602
402	-15.602
403	-15.602
404	-15.027
405	-14.836
406	-15.229
407	-13.684
408	-15.602
409	-15.602
410	-15.602
411	-15.602
412	-15.602
413	-15.602
414	-15.602
415	-15.602
416	-15.602
417	-15.602
418	-15.602
419	-15.602
420	-15.602
421	-15.667
422	-15.602
423	-15.596
424	-14.738
425	-15.59
426	-13.215
427	-13.49
428	-13.795
429	-13.584
430	-14.196
431	-13.882
432	-14.18
433	-13.31
434	-14.393
435	-13.411
436	-13.731
437	-13.93
438	-13.918
439	-13.459
440	-15.6
441	-15.635
442	-15.649
443	-13.845
444	-14.212
445	-13.65
446	-13.952
447	-14.693
448	-14.32
449	-14.941
450	-14.79
451	-15.365
452	-15.086
453	-13.308
454	-13.611
455	-15.074
