Node Number	Directional Deformation (mm)
1	4.4328e-003
2	3.753e-003
3	-19.697
4	-20.705
5	-21.497
6	-22.131
7	-21.975
8	-20.312
9	-17.661
10	-11.641
11	-2.6665
12	0.99363
13	-0.10583
14	-0.21005
15	5.5995e-002
16	2.4571e-003
17	-2.8819e-003
18	-1.0304e-003
19	1.5808e-003
20	-19.751
21	-1.8492e-003
22	-3.9348e-003
23	1.4822e-003
24	-2.4633e-003
25	3.2818e-002
26	-0.13611
27	0.35718
28	0.39151
29	-3.97
30	-12.824
31	-18.021
32	-20.531
33	-22.071
34	-22.247
35	-21.545
36	-20.729
37	2.9291e-003
38	-5.3946e-003
39	-3.134e-003
40	-1.4294e-003
41	-1.7921e-003
42	3.6845e-003
43	2.6053e-003
44	-19.983
45	-8.4428e-003
46	-6.4255e-003
47	3.3599e-002
48	9.8577e-002
49	-0.23837
50	-0.23289
51	-0.36315
52	0.28793
53	-1.5812
54	-13.617
55	-19.286
56	-21.813
57	-22.571
58	-22.122
59	-21.661
60	-20.899
61	-20.09
62	-20.134
63	-20.109
64	-20.12
65	-20.055
66	-19.932
67	-2.2735e-003
68	5.3767e-004
69	-4.7372e-004
70	-8.1698e-003
71	-1.774e-003
72	-2.5706e-003
73	-9.0659e-003
74	-20.022
75	-1.3446e-002
76	2.9626e-002
77	5.7396e-002
78	-0.55823
79	-0.28905
80	-0.79698
81	-14.029
82	-20.952
83	-22.774
84	-22.15
85	-21.274
86	-20.137
87	-20.145
88	-20.154
89	-20.007
90	-22.701
91	-0.74922
92	8.0287e-002
93	-11.622
94	1.8325e-002
95	1.5417
96	-21.76
97	-1.1526e-002
98	-11.9
99	-21.678
100	-0.29643
101	0.7381
102	-19.864
103	-21.605
104	1.6934e-002
105	-21.332
106	-0.18457
107	3.5129e-002
108	-0.34421
109	-22.319
110	-5.8341e-002
111	-5.5846
112	-22.026
113	3.1944e-002
114	-16.6
115	-0.57978
116	9.3535e-003
117	-21.831
118	3.1563
119	0.3172
120	-1.691e-002
121	-21.498
122	-16.079
123	-22.137
124	3.8869e-002
125	-9.4791
126	-18.725
127	-4.6543
128	0.89031
129	-0.24487
130	-6.0744e-003
131	-21.034
132	-19.799
133	0.1847
134	-6.0018e-002
135	-21.838
136	0.
137	0.
138	0.
139	0.
140	-5.4909e-011
141	-1.1076e-010
142	-1.6569e-010
143	-1.4041e-010
144	-9.2973e-011
145	-5.0567e-011
146	0.
147	0.
148	-3.4301e-011
149	-7.545e-011
150	-1.1279e-010
151	-1.1472e-010
152	-7.9563e-011
153	-3.9241e-011
154	0.
155	0.
156	0.
157	-7.1931e-011
158	-1.5376e-010
159	-3.256e-010
160	-1.4541e-010
161	-1.2254e-010
162	-5.9748e-011
163	0.
164	0.
165	0.
166	0.
167	0.
168	0.
169	0.
170	0.
171	0.
172	0.
173	0.
174	2.7089e-012
175	4.4528e-012
176	4.9514e-012
177	4.6975e-012
178	3.2634e-012
179	1.2957e-012
180	0.
181	0.
182	0.
183	0.
184	0.
185	0.
186	0.
187	0.
188	0.
189	0.
190	1.1675e-012
191	3.1999e-012
192	4.5567e-012
193	5.2124e-012
194	4.5909e-012
195	2.2195e-012
196	0.
197	0.
198	0.
199	0.
200	0.
201	0.
202	0.
203	0.
204	0.
205	0.
206	0.
207	0.
208	0.
209	0.
210	0.
211	0.
212	0.
213	0.
214	0.
215	0.
216	0.
217	0.
218	0.
219	0.
220	0.
221	0.
222	0.
223	0.
224	0.
225	0.
226	0.
227	0.
228	0.
229	0.
230	0.
231	0.
232	0.
233	0.
234	0.
235	0.
236	-1.364e-012
237	-1.739e-012
238	-1.8135e-012
239	-2.2509e-012
240	-1.9287e-012
241	-1.0693e-012
242	-8.9208e-011
243	-1.1737e-010
244	-1.7817e-010
245	-1.3259e-010
246	-1.0578e-010
247	-4.6983e-011
248	0.
249	-3.8136e-011
250	-4.9513e-011
251	-1.3847e-011
252	-9.2871e-012
253	-7.484e-011
254	-9.14e-012
255	-3.1221e-011
256	-1.026e-010
257	-4.7427e-012
258	-3.1811e-011
259	-1.1791e-012
260	-1.5547e-011
261	-7.025e-012
262	2.7579e-012
263	2.1309e-012
264	-1.4736e-010
265	-3.5135e-011
266	-8.941e-012
267	-2.6555e-011
268	-2.5125e-012
269	-6.6696e-011
270	-1.7693e-011
271	-3.6995e-011
272	2.6311e-012
273	-3.905e-011
274	3.3038e-012
275	-1.3029e-011
276	-4.5792e-011
277	-1.4201e-010
278	0.
279	0.
280	-3.032e-011
281	0.
282	0.
283	-6.9842e-011
284	-1.9798e-010
285	-4.9067e-011
286	-6.6026e-012
287	-1.5214e-011
288	-8.6473e-011
289	-5.3067e-011
290	-4.5958e-011
291	-21.291
292	-22.564
293	-21.938
294	-23.61
295	-22.624
296	-22.767
297	-22.9
298	-22.865
299	-22.975
300	-23.179
301	-22.594
302	-23.126
303	-22.372
304	-22.097
305	-21.986
306	-21.816
307	-21.657
308	-21.489
309	-18.917
310	-18.978
311	-19.097
312	-19.345
313	-19.6
314	-20.031
315	-20.547
316	-21.19
317	-21.909
318	-17.701
319	-17.886
320	-18.041
321	-18.2
322	-18.356
323	-18.554
324	-18.744
325	-20.536
326	-19.847
327	-19.285
328	-18.82
329	-18.46
330	-18.115
331	-17.877
332	-17.788
333	-24.446
334	-24.015
335	-25.
336	-25.
337	-25.
338	-25.
339	-25.
340	-25.
341	-25.
342	-25.
343	-25.
344	-24.969
345	-18.766
346	-23.285
347	-23.846
348	-23.068
349	-24.388
350	-24.137
351	-24.174
352	-24.262
353	-24.156
354	-23.962
355	-17.676
356	-17.645
357	-17.678
358	-25.001
359	-25.
360	-25.003
361	-24.999
362	-25.002
363	-24.947
364	-25.019
365	-24.725
366	-23.697
367	-22.455
368	-21.432
369	-20.704
370	-19.992
371	-19.369
372	-18.899
373	-18.488
374	-18.113
375	-17.927
376	-17.758
377	-25.
378	-25.
379	-25.
380	-25.
381	-25.
382	-25.
383	-25.
384	-25.
385	-25.
386	-24.992
387	-25.
388	-25.001
389	-25.
390	-24.999
391	-24.999
392	-25.
393	-25.
394	-25.
395	-25.
396	-25.
397	-25.
398	-25.
399	-25.
400	-25.
401	-25.
402	-25.
403	-25.
404	-23.151
405	-22.507
406	-23.624
407	-19.346
408	-25.
409	-25.
410	-25.
411	-25.
412	-25.
413	-25.
414	-25.
415	-25.
416	-25.
417	-25.
418	-25.
419	-25.
420	-25.001
421	-25.249
422	-25.
423	-24.98
424	-21.987
425	-24.96
426	-17.832
427	-18.626
428	-19.507
429	-18.989
430	-20.638
431	-19.831
432	-20.507
433	-18.135
434	-21.255
435	-18.502
436	-19.258
437	-19.9
438	-19.786
439	-18.539
440	-24.993
441	-25.116
442	-25.167
443	-19.79
444	-20.73
445	-19.188
446	-19.876
447	-21.993
448	-20.877
449	-22.662
450	-22.109
451	-23.997
452	-22.965
453	-18.138
454	-18.922
455	-22.965
