Node Number	Equivalent (von-Mises) Stress (MPa)
1	4.3736
2	2.6775
3	1.416
4	1.962
5	3.5992
6	4.5469
7	5.8383
8	10.967
9	17.215
10	23.618
11	85.739
12	94.72
13	183.36
14	161.81
15	40.199
16	23.931
17	6.519
18	7.7909
19	3.352
20	1.3204
21	2.1536
22	6.2316
23	10.172
24	23.646
25	31.682
26	61.429
27	140.22
28	165.76
29	53.172
30	41.701
31	9.6561
32	8.5847
33	5.8898
34	4.1787
35	4.1429
36	1.7467
37	2.4176
38	1.2332
39	1.386
40	2.791
41	3.6481
42	3.3859
43	2.8354
44	1.0246
45	2.0633
46	13.423
47	17.214
48	64.628
49	28.821
50	88.82
51	113.85
52	144.
53	87.596
54	26.003
55	38.321
56	25.553
57	14.989
58	8.6496
59	5.0877
60	1.8273
61	1.3389
62	2.6014
63	2.0767
64	2.4362
65	1.4372
66	1.2056
67	1.5569
68	2.1598
69	5.3401
70	3.3761
71	5.251
72	4.0745
73	2.4294
74	1.1499
75	6.1017
76	18.24
77	53.101
78	32.596
79	100.66
80	116.81
81	37.251
82	35.298
83	21.093
84	9.1923
85	3.5865
86	1.9601
87	2.2615
88	2.5602
89	0.89537
90	6.7881
91	65.068
92	19.659
93	51.518
94	5.9073
95	40.052
96	11.539
97	8.5832
98	39.539
99	4.1711
100	34.353
101	50.832
102	10.386
103	2.5875
104	24.54
105	17.087
106	65.84
107	21.616
108	137.23
109	12.102
110	14.73
111	113.07
112	7.556
113	19.07
114	19.065
115	155.44
116	4.2326
117	3.6052
118	88.996
119	62.74
120	6.0984
121	4.0191
122	27.864
123	9.978
124	20.779
125	67.378
126	22.628
127	55.225
128	104.86
129	36.921
130	3.9654
131	2.9841
132	26.8
133	106.08
134	16.544
135	7.7275
136	32.434
137	10.754
138	20.055
139	8.1481
140	10.719
141	10.789
142	11.639
143	22.693
144	15.014
145	5.7564
146	32.83
147	7.707
148	28.519
149	78.121
150	141.42
151	37.502
152	51.468
153	19.099
154	0.433
155	0.2892
156	0.31631
157	0.37708
158	0.82541
159	1.4796
160	2.4494
161	4.0136
162	4.366
163	8.4008
164	0.53935
165	0.33831
166	0.24084
167	0.18583
168	0.29131
169	0.32977
170	0.27364
171	7.5097
172	5.7986
173	3.1493
174	2.658
175	1.7277
176	0.87368
177	0.54674
178	0.25298
179	0.35438
180	79.672
181	26.409
182	3.2053
183	1.4769
184	2.5176
185	13.302
186	34.068
187	39.768
188	65.516
189	56.895
190	2.4353
191	0.36755
192	8.1324
193	0.32154
194	36.067
195	69.854
196	187.3
197	200.21
198	390.96
199	186.88
200	68.441
201	0.54141
202	0.4063
203	1.5143
204	2.6356
205	10.008
206	33.054
207	33.054
208	26.789
209	69.282
210	39.943
211	11.671
212	7.4492
213	8.0308
214	7.0826
215	3.5837
216	2.6116
217	1.7649
218	1.0466
219	0.97223
220	0.27335
221	0.30422
222	2.0887
223	2.305
224	80.945
225	1.2788
226	3.4927
227	21.306
228	26.373
229	34.469
230	49.56
231	83.918
232	0.29552
233	0.33921
234	0.30821
235	0.24205
236	0.18568
237	0.34047
238	1.5229
239	2.1807
240	2.4839
241	0.99838
242	2.7252
243	2.3981
244	131.24
245	190.23
246	698.68
247	335.04
248	249.03
249	153.59
250	7.1897
251	14.965
252	25.179
253	3.8529
254	31.33
255	46.779
256	11.508
257	3.6476
258	182.94
259	12.684
260	80.951
261	167.5
262	2.1222
263	40.702
264	2.771
265	20.697
266	0.66901
267	0.1133
268	0.25102
269	5.562
270	1.7955
271	0.32875
272	2.1958
273	0.58531
274	1.7445
275	0.21478
276	1.05
277	0.19985
278	6.766
279	1.1274
280	6.1588
281	0.28727
282	0.51639
283	0.58141
284	2.7644
285	0.1653
286	1.3982
287	7.0898
288	9.0133
289	18.869
290	26.402
291	10.563
292	1.4282
293	2.5119
294	62.4
295	34.743
296	88.257
297	2.7121
298	7.0587
299	0.28957
300	23.017
301	70.311
302	63.908
303	7.6725
304	248.43
305	11.614
306	14.87
307	5.0847e-003
308	2.7386e-002
309	3.405e-003
310	4.6203e-002
311	4.1188e-002
312	2.9711e-002
313	1.7647e-002
314	4.4132e-002
315	5.7259e-002
316	3.8697e-002
317	1.8165e-002
318	1.9141e-002
319	9.4525e-003
320	6.1327e-003
321	1.0807e-002
322	1.6911e-002
323	3.9454e-003
324	5.3542e-003
325	1.3749e-003
326	1.2006e-003
327	2.2395e-003
328	1.5184e-003
329	7.9337e-004
330	1.1318e-003
331	1.8144e-003
332	1.9752e-003
333	1.9611e-003
334	4.5145e-003
335	4.6693e-003
336	4.7974e-003
337	4.5801e-003
338	4.0729e-003
339	3.7049e-003
340	2.4466e-003
341	1.3005e-003
342	5.1775e-003
343	4.8513e-003
344	5.0092e-003
345	5.2247e-003
346	6.0292e-003
347	5.7922e-003
348	5.8502e-003
349	6.2799e-003
350	5.4676e-003
351	4.1285e-002
352	2.918e-002
353	1.9801e-004
354	1.5739e-002
355	1.4086e-002
356	1.4086e-002
357	1.4086e-002
358	5.7378e-003
359	9.62e-004
360	1.5294e-004
361	2.217e-003
362	2.9953e-003
363	1.683e-002
364	5.215e-002
365	6.0458e-002
366	8.1183e-002
367	6.0286e-002
368	1.5828e-002
369	3.8955e-002
370	5.3736e-002
371	5.6907e-003
372	5.5411e-003
373	2.329e-004
374	6.0509e-004
375	1.1202e-003
376	2.0979e-003
377	3.6565e-003
378	8.6018e-003
379	1.2765e-002
380	2.4303e-002
381	1.1002e-002
382	6.7668e-003
383	4.6973e-003
384	5.4789e-003
385	5.6966e-003
386	5.6801e-003
387	6.7502e-003
388	7.522e-003
389	6.9578e-003
390	7.6192e-003
391	6.6974e-003
392	1.7174e-004
393	2.1984e-002
394	1.9759e-002
395	7.7402e-003
396	3.8085e-003
397	2.5742e-003
398	1.2088e-003
399	7.1177e-004
400	3.3089e-004
401	5.5916e-004
402	4.8617e-004
403	9.9147e-005
404	9.2943e-005
405	2.3471e-004
406	3.2925e-004
407	3.0871e-002
408	3.9361e-002
409	0.14833
410	9.6238e-002
411	2.2562e-002
412	1.4179e-002
413	1.0057e-004
414	1.0822e-004
415	7.0829e-005
416	5.3876e-005
417	5.979e-005
418	8.0927e-005
419	6.7598e-003
420	3.0864e-002
421	2.1241e-003
422	1.4638e-003
423	1.3615e-003
424	5.4526e-003
425	1.1787e-003
426	6.7798e-004
427	1.1151e-002
428	1.7605e-003
429	1.4128e-002
430	1.8363e-002
431	1.6879e-004
432	1.1345e-002
433	3.623e-004
434	7.3873e-003
435	6.2413e-004
436	1.3584e-002
437	9.7955e-004
438	4.0143e-003
439	4.2015e-003
440	4.802e-003
441	4.5251e-003
442	2.434e-003
443	3.4614e-003
444	5.1867e-003
445	2.9509e-003
446	5.0504e-003
447	3.6463e-003
448	5.7598e-003
449	1.5447e-003
450	5.1889e-003
451	1.6594e-003
452	2.1241e-003
453	3.4616e-003
454	4.7669e-003
455	4.7548e-003
456	5.1996e-003
457	4.2585e-003
458	5.2322e-003
459	5.7889e-003
460	7.1472e-003
461	5.7491e-003
462	3.0253e-003
463	4.6221e-002
464	5.2133e-003
465	1.6158e-003
466	3.5926e-003
467	3.09e-003
468	3.7878e-003
469	6.1255e-003
470	5.5413e-003
471	5.1562e-003
472	5.0946e-003
473	6.1393e-003
474	2.1596e-002
475	1.2493e-002
476	6.0032e-003
477	5.7218e-003
478	3.7481e-003
479	5.8027e-003
480	5.6897e-003
481	4.7112e-003
482	2.1409e-003
483	1.0784e-002
