Node Number	Equivalent (von-Mises) Stress (MPa)
1	3.6424
2	2.5806
3	227.34
4	194.4
5	192.22
6	163.3
7	330.71
8	171.35
9	112.17
10	424.11
11	335.77
12	408.21
13	321.27
14	224.98
15	55.068
16	21.137
17	6.9598
18	6.7706
19	2.3937
20	155.25
21	1.4898
22	2.757
23	5.1482
24	17.588
25	25.208
26	121.57
27	316.32
28	408.78
29	425.27
30	654.16
31	169.33
32	318.33
33	135.23
34	155.21
35	404.38
36	124.22
37	1.8046
38	1.3104
39	1.8405
40	1.6118
41	1.3063
42	0.91387
43	1.0711
44	126.49
45	1.8872
46	10.163
47	18.56
48	57.457
49	90.833
50	174.36
51	367.54
52	487.03
53	586.41
54	314.58
55	291.05
56	429.89
57	101.98
58	107.43
59	109.61
60	92.996
61	92.068
62	106.
63	99.804
64	99.313
65	204.64
66	153.95
67	1.2108
68	0.90043
69	2.5982
70	0.3962
71	2.5412
72	1.8688
73	2.1352
74	86.693
75	3.7767
76	21.263
77	74.301
78	88.97
79	418.79
80	512.64
81	507.47
82	109.05
83	241.54
84	165.87
85	121.36
86	83.299
87	53.725
88	80.898
89	84.534
90	33.243
91	196.31
92	12.326
93	412.25
94	9.1673
95	248.14
96	147.65
97	4.125
98	299.09
99	92.092
100	67.47
101	319.77
102	143.44
103	142.44
104	16.046
105	225.24
106	264.25
107	16.924
108	335.09
109	230.23
110	18.899
111	742.09
112	355.03
113	11.842
114	119.69
115	459.46
116	3.8888
117	257.97
118	500.71
119	157.67
120	4.6055
121	44.82
122	321.62
123	112.24
124	15.555
125	409.08
126	341.18
127	274.68
128	313.88
129	59.286
130	2.8989
131	88.403
132	157.09
133	259.24
134	43.912
135	227.64
136	307.47
137	219.25
138	223.61
139	199.14
140	174.6
141	130.81
142	143.99
143	148.67
144	140.41
145	160.87
146	286.79
147	202.67
148	171.37
149	325.74
150	468.95
151	236.88
152	275.98
153	154.82
154	25.915
155	23.598
156	22.546
157	26.087
158	53.32
159	73.874
160	64.745
161	91.137
162	83.536
163	164.08
164	8.7199
165	4.5951
166	6.5071
167	5.0445
168	6.7011
169	6.9667
170	17.225
171	174.53
172	119.41
173	71.06
174	69.239
175	66.576
176	45.764
177	34.908
178	18.263
179	9.5985
180	226.37
181	325.92
182	7.8677
183	10.604
184	21.857
185	39.279
186	90.231
187	100.56
188	129.75
189	124.82
190	12.389
191	28.07
192	177.48
193	23.252
194	365.14
195	303.89
196	398.14
197	784.58
198	675.54
199	417.69
200	236.41
201	13.785
202	3.7289
203	3.6718
204	17.248
205	28.637
206	40.742
207	40.742
208	113.93
209	220.87
210	282.94
211	287.1
212	186.82
213	162.24
214	127.96
215	74.391
216	56.919
217	52.004
218	51.852
219	53.126
220	25.141
221	9.9634
222	4.553
223	4.9188
224	380.34
225	4.471
226	8.8793
227	33.006
228	46.759
229	73.497
230	140.67
231	195.66
232	20.443
233	9.5938
234	8.4248
235	7.9941
236	6.3756
237	6.8973
238	4.5881
239	6.9156
240	5.676
241	4.9627
242	4.94
243	4.8614
244	336.36
245	553.91
246	826.49
247	657.42
248	333.27
249	187.68
250	148.82
251	224.62
252	238.15
253	73.569
254	43.375
255	137.02
256	48.354
257	14.741
258	259.29
259	44.598
260	198.6
261	512.7
262	13.844
263	100.33
264	8.8998
265	55.982
266	27.25
267	8.951
268	9.7203
269	45.533
270	27.629
271	15.422
272	47.669
273	16.249
274	39.179
275	8.8714
276	23.584
277	8.3285
278	83.518
279	41.756
280	110.99
281	16.075
282	30.496
283	32.388
284	62.573
285	14.22
286	44.647
287	124.48
288	109.15
289	55.795
290	108.46
291	84.566
292	51.316
293	55.228
294	188.61
295	244.94
296	435.47
297	14.801
298	14.403
299	5.0379
300	50.337
301	218.17
302	387.62
303	169.53
304	443.95
305	159.81
306	166.41
307	136.45
308	392.65
309	236.71
310	373.22
311	269.27
312	256.39
313	233.86
314	263.02
315	398.99
316	398.27
317	707.53
318	742.51
319	355.64
320	263.29
321	287.7
322	227.9
323	167.5
324	148.81
325	359.99
326	303.05
327	78.652
328	181.86
329	250.36
330	273.12
331	246.63
332	211.73
333	158.92
334	236.64
335	294.21
336	196.22
337	148.32
338	157.53
339	174.34
340	267.21
341	325.81
342	68.031
343	114.92
344	98.821
345	132.85
346	76.264
347	125.29
348	89.675
349	79.084
350	122.76
351	240.04
352	209.91
353	40.833
354	243.75
355	222.99
356	222.99
357	222.99
358	68.632
359	32.26
360	36.981
361	17.16
362	97.13
363	108.03
364	371.01
365	223.16
366	490.7
367	442.19
368	350.
369	234.1
370	321.47
371	68.222
372	90.254
373	3.2762
374	9.5032
375	19.854
376	33.862
377	59.781
378	173.86
379	271.58
380	630.8
381	455.89
382	389.94
383	170.31
384	115.74
385	113.58
386	36.298
387	85.355
388	130.9
389	88.305
390	150.87
391	134.11
392	1.9182
393	338.74
394	305.91
395	187.84
396	77.405
397	44.233
398	20.926
399	11.272
400	4.5936
401	30.996
402	15.794
403	11.077
404	8.1504
405	6.0581
406	4.9209
407	114.56
408	179.67
409	429.89
410	562.69
411	263.98
412	344.27
413	21.912
414	12.898
415	8.3532
416	3.2144
417	1.1671
418	0.55316
419	432.33
420	443.04
421	110.19
422	133.99
423	82.338
424	117.64
425	40.328
426	11.081
427	287.87
428	28.207
429	218.76
430	319.2
431	6.8468
432	198.1
433	5.1704
434	89.211
435	26.022
436	241.48
437	16.016
438	79.702
439	124.13
440	144.49
441	151.3
442	189.63
443	125.5
444	102.31
445	193.49
446	99.6
447	187.44
448	98.655
449	197.32
450	125.21
451	257.66
452	153.23
453	100.94
454	161.98
455	149.95
456	138.48
457	112.21
458	220.
459	50.198
460	118.9
461	54.065
462	31.554
463	294.53
464	79.022
465	80.062
466	54.025
467	24.452
468	60.162
469	41.297
470	68.412
471	212.41
472	94.278
473	279.28
474	238.42
475	215.44
476	42.687
477	92.564
478	114.52
479	13.018
480	42.016
481	66.971
482	133.14
483	493.29
