Node Number	Equivalent (von-Mises) Stress (MPa)
1	2.978
2	1.3429
3	17.424
4	25.781
5	40.234
6	132.06
7	160.65
8	196.36
9	217.7
10	609.29
11	1255.8
12	366.96
13	685.92
14	176.57
15	89.213
16	37.148
17	12.936
18	6.532
19	4.5483
20	13.232
21	1.1156
22	2.1761
23	16.439
24	28.547
25	44.605
26	172.47
27	443.82
28	809.65
29	1392.5
30	951.85
31	417.38
32	412.27
33	91.209
34	133.42
35	20.934
36	9.8788
37	9.8048
38	5.753
39	2.9084
40	3.7077
41	6.8145
42	7.8605
43	3.8343
44	0.4632
45	6.9845
46	15.146
47	16.913
48	34.556
49	197.75
50	249.9
51	326.65
52	1068.3
53	1954.2
54	483.4
55	529.02
56	406.39
57	269.77
58	58.668
59	22.971
60	2.3666
61	2.2887
62	11.893
63	8.3736
64	7.5103
65	16.924
66	17.487
67	7.9671
68	2.5737
69	3.6784
70	4.8587
71	6.5553
72	4.5976
73	4.6418
74	0.46329
75	7.5879
76	53.122
77	87.336
78	165.29
79	382.5
80	1150.7
81	920.84
82	245.03
83	300.97
84	69.041
85	5.56
86	2.9583
87	7.2471
88	18.764
89	8.2898
90	117.63
91	213.97
92	26.297
93	933.45
94	21.569
95	561.66
96	193.46
97	15.598
98	1024.2
99	19.3
100	48.048
101	814.38
102	166.15
103	14.639
104	44.628
105	78.726
106	1107.8
107	84.856
108	322.14
109	296.4
110	62.522
111	1849.5
112	120.66
113	23.406
114	330.44
115	657.82
116	5.5441
117	48.945
118	1532.5
119	348.4
120	4.4921
121	17.115
122	243.3
123	145.98
124	22.935
125	1171.8
126	185.81
127	983.3
128	468.25
129	95.77
130	5.5683
131	9.7
132	272.26
133	141.1
134	123.19
135	230.71
136	1632.3
137	1064.9
138	1142.
139	941.74
140	869.68
141	612.24
142	596.53
143	676.25
144	655.07
145	750.54
146	1364.6
147	944.18
148	894.16
149	1506.8
150	2319.5
151	859.14
152	1243.3
153	837.53
154	36.228
155	24.638
156	28.082
157	33.226
158	102.08
159	177.4
160	260.72
161	455.67
162	440.04
163	803.68
164	49.322
165	33.78
166	21.323
167	12.229
168	22.68
169	33.692
170	27.782
171	825.09
172	553.56
173	302.
174	251.12
175	155.81
176	66.361
177	30.499
178	32.904
179	38.057
180	1121.8
181	1806.8
182	71.999
183	155.53
184	268.15
185	273.03
186	371.34
187	577.15
188	769.34
189	811.42
190	138.76
191	27.053
192	882.05
193	26.834
194	1666.9
195	1488.2
196	1831.8
197	2569.1
198	2759.9
199	1668.1
200	1329.6
201	49.136
202	37.514
203	75.082
204	143.8
205	238.25
206	371.46
207	371.46
208	762.56
209	1166.4
210	1400.
211	1355.6
212	870.62
213	756.93
214	595.89
215	335.57
216	240.84
217	149.07
218	82.04
219	61.982
220	12.217
221	29.611
222	33.248
223	50.358
224	1467.9
225	44.761
226	109.56
227	259.82
228	360.59
229	497.63
230	781.63
231	1072.8
232	25.201
233	33.259
234	27.282
235	17.773
236	15.219
237	28.238
238	104.41
239	121.31
240	84.75
241	56.902
242	46.71
243	39.288
244	1225.7
245	2285.7
246	3426.6
247	2139.3
248	948.22
249	800.4
250	732.42
251	1125.4
252	1271.7
253	379.83
254	234.06
255	428.4
256	126.78
257	87.774
258	674.67
259	224.71
260	729.22
261	1553.2
262	58.51
263	682.77
264	64.963
265	348.92
266	42.955
267	10.83
268	19.317
269	212.03
270	122.05
271	29.938
272	241.85
273	41.481
274	193.69
275	23.665
276	88.114
277	16.136
278	362.27
279	98.029
280	508.07
281	30.957
282	65.01
283	111.98
284	261.52
285	19.039
286	112.06
287	625.67
288	502.28
289	201.45
290	337.43
291	709.31
292	131.76
293	255.77
294	960.81
295	1043.8
296	1911.2
297	96.568
298	161.03
299	27.747
300	432.95
301	1032.
302	1537.4
303	752.16
304	1532.4
305	713.25
306	871.08
307	538.19
308	1291.4
309	567.65
310	1417.3
311	1510.8
312	1424.
313	861.92
314	1317.6
315	1798.3
316	1332.5
317	705.44
318	892.77
319	683.01
320	867.04
321	709.22
322	324.92
323	372.94
324	627.45
325	947.69
326	798.73
327	220.93
328	477.89
329	655.83
330	715.7
331	641.93
332	544.15
333	480.95
334	448.42
335	741.17
336	495.82
337	377.76
338	404.52
339	450.35
340	693.65
341	855.96
342	238.53
343	293.42
344	231.43
345	321.52
346	183.24
347	309.72
348	222.11
349	195.98
350	308.4
351	1498.2
352	466.28
353	117.32
354	721.89
355	637.44
356	637.44
357	637.44
358	197.08
359	92.048
360	106.28
361	48.692
362	259.79
363	545.06
364	1756.
365	1605.4
366	1981.8
367	1367.1
368	969.33
369	1468.8
370	1939.9
371	172.08
372	227.24
373	8.3658
374	24.257
375	50.883
376	85.718
377	148.56
378	437.64
379	674.8
380	1780.4
381	1350.4
382	907.04
383	283.22
384	279.66
385	313.24
386	114.63
387	226.35
388	341.17
389	226.98
390	389.01
391	341.32
392	4.8755
393	1158.8
394	756.76
395	475.05
396	196.46
397	112.29
398	53.662
399	28.79
400	11.733
401	88.779
402	44.967
403	31.53
404	23.29
405	16.366
406	12.505
407	589.1
408	757.7
409	1644.5
410	1819.6
411	812.38
412	962.2
413	63.078
414	36.969
415	23.773
416	9.1689
417	2.9757
418	1.3846
419	683.76
420	1229.8
421	303.64
422	358.53
423	233.88
424	307.36
425	110.7
426	31.362
427	837.56
428	72.134
429	553.9
430	879.79
431	19.052
432	584.18
433	13.143
434	257.92
435	73.324
436	649.13
437	41.224
438	202.39
439	320.31
440	406.2
441	385.8
442	507.27
443	329.14
444	268.8
445	502.83
446	252.55
447	483.01
448	310.36
449	519.95
450	380.67
451	675.68
452	404.91
453	261.99
454	400.75
455	381.54
456	344.68
457	398.44
458	457.45
459	115.59
460	306.01
461	133.61
462	91.915
463	867.79
464	233.02
465	217.12
466	124.84
467	77.511
468	162.77
469	101.13
470	173.04
471	427.61
472	152.89
473	790.32
474	923.62
475	562.54
476	106.41
477	134.41
478	297.82
479	46.67
480	95.72
481	174.3
482	345.8
483	834.81
