Node Number	Equivalent (von-Mises) Stress (MPa)
1	1.7379e-011
2	1.204e-011
3	2.951e-014
4	5.9408e-014
5	1.0788e-013
6	2.0302e-013
7	2.2639e-013
8	4.8401e-013
9	1.5444e-012
10	6.3847e-013
11	3.5579e-012
12	3.3368e-012
13	8.2719e-012
14	1.6408e-011
15	2.5153e-012
16	4.5156e-012
17	3.4053e-012
18	8.502e-012
19	4.0628e-012
20	2.1893e-014
21	5.6812e-012
22	8.9759e-012
23	2.9602e-012
24	4.9121e-012
25	5.1691e-012
26	8.3624e-012
27	4.8602e-012
28	1.0666e-011
29	4.0991e-012
30	5.7372e-012
31	1.3797e-012
32	8.3256e-013
33	1.7443e-013
34	2.867e-013
35	2.2349e-013
36	3.0884e-014
37	1.1273e-011
38	6.4726e-012
39	7.1606e-012
40	4.6131e-012
41	4.8238e-012
42	4.5632e-012
43	1.0608e-011
44	1.139e-014
45	4.428e-012
46	2.1509e-012
47	4.1339e-012
48	1.2883e-011
49	7.5708e-012
50	6.3794e-012
51	7.4734e-012
52	8.3288e-012
53	6.0044e-012
54	9.8575e-013
55	1.2166e-012
56	4.2342e-013
57	7.9687e-013
58	3.3247e-013
59	2.7421e-013
60	2.3719e-014
61	2.8784e-014
62	1.6322e-013
63	1.2667e-013
64	5.1757e-014
65	4.6051e-014
66	3.3367e-014
67	6.1205e-012
68	6.8916e-012
69	4.8442e-012
70	7.4237e-012
71	6.0238e-012
72	8.2112e-012
73	7.3314e-012
74	6.2223e-015
75	2.9062e-012
76	5.95e-012
77	8.6632e-012
78	4.2717e-012
79	3.5602e-012
80	2.6176e-012
81	1.5242e-012
82	6.0987e-013
83	8.3205e-013
84	2.3163e-013
85	4.1924e-014
86	2.321e-014
87	1.3822e-013
88	6.1364e-014
89	1.4825e-014
90	3.8794e-013
91	3.7802e-012
92	5.0785e-012
93	2.0231e-012
94	4.3613e-012
95	2.6202e-012
96	2.7733e-013
97	4.3777e-012
98	3.9688e-013
99	1.0006e-013
100	2.8815e-012
101	2.94e-012
102	3.0638e-013
103	5.6934e-014
104	3.7904e-012
105	8.3386e-013
106	2.2779e-012
107	4.8705e-012
108	3.2957e-012
109	2.4206e-013
110	4.3616e-012
111	1.9171e-012
112	3.9169e-013
113	3.5597e-012
114	1.0438e-012
115	3.2044e-012
116	3.4138e-012
117	1.3175e-013
118	2.103e-012
119	4.4837e-012
120	1.668e-012
121	1.4305e-013
122	1.3016e-012
123	4.103e-013
124	4.6287e-012
125	4.1754e-012
126	1.4936e-012
127	1.7006e-012
128	4.9638e-012
129	6.032e-012
130	2.3705e-012
131	9.3616e-014
132	8.727e-013
133	5.6175e-012
134	4.7357e-012
135	4.9274e-013
136	1.0816e-012
137	4.5673e-013
138	3.8503e-013
139	8.4936e-013
140	3.4828e-013
141	6.8467e-013
142	7.13e-013
143	9.078e-013
144	8.3454e-013
145	8.1994e-013
146	1.1972e-012
147	9.6624e-013
148	1.1164e-012
149	1.8039e-012
150	1.689e-012
151	1.3907e-012
152	1.14e-012
153	7.207e-013
154	2.4825e-014
155	1.705e-014
156	1.8918e-014
157	2.3197e-014
158	4.3974e-014
159	7.5279e-014
160	1.1735e-013
161	2.1861e-013
162	1.9878e-013
163	3.4587e-013
164	3.4718e-014
165	2.2669e-014
166	1.5006e-014
167	1.1061e-014
168	1.8036e-014
169	2.2787e-014
170	1.7732e-014
171	7.2917e-013
172	4.6361e-013
173	2.169e-013
174	1.8413e-013
175	1.176e-013
176	5.7471e-014
177	3.0531e-014
178	2.1902e-014
179	2.5522e-014
180	1.6081e-012
181	1.3655e-012
182	3.0559e-012
183	1.137e-012
184	1.12e-012
185	1.4758e-012
186	2.3417e-012
187	9.9913e-013
188	2.7805e-012
189	2.2028e-012
190	6.0658e-013
191	2.0941e-014
192	4.2431e-013
193	1.862e-014
194	1.1481e-012
195	2.6785e-012
196	6.2904e-012
197	4.1034e-012
198	3.5604e-012
199	1.6303e-012
200	1.1123e-012
201	3.1384e-014
202	2.4796e-014
203	1.3624e-012
204	4.9291e-013
205	1.1616e-012
206	2.1331e-012
207	2.1331e-012
208	1.4161e-012
209	1.0957e-012
210	1.2876e-012
211	1.3338e-012
212	8.4294e-013
213	7.6167e-013
214	5.8241e-013
215	2.6381e-013
216	1.6915e-013
217	1.1138e-013
218	6.86e-014
219	4.9042e-014
220	9.1308e-015
221	1.8408e-014
222	6.1898e-012
223	3.3679e-012
224	3.3311e-012
225	4.168e-012
226	1.7679e-012
227	1.4447e-012
228	1.784e-012
229	2.1211e-012
230	1.8684e-012
231	1.3798e-012
232	1.6529e-014
233	2.1776e-014
234	1.9228e-014
235	1.5523e-014
236	1.1878e-014
237	1.8447e-014
238	1.7719e-012
239	1.8269e-012
240	1.0474e-012
241	2.8899e-012
242	3.8106e-012
243	6.5456e-012
244	4.7993e-012
245	4.2367e-012
246	6.5444e-012
247	2.1237e-012
248	1.2946e-012
249	1.7783e-012
250	3.1815e-013
251	2.7229e-013
252	9.4734e-013
253	2.0314e-013
254	1.9117e-012
255	1.7135e-012
256	1.8632e-012
257	1.0103e-012
258	1.2727e-012
259	1.7709e-012
260	1.9958e-012
261	3.5443e-012
262	2.9618e-012
263	1.3709e-012
264	2.4539e-012
265	9.6351e-013
266	3.7144e-014
267	6.8591e-015
268	1.447e-014
269	2.1194e-013
270	1.2146e-013
271	2.2419e-014
272	1.2437e-013
273	2.7364e-014
274	1.4285e-013
275	1.5697e-014
276	5.4115e-014
277	1.3338e-014
278	3.6054e-013
279	4.5283e-014
280	4.9543e-013
281	1.948e-014
282	3.1002e-014
283	6.5769e-014
284	1.9104e-013
285	1.269e-014
286	8.8271e-014
287	3.3427e-013
288	5.8443e-013
289	8.5624e-013
290	7.387e-013
291	7.4095e-013
292	7.1923e-014
293	1.516e-013
294	8.807e-013
295	1.9991e-012
296	3.6322e-012
297	1.1356e-012
298	8.3506e-013
299	1.809e-014
300	1.885e-012
301	1.8686e-012
302	1.4882e-012
303	1.047e-012
304	2.6469e-012
305	9.2463e-013
306	5.5231e-013
307	1.1275e-004
308	1.1669e-004
309	7.5329e-005
310	3.1494e-004
311	1.1838e-004
312	1.5351e-004
313	1.7073e-004
314	1.5191e-004
315	2.2032e-004
316	2.5024e-004
317	2.3305e-004
318	2.6232e-004
319	1.921e-004
320	1.6967e-004
321	1.4355e-004
322	1.6149e-004
323	1.2512e-004
324	9.8434e-005
325	5.2269e-004
326	4.3763e-004
327	1.1947e-004
328	1.9191e-004
329	2.509e-004
330	2.397e-004
331	1.8785e-004
332	1.5235e-004
333	7.8146e-005
334	1.5566e-004
335	4.4173e-004
336	2.9256e-004
337	2.156e-004
338	2.2564e-004
339	2.5322e-004
340	3.9362e-004
341	4.7495e-004
342	1.1346e-004
343	1.0588e-004
344	1.1046e-004
345	1.1713e-004
346	8.6819e-005
347	1.4806e-004
348	1.1072e-004
349	1.092e-004
350	1.781e-004
351	3.3663e-004
352	2.1878e-004
353	1.9554e-005
354	1.3559e-004
355	1.0261e-004
356	1.0261e-004
357	1.0261e-004
358	2.9507e-005
359	1.6763e-005
360	1.7775e-005
361	9.763e-006
362	1.5753e-004
363	9.0512e-005
364	1.1468e-004
365	2.7608e-004
366	1.4444e-004
367	1.7948e-004
368	1.986e-004
369	1.5237e-004
370	1.1437e-004
371	1.1542e-004
372	1.3592e-004
373	3.6342e-006
374	6.5363e-006
375	1.2055e-005
376	2.243e-005
377	4.1235e-005
378	1.1323e-004
379	1.7936e-004
380	4.1273e-004
381	3.0364e-004
382	1.725e-004
383	1.0947e-004
384	1.2558e-004
385	1.1052e-004
386	9.8597e-005
387	1.1837e-004
388	1.6736e-004
389	1.1491e-004
390	2.0725e-004
391	2.0836e-004
392	2.5075e-006
393	2.3323e-004
394	2.0974e-004
395	1.2597e-004
396	5.1578e-005
397	2.8849e-005
398	1.3172e-005
399	6.9816e-006
400	3.7702e-006
401	1.5583e-005
402	8.0232e-006
403	5.833e-006
404	4.526e-006
405	4.5844e-006
406	4.2895e-006
407	1.6739e-004
408	9.6645e-005
409	1.6021e-004
410	2.9171e-004
411	1.8996e-004
412	2.5185e-004
413	1.0379e-005
414	5.6981e-006
415	4.1738e-006
416	2.5727e-006
417	2.924e-006
418	2.6417e-006
419	1.8199e-004
420	2.7624e-004
421	1.2105e-004
422	1.1202e-004
423	4.7541e-005
424	7.2349e-005
425	2.4751e-005
426	6.795e-006
427	1.6546e-004
428	1.8621e-005
429	1.3805e-004
430	1.8946e-004
431	4.5777e-006
432	1.1072e-004
433	4.3522e-006
434	3.7642e-005
435	1.58e-005
436	1.7416e-004
437	1.0753e-005
438	5.1022e-005
439	7.4973e-005
440	8.5178e-005
441	1.8168e-004
442	1.2614e-004
443	1.3471e-004
444	1.0363e-004
445	2.6036e-004
446	1.09e-004
447	2.6081e-004
448	1.1263e-004
449	1.7483e-004
450	9.7113e-005
451	3.6914e-004
452	1.6393e-004
453	1.0156e-004
454	1.0232e-004
455	2.0862e-004
456	1.3523e-004
457	1.1307e-004
458	1.0937e-004
459	9.4425e-005
460	9.8075e-005
461	6.8407e-005
462	1.5369e-005
463	1.6282e-004
464	4.02e-005
465	7.9119e-005
466	1.0813e-004
467	3.1564e-005
468	9.1828e-005
469	6.526e-005
470	1.0261e-004
471	1.1538e-004
472	8.9454e-005
473	1.1632e-004
474	1.2117e-004
475	1.1908e-004
476	5.1368e-005
477	1.1264e-004
478	1.2873e-004
479	9.8846e-005
480	7.4059e-005
481	9.2329e-005
482	1.1783e-004
483	2.325e-004
