Node Number	Equivalent (von-Mises) Stress (MPa)
1	1.3567
2	1.0739
3	3.3117
4	5.0515
5	7.9544
6	7.2601
7	12.299
8	33.619
9	32.377
10	65.694
11	53.785
12	114.32
13	65.227
14	85.664
15	13.075
16	11.844
17	5.6664
18	4.0739
19	2.1225
20	2.2884
21	1.6959
22	3.7573
23	4.2009
24	7.9623
25	10.625
26	52.964
27	84.174
28	116.19
29	89.386
30	123.19
31	56.305
32	26.01
33	11.059
34	12.481
35	8.5994
36	0.71102
37	1.6636
38	0.80072
39	0.65701
40	1.1574
41	0.84378
42	1.2824
43	1.248
44	0.33288
45	0.86536
46	2.7596
47	4.7891
48	13.11
49	16.288
50	49.751
51	53.445
52	49.854
53	37.207
54	144.09
55	84.915
56	21.883
57	25.248
58	7.3462
59	7.864
60	1.6253
61	1.3182
62	8.6408
63	5.5171
64	1.4417
65	3.2102
66	3.5673
67	1.1985
68	1.2936
69	1.5002
70	1.0463
71	1.7247
72	1.0374
73	0.65687
74	1.043
75	0.97292
76	4.3071
77	7.4749
78	31.307
79	69.049
80	109.51
81	94.482
82	58.891
83	27.97
84	9.2069
85	2.8741
86	2.0003
87	5.8484
88	6.7363
89	2.0483
90	10.484
91	51.358
92	6.9877
93	102.19
94	0.64894
95	59.621
96	15.86
97	2.6618
98	41.219
99	2.4622
100	17.643
101	66.968
102	28.814
103	1.19
104	9.7963
105	16.563
106	26.365
107	17.062
108	57.832
109	16.098
110	6.3791
111	41.578
112	8.6284
113	7.0337
114	41.866
115	96.285
116	1.8674
117	3.0164
118	57.536
119	24.81
120	2.5287
121	5.089
122	130.66
123	12.615
124	11.155
125	44.472
126	43.066
127	44.694
128	41.232
129	29.965
130	1.4731
131	3.8714
132	52.16
133	45.082
134	10.439
135	11.036
136	34.774
137	18.39
138	22.403
139	15.893
140	15.083
141	10.597
142	10.46
143	11.508
144	10.19
145	13.029
146	24.249
147	17.278
148	13.099
149	20.643
150	26.445
151	17.506
152	27.99
153	15.621
154	0.60049
155	0.4909
156	0.53375
157	0.61234
158	1.2655
159	2.0156
160	2.6553
161	5.1298
162	5.5632
163	13.529
164	0.67666
165	0.48424
166	0.30986
167	0.17628
168	0.29289
169	0.51203
170	0.50044
171	13.58
172	8.4475
173	3.9183
174	3.2929
175	2.0835
176	0.91318
177	0.38273
178	0.56477
179	0.5777
180	27.834
181	37.64
182	1.6055
183	1.7138
184	1.927
185	4.5529
186	9.0565
187	12.665
188	18.096
189	8.9906
190	1.5982
191	0.51433
192	15.496
193	0.51201
194	31.83
195	23.779
196	26.141
197	56.985
198	47.512
199	39.399
200	26.781
201	0.67653
202	0.51692
203	1.1436
204	1.6
205	4.5184
206	8.762
207	8.762
208	10.049
209	21.755
210	25.085
211	23.722
212	14.764
213	12.566
214	9.4673
215	4.8884
216	2.9972
217	1.8145
218	1.103
219	0.45977
220	0.18331
221	0.44234
222	2.0519
223	1.2235
224	40.278
225	1.7444
226	2.8448
227	7.6898
228	8.8184
229	10.054
230	13.68
231	20.062
232	0.46521
233	0.50655
234	0.36974
235	0.25322
236	0.24114
237	0.35234
238	1.5254
239	1.5838
240	2.1225
241	1.6288
242	1.2542
243	1.3824
244	32.572
245	35.95
246	53.1
247	44.314
248	37.542
249	20.728
250	11.86
251	20.64
252	26.171
253	3.7014
254	7.5291
255	14.885
256	8.6776
257	3.7549
258	30.281
259	6.5375
260	19.453
261	48.907
262	3.5481
263	10.964
264	2.3237
265	6.6519
266	0.48473
267	0.21341
268	0.28851
269	3.9958
270	1.6707
271	0.49854
272	3.3188
273	0.27586
274	3.3369
275	0.39217
276	1.3749
277	0.26116
278	6.8687
279	1.0779
280	8.1041
281	0.5278
282	0.88955
283	2.4824
284	3.6379
285	0.37247
286	1.3858
287	10.131
288	8.7518
289	8.0919
290	11.658
291	6.1037
292	1.2263
293	3.4608
294	18.815
295	22.279
296	30.528
297	3.344
298	2.9086
299	0.39812
300	6.3299
301	19.072
302	31.636
303	12.968
304	32.813
305	13.276
306	15.704
307	20.027
308	30.041
309	27.032
310	28.268
311	22.631
312	26.148
313	22.553
314	12.708
315	19.067
316	20.41
317	35.181
318	20.159
319	35.957
320	15.283
321	13.406
322	27.433
323	23.633
324	19.438
325	33.897
326	28.532
327	7.243
328	17.461
329	24.005
330	26.338
331	23.738
332	20.659
333	14.72
334	36.991
335	28.093
336	18.768
337	14.203
338	15.063
339	16.623
340	25.346
341	30.712
342	6.9463
343	11.694
344	10.232
345	13.296
346	7.6537
347	12.106
348	8.6422
349	7.5978
350	11.772
351	23.095
352	22.436
353	3.2692
354	21.746
355	17.955
356	17.955
357	17.955
358	5.4937
359	2.6355
360	2.959
361	1.4415
362	9.0925
363	8.528
364	29.65
365	18.786
366	32.986
367	39.836
368	34.918
369	21.974
370	24.856
371	6.4902
372	8.6881
373	0.31356
374	0.90704
375	1.8915
376	3.2633
377	5.8583
378	16.665
379	25.86
380	59.569
381	43.702
382	34.214
383	22.072
384	12.817
385	11.181
386	3.2483
387	7.7986
388	12.269
389	8.3361
390	14.207
391	12.688
392	0.19086
393	33.428
394	29.503
395	18.027
396	7.4247
397	4.2485
398	1.9929
399	1.0762
400	0.4403
401	2.5051
402	1.3075
403	0.92143
404	0.68314
405	0.54842
406	0.47126
407	14.948
408	12.929
409	31.557
410	49.979
411	26.606
412	34.456
413	1.7453
414	1.0415
415	0.68322
416	0.25758
417	0.10566
418	6.013e-002
419	41.599
420	20.935
421	11.065
422	12.865
423	7.2463
424	11.003
425	3.6467
426	0.95449
427	25.454
428	2.6913
429	20.777
430	29.214
431	0.60009
432	17.674
433	0.49687
434	7.0652
435	2.3015
436	23.215
437	1.5221
438	7.6111
439	11.668
440	13.095
441	14.412
442	17.575
443	12.005
444	9.1311
445	18.399
446	9.5142
447	17.85
448	6.0616
449	18.787
450	13.131
451	24.331
452	14.627
453	9.4107
454	16.062
455	14.316
456	13.455
457	7.9317
458	20.699
459	4.9523
460	11.228
461	5.087
462	2.6229
463	25.051
464	6.5687
465	7.8747
466	6.4886
467	2.0943
468	5.685
469	4.035
470	6.6029
471	21.623
472	14.662
473	27.31
474	16.383
475	15.642
476	4.1025
477	11.915
478	10.939
479	2.4894
480	4.4112
481	6.4234
482	13.127
483	36.187
