Node Number	Directional Deformation (mm)
1	-1.2723e-002
2	-1.6136e-002
3	0.9671
4	0.93669
5	0.93224
6	0.93456
7	1.0751
8	1.2232
9	1.5266
10	1.3969
11	2.0392
12	1.2859
13	-0.61129
14	0.15442
15	-3.7432e-002
16	-2.6649e-002
17	1.609e-004
18	-1.3233e-002
19	-9.9842e-003
20	1.6894
21	-1.4338e-002
22	-2.4851e-002
23	-4.6062e-002
24	-6.2266e-002
25	-0.25412
26	-0.85084
27	-1.9334
28	-2.02
29	-0.76681
30	-7.9954e-002
31	0.71144
32	1.2257
33	1.38
34	1.4337
35	1.5544
36	1.6332
37	-1.1554e-002
38	-2.8176e-002
39	-4.6452e-002
40	-5.8824e-002
41	-5.7293e-002
42	-5.5601e-002
43	-3.3979e-002
44	0.56019
45	-7.5344e-003
46	-2.1907e-002
47	-1.6916e-002
48	-1.1537e-002
49	-3.1337e-002
50	9.6107e-002
51	2.7516e-002
52	1.5527
53	2.5591
54	1.6432
55	1.0415
56	0.64383
57	0.48848
58	0.50698
59	0.51163
60	0.51641
61	0.63596
62	0.69989
63	0.73853
64	0.79312
65	0.84216
66	0.89889
67	-2.8138e-002
68	-3.5164e-002
69	-6.7052e-002
70	-7.3977e-002
71	-8.5614e-002
72	-6.9934e-002
73	-4.6617e-002
74	1.2394
75	-2.0983e-002
76	-5.498e-002
77	-5.4985e-003
78	-5.8665e-002
79	-1.3477
80	-1.9499
81	0.22144
82	0.82692
83	0.84898
84	1.038
85	1.1558
86	1.3463
87	1.4242
88	1.5055
89	1.5921
90	1.3264
91	-0.78599
92	9.2664e-002
93	-5.5506e-002
94	-0.11992
95	-2.2368
96	1.0414
97	-9.6011e-002
98	-0.52806
99	1.303
100	0.15989
101	-2.3957
102	1.2353
103	1.4772
104	-2.9465e-003
105	0.83505
106	0.69181
107	6.9867e-002
108	7.0064e-002
109	0.93297
110	-2.5253e-002
111	1.7282
112	0.73781
113	-2.9007e-002
114	1.7378
115	1.8883e-002
116	-5.989e-002
117	0.76628
118	0.60187
119	0.3182
120	-5.0505e-002
121	0.61536
122	0.42139
123	0.57764
124	-2.3246e-002
125	1.5337
126	0.97686
127	1.8694
128	0.23057
129	-9.4914e-002
130	-6.9605e-002
131	0.70048
132	0.83023
133	-5.8997e-003
134	1.9605e-002
135	1.0014
136	0.
137	0.
138	0.
139	0.
140	5.281e-002
141	0.12345
142	0.15601
143	0.14571
144	0.15366
145	8.7592e-002
146	0.
147	0.
148	4.0141e-002
149	5.7284e-002
150	7.8231e-002
151	8.9785e-002
152	9.3165e-002
153	7.0332e-002
154	0.
155	0.
156	8.7614e-002
157	0.1798
158	0.34101
159	0.22524
160	0.21688
161	0.13631
162	0.
163	0.
164	0.10824
165	0.19235
166	0.12544
167	0.19586
168	0.18462
169	8.8796e-002
170	0.
171	0.
172	0.
173	0.
174	0.
175	0.
176	0.
177	0.
178	0.
179	0.
180	0.
181	0.
182	0.
183	0.
184	0.
185	0.
186	0.
187	0.
188	0.
189	0.
190	0.
191	0.
192	0.
193	0.
194	0.
195	0.
196	0.
197	0.
198	0.
199	0.
200	0.
201	0.
202	0.
203	0.
204	0.
205	0.
206	0.
207	0.
208	0.
209	0.
210	0.
211	0.
212	0.
213	0.
214	-3.9279e-002
215	-6.0166e-002
216	-6.0082e-002
217	-6.2529e-002
218	-5.1898e-002
219	-4.6161e-002
220	0.
221	0.
222	0.
223	0.
224	0.
225	0.
226	0.
227	0.
228	0.
229	0.
230	0.
231	0.
232	0.
233	0.
234	1.9234e-003
235	3.5254e-003
236	3.9559e-003
237	3.8376e-003
238	2.6305e-003
239	1.2555e-003
240	2.0511e-003
241	3.5857e-003
242	3.7587e-003
243	3.4813e-003
244	2.7092e-003
245	1.2723e-003
246	0.
247	4.5735e-003
248	-7.5264e-003
249	1.5967e-003
250	-2.0248e-003
251	-2.4496e-002
252	2.0129e-004
253	6.4048e-003
254	3.6319e-002
255	1.4971e-002
256	5.5249e-003
257	5.0893e-002
258	2.0224e-002
259	4.3103e-003
260	2.7251e-002
261	3.2287e-002
262	4.3182e-002
263	3.7648e-003
264	8.4302e-003
265	1.8273e-003
266	2.6802e-002
267	4.2768e-003
268	7.0133e-002
269	2.0352e-002
270	6.5411e-003
271	1.4056e-002
272	3.3773e-003
273	-4.732e-002
274	-3.5846e-002
275	-2.1515e-002
276	-2.0272e-002
277	-8.1527e-002
278	-3.9762e-002
279	0.14842
280	0.
281	0.1736
282	3.307e-003
283	-6.9538e-003
284	0.
285	0.
286	0.
287	0.
288	0.11574
289	6.0884e-002
290	-3.3388e-003
291	0.19822
292	-3.2518e-002
293	9.3034e-002
294	5.8653e-002
295	0.
296	-0.21983
297	-0.20086
298	-0.24598
299	-0.28866
300	-0.29933
301	-0.30488
302	-0.26647
303	-0.17473
304	0.
305	0.
306	0.
307	0.
308	0.
309	0.
310	0.
311	-0.59388
312	-0.55295
313	-0.61826
314	-0.62714
315	-0.74136
316	-0.62925
317	-0.67393
318	-0.64233
319	-0.81245
320	-0.75653
321	-0.79442
322	-0.80878
323	-0.80078
324	-0.82026
325	-0.84207
326	-0.86365
327	-0.86163
328	-0.82559
329	0.
330	-0.13702
331	-0.22446
332	-0.31355
333	-0.38089
334	-0.43427
335	-0.49977
336	-0.58037
337	-0.65141
338	-0.72736
339	-0.78524
340	0.
341	0.
342	0.
343	4.5912e-003
344	8.6283e-003
345	2.4432e-002
346	5.6165e-002
347	0.12218
348	0.3096
349	0.35208
350	0.32857
351	0.29823
352	0.28213
353	0.28638
354	0.26953
355	0.23952
356	0.24167
357	0.22656
358	0.18054
359	0.12663
360	6.2165e-002
361	0.
362	0.
363	0.
364	0.
365	0.
366	0.
367	0.
368	-0.71906
369	-0.65899
370	-0.57563
371	-0.52479
372	-0.45006
373	-0.37167
374	-0.29038
375	-0.19652
376	-0.131
377	-8.4543e-002
378	0.
379	0.
380	0.
381	0.
382	0.
383	0.
384	0.
385	0.
386	0.
387	0.
388	0.
389	0.
390	0.
391	0.
392	0.50958
393	0.
394	0.
395	0.
396	0.
397	0.
398	0.
399	0.
400	0.
401	0.
402	0.
403	0.
404	0.
405	-0.21967
406	-0.24725
407	-0.23043
408	0.13747
409	-3.8008e-002
410	4.1738e-002
411	1.5902e-002
412	1.2429e-002
413	3.837e-003
414	0.30047
415	0.34218
416	0.
417	0.
418	0.
419	0.
420	0.
421	0.
422	0.
423	-0.27802
424	-0.58266
425	-0.61932
426	-0.28516
427	-0.45623
428	-0.41697
429	-0.7569
430	-0.18476
431	-0.11808
432	-0.76873
433	-0.13832
434	-0.72394
435	-0.46583
436	-0.36664
437	-0.69462
438	-0.187
439	-0.52845
440	-0.31405
441	0.26751
442	0.31456
443	5.7165e-002
444	9.3302e-002
445	-0.34686
446	-0.29262
447	-0.18041
448	-0.19761
449	-0.32799
450	-7.631e-002
451	-5.7224e-002
452	-0.10403
453	-0.24159
454	-0.17999
455	-8.9063e-002
456	-0.19047
