Node Number	Directional Deformation (mm)
1	-9.39e-003
2	-1.0411e-002
3	1.0415
4	1.069
5	1.1438
6	1.2477
7	1.4202
8	1.4763
9	1.527
10	1.3267
11	1.2016
12	0.76831
13	-5.2495e-002
14	-7.1424e-002
15	-6.18e-002
16	-4.0275e-002
17	-1.8165e-002
18	-1.0936e-002
19	-9.0532e-003
20	0.93312
21	-1.2147e-002
22	-1.5545e-002
23	-2.0159e-002
24	-3.2677e-002
25	-0.11769
26	-0.44863
27	-0.84728
28	-1.1062
29	-0.82302
30	-0.42496
31	2.3385e-002
32	0.36236
33	0.56702
34	0.67148
35	0.85402
36	0.9057
37	-1.1739e-002
38	-1.1806e-002
39	-1.1768e-002
40	-7.4523e-003
41	-7.6041e-003
42	-9.5373e-003
43	-9.9323e-003
44	0.84718
45	-9.0458e-003
46	-3.0213e-003
47	-1.4226e-002
48	-4.1823e-003
49	-2.838e-002
50	5.6416e-002
51	2.3225e-002
52	0.48997
53	1.1143
54	1.2125
55	1.1533
56	1.0024
57	0.8508
58	0.87343
59	0.86162
60	0.83567
61	0.90059
62	0.94274
63	0.93084
64	0.9708
65	0.98123
66	1.0046
67	-1.518e-002
68	-1.2661e-002
69	-1.4131e-002
70	-1.4375e-002
71	-1.3937e-002
72	-2.0719e-002
73	-1.9166e-002
74	0.51724
75	-1.7535e-002
76	-5.4808e-003
77	1.128e-002
78	-0.11725
79	-0.83244
80	-1.3269
81	-0.49581
82	-4.8283e-002
83	7.0296e-002
84	0.30754
85	0.46288
86	0.58645
87	0.6282
88	0.73412
89	0.82732
90	0.52982
91	-0.45902
92	2.5228e-002
93	-0.57623
94	-9.0709e-003
95	-1.0846
96	0.16814
97	-1.3877e-002
98	-0.91875
99	0.53812
100	6.9562e-002
101	-1.3638
102	0.15148
103	0.77273
104	1.5243e-002
105	1.1503
106	0.65578
107	-3.1948e-002
108	-0.1216
109	1.3066
110	-1.394e-003
111	0.84068
112	1.0809
113	-5.8035e-003
114	1.3832
115	-5.8422e-002
116	-1.3298e-002
117	1.0303
118	0.55024
119	0.25363
120	-9.5415e-003
121	0.93582
122	0.78352
123	0.92207
124	1.2095e-003
125	0.98452
126	1.1156
127	1.2124
128	0.12292
129	-8.7114e-002
130	-5.2832e-003
131	0.91498
132	1.0766
133	-9.1006e-002
134	2.7863e-002
135	1.329
136	0.
137	0.
138	0.
139	0.
140	1.2688e-002
141	4.0399e-002
142	3.7568e-002
143	3.8589e-002
144	3.8424e-002
145	2.1424e-002
146	0.
147	0.
148	9.5581e-003
149	1.3379e-002
150	1.9694e-002
151	2.2048e-002
152	2.4964e-002
153	2.1349e-002
154	0.
155	0.
156	3.1254e-002
157	4.6057e-002
158	0.10815
159	3.565e-002
160	0.10115
161	6.3436e-002
162	0.
163	0.
164	2.7055e-002
165	7.6816e-002
166	-4.0697e-002
167	3.1822e-002
168	4.3417e-002
169	2.2668e-002
170	0.
171	0.
172	0.
173	0.
174	0.
175	0.
176	0.
177	0.
178	0.
179	0.
180	0.
181	0.
182	0.
183	0.
184	0.
185	0.
186	0.
187	0.
188	0.
189	0.
190	0.
191	0.
192	0.
193	0.
194	0.
195	0.
196	0.
197	0.
198	0.
199	0.
200	0.
201	0.
202	0.
203	0.
204	0.
205	0.
206	0.
207	0.
208	0.
209	0.
210	0.
211	0.
212	0.
213	0.
214	-8.7434e-003
215	-1.4045e-002
216	-1.6356e-002
217	-1.8774e-002
218	-1.5705e-002
219	-1.0992e-002
220	0.
221	0.
222	0.
223	0.
224	0.
225	0.
226	0.
227	0.
228	0.
229	0.
230	0.
231	0.
232	0.
233	0.
234	6.7066e-004
235	5.0489e-004
236	3.5994e-004
237	7.0117e-004
238	4.6291e-004
239	2.2532e-004
240	-2.9e-004
241	-1.1069e-003
242	-2.0716e-003
243	-1.8482e-003
244	-1.5293e-003
245	-6.7882e-004
246	0.
247	-3.1342e-003
248	-8.1968e-004
249	-2.8965e-003
250	-2.6733e-003
251	-9.3579e-003
252	-6.1659e-004
253	1.2273e-003
254	7.0727e-003
255	2.1749e-003
256	1.2355e-003
257	1.1652e-002
258	-9.0818e-004
259	8.1914e-004
260	3.6682e-003
261	4.9258e-003
262	1.1117e-002
263	6.8318e-004
264	1.0344e-003
265	1.1503e-004
266	5.4293e-003
267	7.6789e-004
268	1.7478e-002
269	4.7895e-003
270	-6.8524e-004
271	1.7761e-003
272	-3.7099e-002
273	-1.9073e-002
274	-1.7532e-002
275	-2.1165e-002
276	-4.0931e-002
277	-4.473e-002
278	-9.2043e-003
279	2.9238e-002
280	0.
281	5.0212e-002
282	-1.0128e-003
283	2.7292e-004
284	0.
285	0.
286	0.
287	0.
288	2.6966e-002
289	1.1214e-002
290	-9.0244e-003
291	4.8435e-002
292	-9.1926e-003
293	3.1367e-002
294	1.5931e-002
295	0.
296	-8.4566e-002
297	-8.4175e-002
298	-8.5299e-002
299	-8.5674e-002
300	-9.9619e-002
301	-0.10782
302	-0.10552
303	-7.6873e-002
304	0.
305	0.
306	0.
307	0.
308	0.
309	0.
310	0.
311	-0.26344
312	-0.24583
313	-0.2783
314	-0.27638
315	-0.27462
316	-0.27374
317	-0.26593
318	-0.25319
319	-0.41799
320	-0.37063
321	-0.39359
322	-0.38
323	-0.38829
324	-0.40237
325	-0.42882
326	-0.44297
327	-0.43618
328	-0.431
329	0.
330	-7.4644e-002
331	-0.12119
332	-0.16849
333	-0.20335
334	-0.22991
335	-0.26357
336	-0.30567
337	-0.34182
338	-0.38198
339	-0.40977
340	0.
341	0.
342	0.
343	3.7828e-003
344	6.777e-003
345	1.6316e-002
346	3.5116e-002
347	7.1829e-002
348	0.17554
349	0.22272
350	0.2295
351	0.21164
352	0.1909
353	0.18917
354	0.17649
355	0.1567
356	0.15437
357	0.1422
358	0.11246
359	7.831e-002
360	3.8481e-002
361	0.
362	0.
363	0.
364	0.
365	0.
366	0.
367	0.
368	-0.3518
369	-0.33036
370	-0.29216
371	-0.26869
372	-0.23002
373	-0.18958
374	-0.1476
375	-9.8431e-002
376	-6.5619e-002
377	-4.3569e-002
378	0.
379	0.
380	0.
381	0.
382	0.
383	0.
384	0.
385	0.
386	0.
387	0.
388	0.
389	0.
390	0.
391	0.
392	0.3307
393	0.
394	0.
395	0.
396	0.
397	0.
398	0.
399	0.
400	0.
401	0.
402	0.
403	0.
404	0.
405	-8.127e-002
406	-8.5965e-002
407	-9.5496e-002
408	0.10614
409	-7.1436e-003
410	2.2559e-002
411	1.4742e-002
412	7.3352e-003
413	3.4749e-003
414	0.20341
415	0.21212
416	0.
417	0.
418	0.
419	0.
420	0.
421	0.
422	0.
423	-0.14314
424	-0.3021
425	-0.31557
426	-0.15036
427	-0.23915
428	-0.2131
429	-0.38684
430	-9.8346e-002
431	-6.2755e-002
432	-0.39334
433	-7.0328e-002
434	-0.37454
435	-0.23829
436	-0.18842
437	-0.34994
438	-0.10038
439	-0.27584
440	-0.16011
441	0.17373
442	0.21382
443	3.4518e-002
444	4.9324e-002
445	-0.15835
446	-8.5601e-002
447	-8.8803e-002
448	-5.9112e-002
449	-0.11811
450	-3.8941e-002
451	-2.9863e-002
452	2.0006e-002
453	-0.10235
454	-7.6643e-002
455	-4.5516e-002
456	-8.0769e-002
