Node Number	Directional Deformation (mm)
1	-2.902e-002
2	-2.9501e-002
3	1.0117
4	0.99795
5	1.0088
6	1.027
7	1.1677
8	1.3175
9	1.6054
10	1.4902
11	2.0979
12	1.4846
13	-0.58223
14	5.3448e-002
15	-7.1035e-002
16	-5.5958e-002
17	-1.8101e-002
18	-2.7372e-002
19	-2.4743e-002
20	1.5997
21	-3.0468e-002
22	-4.477e-002
23	-6.6736e-002
24	-8.1249e-002
25	-0.27237
26	-0.90019
27	-1.8578
28	-1.9385
29	-0.71061
30	-3.9905e-002
31	0.73457
32	1.2265
33	1.3606
34	1.3933
35	1.4957
36	1.5585
37	-3.7347e-002
38	-4.9316e-002
39	-6.5214e-002
40	-7.5934e-002
41	-7.4661e-002
42	-7.2038e-002
43	-5.0433e-002
44	0.44052
45	-3.1322e-002
46	-4.382e-002
47	-3.5497e-002
48	-5.3466e-003
49	-2.9329e-002
50	0.12274
51	4.7785e-002
52	1.3015
53	2.3346
54	1.6099
55	1.0436
56	0.60874
57	0.42521
58	0.431
59	0.42208
60	0.41256
61	0.54248
62	0.63168
63	0.69354
64	0.77276
65	0.84285
66	0.92179
67	-5.5072e-002
68	-5.3792e-002
69	-8.8657e-002
70	-9.928e-002
71	-0.10823
72	-9.5888e-002
73	-7.3654e-002
74	0.97435
75	-4.9174e-002
76	-7.9314e-002
77	1.2521e-002
78	7.6587e-003
79	-1.2958
80	-2.0968
81	1.1076e-002
82	0.62374
83	0.63454
84	0.81153
85	0.91267
86	1.1176
87	1.2302
88	1.3492
89	1.4688
90	1.2305
91	-0.79241
92	7.8779e-002
93	-4.34e-002
94	-0.14223
95	-2.2577
96	0.87413
97	-0.11918
98	-0.73425
99	1.1313
100	0.20311
101	-2.3984
102	1.1664
103	1.3753
104	7.2295e-003
105	0.84918
106	0.75391
107	4.355e-002
108	-1.2559e-002
109	0.98368
110	-6.6166e-003
111	1.5892
112	0.73787
113	-4.5279e-002
114	1.7304
115	2.2449e-003
116	-7.9436e-002
117	0.79359
118	0.67587
119	0.26017
120	-6.6258e-002
121	0.55697
122	0.42806
123	0.54157
124	-1.7091e-002
125	1.4432
126	1.0158
127	1.8969
128	0.28373
129	-0.11903
130	-8.5142e-002
131	0.67445
132	0.8355
133	-8.7191e-003
134	3.0662e-002
135	1.0749
136	0.
137	0.
138	0.
139	0.
140	1.8578e-002
141	0.12859
142	0.16159
143	0.15131
144	0.16853
145	9.567e-002
146	0.
147	0.
148	4.2311e-002
149	5.8733e-002
150	7.9318e-002
151	8.8295e-002
152	9.5754e-002
153	8.0004e-002
154	0.
155	0.
156	0.10466
157	0.18362
158	0.32901
159	0.22146
160	0.26098
161	0.11825
162	0.
163	0.
164	0.12413
165	0.21136
166	7.2811e-002
167	0.18463
168	0.17987
169	0.10026
170	0.
171	0.
172	0.
173	0.
174	0.
175	0.
176	0.
177	0.
178	0.
179	0.
180	0.
181	0.
182	0.
183	0.
184	0.
185	0.
186	0.
187	0.
188	0.
189	0.
190	0.
191	0.
192	0.
193	0.
194	0.
195	0.
196	0.
197	0.
198	0.
199	0.
200	0.
201	0.
202	0.
203	0.
204	0.
205	0.
206	0.
207	0.
208	0.
209	0.
210	0.
211	0.
212	0.
213	0.
214	-5.0242e-002
215	-7.6495e-002
216	-7.7413e-002
217	-8.1318e-002
218	-6.8304e-002
219	-5.9587e-002
220	0.
221	0.
222	0.
223	0.
224	0.
225	0.
226	0.
227	0.
228	0.
229	0.
230	0.
231	0.
232	0.
233	0.
234	1.7417e-003
235	3.1425e-003
236	3.2678e-003
237	3.0511e-003
238	1.8304e-003
239	6.4122e-004
240	1.7706e-003
241	3.047e-003
242	2.7754e-003
243	2.4469e-003
244	1.7935e-003
245	5.9898e-004
246	0.
247	3.3312e-003
248	-1.4739e-002
249	2.1029e-004
250	-6.1897e-003
251	-4.5548e-002
252	-2.9392e-003
253	5.4169e-003
254	3.4866e-002
255	1.5796e-002
256	5.1749e-003
257	5.3178e-002
258	2.0817e-002
259	3.4537e-003
260	2.8869e-002
261	2.4624e-002
262	4.461e-002
263	3.4601e-003
264	9.2135e-003
265	1.0084e-003
266	2.6895e-002
267	4.3694e-003
268	7.1438e-002
269	2.1003e-002
270	6.2852e-003
271	1.3016e-002
272	-3.2844e-002
273	-6.7476e-002
274	-5.1375e-002
275	-3.3366e-002
276	-5.5093e-002
277	-9.269e-002
278	-5.054e-002
279	0.16379
280	0.
281	0.19148
282	2.9998e-003
283	-1.099e-002
284	0.
285	0.
286	0.
287	0.
288	0.1224
289	5.9022e-002
290	-9.8459e-003
291	0.20663
292	-4.2681e-002
293	0.11278
294	6.184e-002
295	0.
296	-0.27932
297	-0.22554
298	-0.30528
299	-0.34393
300	-0.37208
301	-0.35659
302	-0.30703
303	-0.19773
304	0.
305	0.
306	0.
307	0.
308	0.
309	0.
310	0.
311	-0.77589
312	-0.64191
313	-0.7143
314	-0.73854
315	-0.85651
316	-0.76699
317	-0.81012
318	-0.80657
319	-0.95727
320	-0.88507
321	-1.0007
322	-1.0415
323	-0.9945
324	-1.0021
325	-1.0221
326	-1.0384
327	-1.0251
328	-0.97957
329	0.
330	-0.16514
331	-0.26904
332	-0.37522
333	-0.45464
334	-0.5171
335	-0.59376
336	-0.68834
337	-0.77167
338	-0.86061
339	-0.92785
340	0.
341	0.
342	0.
343	6.1454e-003
344	1.152e-002
345	3.1248e-002
346	7.0402e-002
347	0.14985
348	0.37608
349	0.43617
350	0.41789
351	0.38956
352	0.37476
353	0.38031
354	0.35822
355	0.31873
356	0.31804
357	0.29617
358	0.23552
359	0.16499
360	8.1092e-002
361	0.
362	0.
363	0.
364	0.
365	0.
366	0.
367	0.
368	-0.88991
369	-0.80704
370	-0.69819
371	-0.63562
372	-0.54466
373	-0.44937
374	-0.35044
375	-0.2364
376	-0.15748
377	-0.10233
378	0.
379	0.
380	0.
381	0.
382	0.
383	0.
384	0.
385	0.
386	0.
387	0.
388	0.
389	0.
390	0.
391	0.
392	0.66287
393	0.
394	0.
395	0.
396	0.
397	0.
398	0.
399	0.
400	0.
401	0.
402	0.
403	0.
404	0.
405	-0.26737
406	-0.31342
407	-0.26993
408	0.19143
409	-3.9313e-002
410	5.5664e-002
411	2.1466e-002
412	1.6068e-002
413	5.179e-003
414	0.39632
415	0.43818
416	0.
417	0.
418	0.
419	0.
420	0.
421	0.
422	0.
423	-0.33374
424	-0.69796
425	-0.74918
426	-0.34191
427	-0.54568
428	-0.50191
429	-0.90905
430	-0.22325
431	-0.14175
432	-0.93076
433	-0.16609
434	-0.8614
435	-0.55936
436	-0.43969
437	-0.84519
438	-0.22469
439	-0.62869
440	-0.37798
441	0.34272
442	0.40965
443	7.5578e-002
444	0.12819
445	-0.39645
446	-0.33184
447	-0.2104
448	-0.22469
449	-0.37222
450	-9.0163e-002
451	-6.7605e-002
452	-0.1203
453	-0.274
454	-0.2056
455	-0.10438
456	-0.2102
