Node Number	Directional Deformation (mm)
1	-1.9967e-004
2	-4.1452e-004
3	-7.2248
4	-8.8329
5	-10.267
6	-11.584
7	-12.496
8	-12.639
9	-12.07
10	-8.5224
11	-2.0377
12	0.91307
13	-0.46275
14	-0.14101
15	4.6398e-002
16	-1.6113e-002
17	-8.5102e-003
18	5.6788e-003
19	6.695e-003
20	-7.2898
21	6.7441e-003
22	2.3929e-003
23	-1.1093e-002
24	-6.4583e-003
25	2.4088e-002
26	-0.1168
27	-9.6856e-002
28	0.30666
29	-3.3539
30	-9.2715
31	-12.152
32	-12.752
33	-12.605
34	-11.67
35	-10.314
36	-8.8776
37	4.9244e-003
38	1.6075e-004
39	-1.3335e-003
40	1.1224e-003
41	3.9739e-003
42	5.72e-003
43	5.9735e-003
44	-7.2497
45	-1.4286e-003
46	-1.21e-002
47	-3.8905e-003
48	7.2954e-002
49	8.6068e-003
50	-1.7607e-002
51	-0.17137
52	0.41495
53	-8.8371e-002
54	-9.5583
55	-12.976
56	-13.283
57	-12.673
58	-11.475
59	-10.203
60	-8.7682
61	-7.3777
62	-7.4828
63	-7.5365
64	-7.5864
65	-7.5454
66	-7.4337
67	3.1677e-003
68	7.5294e-003
69	2.053e-003
70	2.2185e-003
71	1.2863e-003
72	-1.6789e-003
73	-3.7231e-003
74	-7.3016
75	-1.1535e-002
76	-1.143e-003
77	0.1299
78	-0.30555
79	-0.17541
80	-3.1604e-002
81	-9.7039
82	-13.72
83	-13.173
84	-11.342
85	-9.4293
86	-7.4698
87	-7.5778
88	-7.6412
89	-7.5334
90	-12.584
91	-0.46145
92	0.12375
93	-8.0852
94	9.8549e-003
95	0.59502
96	-13.121
97	-2.9536e-002
98	-7.635
99	-10.458
100	-0.20049
101	0.27624
102	-12.799
103	-10.173
104	5.7248e-002
105	-12.91
106	-2.7916e-002
107	0.13805
108	-0.38113
109	-12.745
110	2.8542e-002
111	-3.1896
112	-11.558
113	-1.9027e-004
114	-11.244
115	-0.42251
116	-7.7305e-004
117	-10.558
118	1.8764
119	4.1815e-002
120	-1.5336e-002
121	-9.9259
122	-10.339
123	-12.526
124	1.893e-002
125	-6.0682
126	-12.044
127	-3.3516
128	0.3438
129	-3.9842e-002
130	-2.4581e-003
131	-9.1953
132	-12.822
133	-6.265e-003
134	5.3491e-002
135	-13.03
136	0.
137	0.
138	0.
139	0.
140	-4.1134e-013
141	-1.0237e-012
142	-8.4633e-013
143	6.4431e-013
144	1.0086e-012
145	6.3271e-013
146	0.
147	0.
148	2.4373e-014
149	-4.9254e-014
150	-3.4009e-013
151	-2.7424e-013
152	-2.964e-013
153	-1.1611e-013
154	0.
155	0.
156	-2.459e-013
157	-1.0119e-012
158	-1.0203e-011
159	4.2665e-012
160	2.4731e-013
161	4.071e-013
162	0.
163	0.
164	0.
165	0.
166	0.
167	0.
168	0.
169	0.
170	0.
171	0.
172	0.
173	9.3684e-015
174	1.7006e-014
175	2.1985e-014
176	2.1934e-014
177	1.5036e-014
178	7.2058e-015
179	0.
180	0.
181	0.
182	0.
183	0.
184	0.
185	0.
186	0.
187	0.
188	0.
189	0.
190	0.
191	5.3008e-015
192	1.5908e-014
193	2.417e-014
194	2.1822e-014
195	1.7107e-014
196	8.9815e-015
197	0.
198	0.
199	0.
200	0.
201	0.
202	0.
203	0.
204	0.
205	0.
206	0.
207	0.
208	0.
209	0.
210	0.
211	0.
212	0.
213	0.
214	0.
215	0.
216	0.
217	0.
218	0.
219	0.
220	0.
221	0.
222	0.
223	0.
224	0.
225	0.
226	0.
227	0.
228	0.
229	0.
230	0.
231	0.
232	0.
233	0.
234	0.
235	0.
236	0.
237	0.
238	-3.0467e-014
239	-1.9018e-014
240	-5.8373e-015
241	7.0888e-016
242	-8.6967e-015
243	-1.9503e-014
244	-1.3134e-012
245	2.5819e-012
246	9.4012e-012
247	1.0762e-011
248	3.5627e-013
249	6.3097e-013
250	0.
251	9.6347e-013
252	-2.5886e-012
253	-3.0734e-014
254	6.8682e-014
255	-2.6834e-012
256	-7.5012e-014
257	3.0952e-013
258	8.4041e-012
259	3.7688e-014
260	-6.7963e-013
261	-2.7625e-014
262	6.6104e-013
263	-4.3194e-014
264	9.7918e-015
265	2.4255e-015
266	-3.6111e-013
267	-1.971e-013
268	-3.4979e-014
269	-1.7111e-013
270	-7.5892e-014
271	-2.3368e-013
272	9.1552e-015
273	-1.3344e-013
274	1.1849e-014
275	-3.3253e-013
276	-4.3921e-014
277	-2.1238e-013
278	6.4004e-015
279	-1.2267e-015
280	-1.4683e-013
281	-8.1148e-014
282	9.5546e-016
283	-4.6855e-014
284	-1.5526e-013
285	-3.1914e-013
286	-1.0212e-013
287	2.4553e-012
288	0.
289	0.
290	-1.7539e-013
291	1.551e-012
292	5.8083e-014
293	1.6561e-012
294	1.1152e-013
295	4.8348e-015
296	-3.064e-014
297	-6.248e-013
298	-7.2345e-013
299	1.2257e-012
300	-1.5442e-014
301	7.0233e-013
302	-1.3593e-013
303	-8.0827
304	-8.0827
305	-8.0827
306	-8.0827
307	-8.0827
308	-8.0827
309	-8.0827
310	-8.0827
311	-8.0827
312	-8.0827
313	-8.0827
314	-8.0827
315	-8.0827
316	-8.0827
317	-8.0827
318	-8.0827
319	-8.0827
320	-8.0827
321	-8.0827
322	-8.0827
323	-8.0827
324	-8.0827
325	-8.0827
326	-8.0827
327	-8.0827
328	-8.0827
329	-8.0827
330	-8.0827
331	-8.0827
332	-8.0827
333	-8.0827
334	-8.0827
335	-8.0827
336	-8.0827
337	-8.0827
338	-8.0827
339	-8.0827
340	-8.0827
341	-8.0827
342	-8.0827
343	-8.0827
344	-8.0827
345	-8.0827
346	-8.0827
347	-8.0827
348	-8.0827
349	-8.0827
350	-8.0827
351	-8.0827
352	-8.0827
353	-8.0827
354	-8.0827
355	-8.0827
356	-8.0827
357	-8.0827
358	-8.0827
359	-8.0827
360	-8.0827
361	-8.0827
362	-8.0827
363	-8.0827
364	-8.0827
365	-8.0827
366	-8.0827
367	-8.0827
368	-8.0827
369	-8.0827
370	-8.0827
371	-8.0827
372	-8.0827
373	-8.0827
374	-8.0827
375	-8.0827
376	-8.0827
377	-8.0827
378	-8.0827
379	-8.0827
380	-8.0827
381	-8.0827
382	-8.0827
383	-8.0827
384	-8.0827
385	-8.0827
386	-8.0827
387	-8.0827
388	-8.0827
389	-8.0827
390	-8.0827
391	-8.0827
392	-8.0827
393	-8.0827
394	-8.0827
395	-8.0827
396	-8.0827
397	-8.0827
398	-8.0827
399	-8.0827
400	-8.0827
401	-8.0827
402	-8.0827
403	-8.0827
404	-8.0827
405	-8.0827
406	-8.0827
407	-8.0827
408	-8.0827
409	-8.0827
410	-8.0827
411	-8.0827
412	-8.0827
413	-8.0827
414	-8.0827
415	-8.0827
416	-8.0827
417	-8.0827
418	-8.0827
419	-8.0827
420	-8.0827
421	-8.0827
422	-8.0827
423	-8.0827
424	-8.0827
425	-8.0827
426	-8.0827
427	-8.0827
428	-8.0827
429	-8.0827
430	-8.0827
431	-8.0827
432	-8.0827
433	-8.0827
434	-8.0827
435	-8.0827
436	-8.0827
437	-8.0827
438	-8.0827
439	-8.0827
440	-8.0827
441	-8.0827
442	-8.0827
443	-8.0827
444	-8.0827
445	-8.0827
446	-8.0827
447	-8.0827
448	-8.0827
449	-8.0827
450	-8.0827
451	-8.0827
452	-8.0827
453	-8.0827
454	-8.0827
455	-8.0827
456	-8.0827
457	-8.0827
458	-8.0827
459	-8.0827
460	-8.0827
461	-8.0827
462	-8.0827
463	-8.0827
464	-8.0827
465	-8.0827
466	-8.0827
467	-8.0827
468	-8.0827
469	-8.0827
470	-8.0827
471	-8.0827
472	-8.0827
473	-8.0827
474	-8.0827
