Node Number	Directional Deformation (mm)
1	2.5159e-003
2	2.2013e-003
3	-15.053
4	-15.885
5	-16.543
6	-17.083
7	-17.132
8	-16.225
9	-14.5
10	-9.8828
11	-3.0052
12	0.65108
13	8.2317e-002
14	-0.20614
15	1.7856e-002
16	7.9972e-003
17	2.6181e-003
18	-3.4331e-003
19	-2.3629e-003
20	-15.091
21	-4.9845e-003
22	-4.4062e-003
23	6.9256e-003
24	-3.7075e-004
25	5.7895e-003
26	-0.14116
27	0.41208
28	0.23814
29	-4.0299
30	-10.736
31	-14.684
32	-16.366
33	-17.228
34	-17.172
35	-16.574
36	-15.903
37	-7.8074e-004
38	-6.3053e-003
39	-2.7631e-003
40	-2.9805e-003
41	-4.3406e-003
42	-1.1153e-003
43	-1.5655e-003
44	-15.112
45	-7.9929e-003
46	5.163e-004
47	3.6717e-002
48	5.719e-002
49	-0.2491
50	-0.20045
51	-0.1679
52	0.68642
53	-0.93976
54	-11.033
55	-15.474
56	-17.167
57	-17.502
58	-17.018
59	-16.544
60	-15.875
61	-15.215
62	-15.281
63	-15.305
64	-15.346
65	-15.321
66	-15.234
67	-5.2315e-003
68	-4.2305e-003
69	-3.4987e-003
70	-9.2699e-003
71	-3.2508e-003
72	-1.703e-003
73	-8.179e-003
74	-15.136
75	-8.3138e-003
76	3.1922e-002
77	-9.8204e-003
78	-0.45935
79	-4.908e-002
80	-0.38231
81	-11.242
82	-16.703
83	-17.757
84	-17.011
85	-16.191
86	-15.262
87	-15.321
88	-15.375
89	-15.292
90	-17.655
91	-0.30589
92	1.7253e-002
93	-9.3686
94	1.469e-002
95	1.3271
96	-17.106
97	4.5661e-003
98	-9.3027
99	-16.645
100	-0.24673
101	0.44464
102	-15.857
103	-16.634
104	-2.1377e-002
105	-16.793
106	-0.41325
107	-8.8937e-003
108	-0.10273
109	-17.413
110	-9.4424e-002
111	-4.6069
112	-17.033
113	2.5849e-002
114	-13.392
115	-0.22079
116	1.2425e-002
117	-16.827
118	2.1543
119	0.24644
120	-4.5616e-003
121	-16.432
122	-12.678
123	-17.215
124	1.859e-002
125	-7.8082
126	-14.907
127	-4.2716
128	0.88384
129	-0.2047
130	-2.5859e-003
131	-16.097
132	-15.742
133	0.17286
134	-0.10949
135	-17.169
136	0.
137	0.
138	0.
139	0.
140	-4.5288e-011
141	-9.5337e-011
142	-1.145e-010
143	-9.7331e-011
144	-7.1539e-011
145	-3.6955e-011
146	0.
147	0.
148	-2.8642e-011
149	-5.9082e-011
150	-7.9897e-011
151	-7.9452e-011
152	-5.4467e-011
153	-2.5876e-011
154	0.
155	0.
156	-6.0563e-011
157	-9.8899e-011
158	-2.781e-010
159	-1.0498e-010
160	-9.7057e-011
161	-4.6996e-011
162	0.
163	0.
164	0.
165	0.
166	0.
167	0.
168	0.
169	0.
170	0.
171	0.
172	0.
173	1.1889e-012
174	2.3384e-012
175	3.0095e-012
176	3.0044e-012
177	2.2396e-012
178	1.1782e-012
179	0.
180	0.
181	0.
182	0.
183	0.
184	0.
185	0.
186	0.
187	0.
188	0.
189	0.
190	0.
191	9.54e-013
192	2.3273e-012
193	3.2845e-012
194	2.9778e-012
195	2.375e-012
196	1.1518e-012
197	0.
198	0.
199	0.
200	0.
201	0.
202	0.
203	0.
204	0.
205	0.
206	0.
207	0.
208	0.
209	0.
210	0.
211	0.
212	0.
213	0.
214	0.
215	0.
216	0.
217	0.
218	0.
219	0.
220	0.
221	0.
222	0.
223	0.
224	0.
225	0.
226	0.
227	0.
228	0.
229	0.
230	0.
231	0.
232	0.
233	0.
234	0.
235	0.
236	0.
237	0.
238	6.3292e-013
239	-2.5048e-013
240	-7.8688e-013
241	-1.7703e-012
242	-1.5242e-012
243	-9.1061e-013
244	-4.4126e-011
245	-8.4964e-011
246	-1.4248e-010
247	-1.0407e-010
248	-7.3279e-011
249	-3.2947e-011
250	0.
251	-2.5326e-011
252	-3.2456e-011
253	-1.2805e-011
254	-1.0283e-011
255	-6.1534e-011
256	-8.9459e-012
257	-1.7812e-011
258	-5.2089e-011
259	-4.584e-012
260	-2.4122e-011
261	-1.4082e-012
262	-9.1149e-012
263	-2.2288e-012
264	2.3964e-012
265	1.1624e-012
266	-9.5155e-011
267	-2.0024e-011
268	-1.435e-012
269	-2.5533e-011
270	-7.2039e-012
271	-3.3671e-011
272	2.1921e-012
273	-1.1662e-011
274	2.2288e-012
275	-5.8665e-011
276	-4.2448e-012
277	-2.9861e-011
278	1.2958e-012
279	7.3902e-013
280	-1.6687e-011
281	-8.7071e-012
282	6.8781e-013
283	-3.1003e-012
284	-2.7225e-011
285	-6.3202e-011
286	-3.4582e-011
287	-9.4296e-011
288	0.
289	0.
290	-2.056e-011
291	-5.5712e-011
292	-6.6617e-012
293	-8.7505e-011
294	-1.0969e-011
295	7.3956e-013
296	-3.9227e-011
297	-5.2891e-011
298	-1.2389e-011
299	-1.0383e-010
300	-5.4091e-013
301	-3.1476e-011
302	-1.0542e-010
303	-21.411
304	-22.982
305	-22.167
306	-23.826
307	-23.104
308	-23.294
309	-23.467
310	-23.39
311	-23.527
312	-23.768
313	-22.935
314	-23.302
315	-22.63
316	-22.269
317	-22.076
318	-21.924
319	-21.713
320	-21.577
321	-18.567
322	-18.647
323	-18.796
324	-19.038
325	-19.32
326	-19.67
327	-20.22
328	-20.865
329	-21.558
330	-22.231
331	-16.792
332	-17.034
333	-17.271
334	-17.513
335	-17.751
336	-18.02
337	-18.281
338	-20.526
339	-19.748
340	-19.048
341	-18.446
342	-17.926
343	-17.524
344	-17.208
345	-16.971
346	-16.836
347	-24.402
348	-25.
349	-25.
350	-25.
351	-25.
352	-25.
353	-25.
354	-25.
355	-25.
356	-25.
357	-24.97
358	-18.43
359	-23.324
360	-23.762
361	-24.355
362	-24.142
363	-24.114
364	-24.173
365	-24.033
366	-23.973
367	-16.741
368	-16.737
369	-25.001
370	-25.
371	-25.003
372	-24.999
373	-24.999
374	-24.948
375	-25.014
376	-24.717
377	-23.677
378	-22.398
379	-21.271
380	-20.321
381	-19.492
382	-18.758
383	-18.172
384	-17.695
385	-17.287
386	-17.05
387	-16.866
388	-25.
389	-25.
390	-25.
391	-25.
392	-25.
393	-25.
394	-25.
395	-25.
396	-25.
397	-24.992
398	-25.
399	-25.001
400	-24.999
401	-24.999
402	-24.999
403	-25.
404	-25.
405	-25.
406	-25.
407	-25.
408	-25.
409	-25.
410	-25.
411	-25.
412	-25.
413	-25.
414	-25.
415	-23.135
416	-23.613
417	-21.704
418	-19.224
419	-25.
420	-25.
421	-25.
422	-25.
423	-25.
424	-25.
425	-25.
426	-25.
427	-25.
428	-25.
429	-25.
430	-25.
431	-25.
432	-25.215
433	-25.
434	-24.984
435	-21.841
436	-24.961
437	-17.86
438	-20.467
439	-18.702
440	-20.042
441	-18.024
442	-18.804
443	-17.504
444	-21.247
445	-19.42
446	-20.565
447	-18.357
448	-18.583
449	-19.42
450	-19.203
451	-17.16
452	-18.226
453	-21.658
454	-21.167
455	-19.453
456	-19.276
457	-17.887
458	-24.994
459	-25.112
460	-25.162
461	-19.624
462	-20.504
463	-18.834
464	-23.239
465	-23.084
466	-21.168
467	-17.931
468	-18.321
469	-17.404
470	-21.916
471	-22.875
472	-20.216
473	-18.741
474	-17.353
