Node Number	Directional Deformation (mm)
1	7.4601e-004
2	-5.3174e-004
3	-13.422
4	-14.639
5	-15.654
6	-16.535
7	-17.
8	-16.623
9	-15.459
10	-10.823
11	-2.6554
12	1.4186
13	-0.32458
14	-0.18111
15	4.9966e-002
16	-8.4076e-003
17	-4.2795e-003
18	3.943e-003
19	4.8247e-003
20	-13.471
21	3.2778e-003
22	8.5275e-004
23	-3.9029e-003
24	-8.6578e-003
25	2.3327e-002
26	-0.13382
27	0.15371
28	0.5823
29	-4.416
30	-11.846
31	-15.614
32	-16.774
33	-17.125
34	-16.615
35	-15.685
36	-14.67
37	3.8225e-003
38	-3.6791e-003
39	-2.8124e-003
40	-1.2231e-003
41	1.1119e-003
42	5.0223e-003
43	4.504e-003
44	-13.102
45	-5.9346e-003
46	-8.9207e-003
47	2.2723e-002
48	9.7516e-002
49	-0.16427
50	-0.16651
51	-0.24481
52	0.27594
53	-1.4036
54	-12.575
55	-16.939
56	-17.464
57	-17.19
58	-16.301
59	-15.385
60	-14.294
61	-13.315
62	-13.489
63	-13.606
64	-13.714
65	-13.713
66	-13.623
67	-3.3414e-004
68	4.4737e-003
69	5.4355e-004
70	-3.3646e-003
71	-1.7303e-003
72	-2.5137e-003
73	-7.913e-003
74	-13.139
75	-1.3889e-002
76	2.056e-002
77	9.6134e-002
78	-0.54336
79	-0.27054
80	-0.94723
81	-12.864
82	-17.915
83	-17.675
84	-16.217
85	-14.801
86	-13.42
87	-13.621
88	-13.762
89	-13.702
90	-17.445
91	-0.64019
92	9.1852e-002
93	-10.499
94	1.4635e-002
95	1.2296
96	-17.485
97	-2.5019e-002
98	-9.9758
99	-15.784
100	-0.32704
101	0.54371
102	-16.753
103	-15.712
104	2.5561e-002
105	-17.188
106	-2.1282e-003
107	8.9873e-002
108	-0.4108
109	-17.389
110	-4.0305e-002
111	-4.4347
112	-16.582
113	1.5316e-002
114	-14.548
115	-0.56657
116	6.844e-003
117	-16.005
118	3.0291
119	0.13381
120	-1.7555e-002
121	-15.298
122	-13.453
123	-17.088
124	2.4074e-002
125	-7.9386
126	-15.725
127	-4.3977
128	0.71218
129	-0.1562
130	-4.8457e-003
131	-14.881
132	-16.724
133	0.11401
134	-2.6509e-002
135	-17.409
136	0.
137	0.
138	0.
139	0.
140	-3.3911e-011
141	-7.4474e-011
142	-8.7586e-011
143	-7.2436e-011
144	-5.2802e-011
145	-2.7483e-011
146	0.
147	0.
148	-2.1307e-011
149	-4.4028e-011
150	-6.0017e-011
151	-5.9557e-011
152	-4.0423e-011
153	-1.9363e-011
154	0.
155	0.
156	-3.9927e-011
157	-7.7249e-011
158	-2.3602e-010
159	-6.2777e-011
160	-7.4697e-011
161	-3.6465e-011
162	0.
163	0.
164	0.
165	0.
166	0.
167	0.
168	0.
169	0.
170	0.
171	0.
172	0.
173	8.4861e-013
174	1.7167e-012
175	2.2509e-012
176	2.2792e-012
177	1.7363e-012
178	9.2067e-013
179	0.
180	0.
181	0.
182	0.
183	0.
184	0.
185	0.
186	0.
187	0.
188	0.
189	0.
190	0.
191	7.9088e-013
192	1.8141e-012
193	2.4885e-012
194	2.2083e-012
195	1.7431e-012
196	8.4385e-013
197	0.
198	0.
199	0.
200	0.
201	0.
202	0.
203	0.
204	0.
205	0.
206	0.
207	0.
208	0.
209	0.
210	0.
211	0.
212	0.
213	0.
214	0.
215	0.
216	0.
217	0.
218	0.
219	0.
220	0.
221	0.
222	0.
223	0.
224	0.
225	0.
226	0.
227	0.
228	0.
229	0.
230	0.
231	0.
232	0.
233	0.
234	0.
235	0.
236	0.
237	0.
238	5.841e-013
239	-9.5622e-014
240	-4.6502e-013
241	-1.284e-012
242	-1.1476e-012
243	-6.7587e-013
244	-4.2469e-011
245	-5.8691e-011
246	-8.1181e-011
247	-5.9287e-011
248	-5.6453e-011
249	-2.2394e-011
250	0.
251	-1.8732e-011
252	-2.8466e-011
253	-1.0076e-011
254	-8.2273e-012
255	-5.361e-011
256	-7.1125e-012
257	-1.3614e-011
258	-2.8879e-011
259	-3.4178e-012
260	-2.1082e-011
261	-1.0498e-012
262	-6.2111e-012
263	-1.269e-012
264	2.1363e-012
265	9.8554e-013
266	-7.0849e-011
267	-1.3073e-011
268	-6.8844e-013
269	-1.6158e-011
270	-4.1124e-012
271	-2.3747e-011
272	1.9013e-012
273	-7.4494e-012
274	1.7904e-012
275	-4.2676e-011
276	-2.4737e-012
277	-2.2432e-011
278	1.0851e-012
279	7.7366e-013
280	-1.0358e-011
281	-5.5625e-012
282	5.6876e-013
283	-1.9476e-012
284	-1.9568e-011
285	-4.7362e-011
286	-2.7995e-011
287	-6.9502e-011
288	0.
289	0.
290	-1.2835e-011
291	-4.0358e-011
292	-5.0323e-012
293	-6.6754e-011
294	-8.7826e-012
295	5.5639e-013
296	-3.1096e-011
297	-4.0855e-011
298	-1.1106e-011
299	-7.7274e-011
300	-2.8799e-013
301	-2.3217e-011
302	-7.9106e-011
303	-22.309
304	-23.484
305	-22.896
306	-24.267
307	-23.574
308	-23.732
309	-23.861
310	-23.789
311	-23.914
312	-24.165
313	-23.573
314	-23.934
315	-23.31
316	-22.99
317	-22.822
318	-22.71
319	-22.559
320	-22.443
321	-20.215
322	-20.276
323	-20.39
324	-20.575
325	-20.791
326	-21.06
327	-21.482
328	-21.975
329	-22.508
330	-23.027
331	-18.754
332	-18.954
333	-19.15
334	-19.35
335	-19.547
336	-19.767
337	-19.981
338	-21.626
339	-21.027
340	-20.488
341	-20.026
342	-19.627
343	-19.317
344	-19.074
345	-18.892
346	-18.788
347	-24.62
348	-25.
349	-25.
350	-25.
351	-25.
352	-25.
353	-25.
354	-25.
355	-25.
356	-25.
357	-24.98
358	-20.106
359	-23.849
360	-24.061
361	-24.588
362	-24.381
363	-24.343
364	-24.378
365	-24.269
366	-24.219
367	-18.711
368	-18.709
369	-25.001
370	-25.
371	-25.002
372	-24.999
373	-25.
374	-24.961
375	-25.01
376	-24.787
377	-24.005
378	-23.044
379	-22.186
380	-21.459
381	-20.822
382	-20.257
383	-19.807
384	-19.441
385	-19.129
386	-18.947
387	-18.806
388	-25.
389	-25.
390	-25.
391	-25.
392	-25.
393	-25.
394	-25.
395	-25.
396	-25.
397	-24.995
398	-25.
399	-25.
400	-25.
401	-24.999
402	-24.999
403	-25.
404	-25.
405	-25.
406	-25.
407	-25.
408	-25.
409	-25.
410	-25.
411	-25.
412	-25.
413	-25.
414	-25.
415	-23.721
416	-24.084
417	-22.618
418	-20.716
419	-25.
420	-25.
421	-25.
422	-25.
423	-25.
424	-25.
425	-25.
426	-25.
427	-25.
428	-25.
429	-25.
430	-25.
431	-25.
432	-25.164
433	-25.
434	-24.988
435	-22.626
436	-24.971
437	-19.602
438	-21.637
439	-20.278
440	-21.28
441	-19.757
442	-20.331
443	-19.339
444	-22.218
445	-20.85
446	-21.665
447	-20.035
448	-20.204
449	-20.823
450	-20.618
451	-19.053
452	-19.868
453	-22.553
454	-22.136
455	-20.829
456	-20.667
457	-19.614
458	-24.995
459	-25.095
460	-25.111
461	-21.019
462	-21.654
463	-20.387
464	-23.676
465	-23.627
466	-22.121
467	-19.638
468	-20.005
469	-19.256
470	-22.728
471	-23.41
472	-21.396
473	-20.261
474	-19.194
