Node Number	Directional Deformation (mm)
1	2.9741e-003
2	2.6299e-003
3	-14.88
4	-15.752
5	-16.45
6	-17.027
7	-17.131
8	-16.304
9	-14.66
10	-10.036
11	-2.9892
12	0.75056
13	3.5674e-002
14	-0.21126
15	2.1811e-002
16	7.1815e-003
17	1.6495e-003
18	-3.0323e-003
19	-1.5835e-003
20	-14.919
21	-4.2927e-003
22	-4.2971e-003
23	5.8854e-003
24	-2.3043e-004
25	8.4015e-003
26	-0.1498
27	0.3773
28	0.28712
29	-4.1013
30	-10.915
31	-14.84
32	-16.446
33	-17.233
34	-17.114
35	-16.48
36	-15.771
37	-1.1624e-004
38	-6.2819e-003
39	-2.84e-003
40	-2.8173e-003
41	-3.9232e-003
42	-1.9795e-004
43	-7.3353e-004
44	-14.895
45	-8.3538e-003
46	-6.935e-004
47	3.7333e-002
48	6.734e-002
49	-0.24217
50	-0.20313
51	-0.18818
52	0.7408
53	-0.74402
54	-11.177
55	-15.648
56	-17.238
57	-17.474
58	-16.948
59	-16.423
60	-15.706
61	-15.011
62	-15.091
63	-15.127
64	-15.175
65	-15.151
66	-15.063
67	-4.8076e-003
68	-3.2472e-003
69	-2.8481e-003
70	-9.1205e-003
71	-3.1165e-003
72	-1.8041e-003
73	-8.5069e-003
74	-14.92
75	-9.5798e-003
76	3.2323e-002
77	6.1146e-003
78	-0.47603
79	-7.6187e-002
80	-0.31783
81	-11.404
82	-16.858
83	-17.767
84	-16.931
85	-16.043
86	-15.065
87	-15.142
88	-15.205
89	-15.123
90	-17.638
91	-0.35083
92	2.7208e-002
93	-9.5404
94	1.513e-002
95	1.315
96	-17.19
97	2.0685e-003
98	-9.4308
99	-16.563
100	-0.26271
101	0.47262
102	-15.998
103	-16.536
104	-1.3978e-002
105	-16.881
106	-0.35718
107	1.1614e-003
108	-0.14925
109	-17.421
110	-9.1865e-002
111	-4.5991
112	-17.001
113	2.6781e-002
114	-13.574
115	-0.26479
116	1.2103e-002
117	-16.741
118	2.2958
119	0.23219
120	-6.4528e-003
121	-16.316
122	-12.823
123	-17.227
124	2.2247e-002
125	-7.8672
126	-15.049
127	-4.3081
128	0.87366
129	-0.20689
130	-3.1806e-003
131	-15.974
132	-15.896
133	0.16002
134	-0.10293
135	-17.219
136	0.
137	0.
138	0.
139	0.
140	-4.3993e-011
141	-9.2608e-011
142	-1.1099e-010
143	-9.4303e-011
144	-6.9303e-011
145	-3.5843e-011
146	0.
147	0.
148	-2.7712e-011
149	-5.7104e-011
150	-7.7257e-011
151	-7.6777e-011
152	-5.2531e-011
153	-2.4949e-011
154	0.
155	0.
156	-5.8899e-011
157	-9.5786e-011
158	-2.7222e-010
159	-1.0016e-010
160	-9.4192e-011
161	-4.5772e-011
162	0.
163	0.
164	0.
165	0.
166	0.
167	0.
168	0.
169	0.
170	0.
171	0.
172	0.
173	1.1417e-012
174	2.2561e-012
175	2.9114e-012
176	2.912e-012
177	2.1782e-012
178	1.1477e-012
179	0.
180	0.
181	0.
182	0.
183	0.
184	0.
185	0.
186	0.
187	0.
188	0.
189	0.
190	0.
191	9.381e-013
192	2.2651e-012
193	3.1828e-012
194	2.8772e-012
195	2.2923e-012
196	1.1111e-012
197	0.
198	0.
199	0.
200	0.
201	0.
202	0.
203	0.
204	0.
205	0.
206	0.
207	0.
208	0.
209	0.
210	0.
211	0.
212	0.
213	0.
214	0.
215	0.
216	0.
217	0.
218	0.
219	0.
220	0.
221	0.
222	0.
223	0.
224	0.
225	0.
226	0.
227	0.
228	0.
229	0.
230	0.
231	0.
232	0.
233	0.
234	0.
235	0.
236	0.
237	0.
238	6.4717e-013
239	-2.1848e-013
240	-7.4081e-013
241	-1.7172e-012
242	-1.4891e-012
243	-8.902e-013
244	-4.2649e-011
245	-8.1702e-011
246	-1.3542e-010
247	-9.9232e-011
248	-7.1216e-011
249	-3.1782e-011
250	0.
251	-2.4689e-011
252	-3.2304e-011
253	-1.257e-011
254	-1.0094e-011
255	-6.0932e-011
256	-8.787e-012
257	-1.7661e-011
258	-5.0364e-011
259	-4.4714e-012
260	-2.4032e-011
261	-1.3746e-012
262	-8.7922e-012
263	-2.0386e-012
264	2.3871e-012
265	1.1542e-012
266	-9.1864e-011
267	-1.8911e-011
268	-1.2868e-012
269	-2.4274e-011
270	-6.7347e-012
271	-3.2169e-011
272	2.1738e-012
273	-1.0978e-011
274	2.1833e-012
275	-5.6536e-011
276	-3.9898e-012
277	-2.8797e-011
278	1.2771e-012
279	7.6067e-013
280	-1.5757e-011
281	-8.1869e-012
282	6.7992e-013
283	-2.8962e-012
284	-2.6273e-011
285	-6.0957e-011
286	-3.4073e-011
287	-9.1747e-011
288	0.
289	0.
290	-1.9512e-011
291	-5.4027e-011
292	-6.5105e-012
293	-8.5198e-011
294	-1.0797e-011
295	7.1709e-013
296	-3.8033e-011
297	-5.1309e-011
298	-1.2387e-011
299	-1.0066e-010
300	-4.857e-013
301	-3.0555e-011
302	-1.0202e-010
303	-21.552
304	-23.059
305	-22.281
306	-23.86
307	-23.176
308	-23.359
309	-23.524
310	-23.449
311	-23.577
312	-23.811
313	-23.011
314	-23.372
315	-22.719
316	-22.371
317	-22.186
318	-22.042
319	-21.843
320	-21.712
321	-18.79
322	-18.868
323	-19.012
324	-19.245
325	-19.518
326	-19.856
327	-20.387
328	-21.01
329	-21.68
330	-22.331
331	-17.092
332	-17.323
333	-17.549
334	-17.782
335	-18.009
336	-18.266
337	-18.516
338	-20.699
339	-19.947
340	-19.271
341	-18.69
342	-18.188
343	-17.799
344	-17.494
345	-17.265
346	-17.134
347	-24.42
348	-25.
349	-25.
350	-25.
351	-25.
352	-25.
353	-25.
354	-25.
355	-25.
356	-25.
357	-24.971
358	-18.656
359	-23.384
360	-23.808
361	-24.374
362	-24.172
363	-24.148
364	-24.203
365	-24.068
366	-24.01
367	-17.042
368	-17.038
369	-25.001
370	-25.
371	-25.002
372	-24.999
373	-24.999
374	-24.95
375	-25.013
376	-24.728
377	-23.728
378	-22.499
379	-21.414
380	-20.499
381	-19.698
382	-18.99
383	-18.423
384	-17.963
385	-17.569
386	-17.34
387	-17.162
388	-25.
389	-25.
390	-25.
391	-25.
392	-25.
393	-25.
394	-25.
395	-25.
396	-25.
397	-24.992
398	-25.
399	-25.001
400	-24.999
401	-24.999
402	-24.999
403	-25.
404	-25.
405	-25.
406	-25.
407	-25.
408	-25.
409	-25.
410	-25.
411	-25.
412	-25.
413	-25.
414	-25.
415	-23.203
416	-23.661
417	-21.821
418	-19.424
419	-25.
420	-25.
421	-25.
422	-25.
423	-25.
424	-25.
425	-25.
426	-25.
427	-25.
428	-25.
429	-25.
430	-25.
431	-25.
432	-25.207
433	-25.
434	-24.985
435	-21.96
436	-24.962
437	-18.119
438	-20.63
439	-18.927
440	-20.224
441	-18.273
442	-19.03
443	-17.774
444	-21.386
445	-19.618
446	-20.734
447	-18.59
448	-18.809
449	-19.621
450	-19.419
451	-17.445
452	-18.475
453	-21.779
454	-21.312
455	-19.653
456	-19.487
457	-18.144
458	-24.994
459	-25.109
460	-25.157
461	-19.81
462	-20.664
463	-19.051
464	-23.305
465	-23.153
466	-21.316
467	-18.189
468	-18.555
469	-17.678
470	-22.029
471	-22.954
472	-20.394
473	-18.971
474	-17.631
