Node Number	Directional Deformation (mm)
1	-1.1806e-003
2	-1.314e-003
3	-6.0519
4	-7.7828
5	-9.342
6	-10.784
7	-11.825
8	-12.106
9	-11.677
10	-8.2872
11	-1.9437
12	0.90669
13	-0.46915
14	-0.12961
15	4.5246e-002
16	-1.7031e-002
17	-7.926e-003
18	6.594e-003
19	6.9181e-003
20	-6.1233
21	7.5774e-003
22	3.5546e-003
23	-1.1177e-002
24	-6.5402e-003
25	2.3507e-002
26	-0.11009
27	-0.11789
28	0.30669
29	-3.2456
30	-9.0126
31	-11.748
32	-12.216
33	-11.936
34	-10.875
35	-9.3944
36	-7.8336
37	4.5962e-003
38	6.8857e-004
39	-1.1466e-003
40	1.0865e-003
41	4.1868e-003
42	5.4597e-003
43	5.8976e-003
44	-6.1071
45	-4.4617e-004
46	-1.1534e-002
47	-8.2499e-003
48	6.2524e-002
49	1.383e-002
50	-7.8101e-003
51	-0.16638
52	0.38809
53	-8.8347e-003
54	-9.3269
55	-12.599
56	-12.769
57	-12.027
58	-10.701
59	-9.3054
60	-7.7478
61	-6.2278
62	-6.3253
63	-6.3722
64	-6.4171
65	-6.3736
66	-6.2609
67	3.3647e-003
68	7.9342e-003
69	2.0301e-003
70	3.0739e-003
71	1.2515e-003
72	-1.6301e-003
73	-3.0449e-003
74	-6.1651
75	-1.0601e-002
76	-4.744e-003
77	0.12476
78	-0.29178
79	-0.17975
80	-3.2282e-003
81	-9.4631
82	-13.289
83	-12.562
84	-10.552
85	-8.4657
86	-6.3227
87	-6.4206
88	-6.4774
89	-6.3671
90	-11.831
91	-0.45251
92	0.122
93	-7.8261
94	8.4168e-003
95	0.54733
96	-12.501
97	-3.016e-002
98	-7.3393
99	-9.5353
100	-0.19108
101	0.26531
102	-12.287
103	-9.2098
104	5.6236e-002
105	-12.302
106	-2.199e-004
107	0.13811
108	-0.37591
109	-12.046
110	3.3254e-002
111	-3.
112	-10.736
113	-4.2753e-003
114	-10.846
115	-0.41367
116	-1.6491e-003
117	-9.62
118	1.8361
119	3.1033e-002
120	-1.392e-002
121	-8.9753
122	-9.9426
123	-11.84
124	1.4663e-002
125	-5.8022
126	-11.565
127	-3.2241
128	0.3141
129	-2.9769e-002
130	-1.9031e-003
131	-8.1599
132	-12.365
133	-9.3549e-003
134	5.8485e-002
135	-12.407
136	0.
137	0.
138	0.
139	0.
140	-4.2484e-013
141	-1.1129e-012
142	-9.4843e-013
143	5.3014e-013
144	9.3386e-013
145	5.8956e-013
146	0.
147	0.
148	4.8516e-015
149	-9.0195e-014
150	-4.0363e-013
151	-3.4722e-013
152	-3.4456e-013
153	-1.4033e-013
154	0.
155	0.
156	-2.0264e-013
157	-1.0533e-012
158	-1.0189e-011
159	4.0637e-012
160	3.4846e-013
161	3.8844e-013
162	0.
163	0.
164	0.
165	0.
166	0.
167	0.
168	0.
169	0.
170	0.
171	0.
172	0.
173	9.8262e-015
174	1.7973e-014
175	2.3276e-014
176	2.3354e-014
177	1.6335e-014
178	8.0181e-015
179	0.
180	0.
181	0.
182	0.
183	0.
184	0.
185	0.
186	0.
187	0.
188	0.
189	0.
190	0.
191	6.0007e-015
192	1.7225e-014
193	2.5687e-014
194	2.3161e-014
195	1.7954e-014
196	9.1907e-015
197	0.
198	0.
199	0.
200	0.
201	0.
202	0.
203	0.
204	0.
205	0.
206	0.
207	0.
208	0.
209	0.
210	0.
211	0.
212	0.
213	0.
214	0.
215	0.
216	0.
217	0.
218	0.
219	0.
220	0.
221	0.
222	0.
223	0.
224	0.
225	0.
226	0.
227	0.
228	0.
229	0.
230	0.
231	0.
232	0.
233	0.
234	0.
235	0.
236	0.
237	0.
238	-2.7212e-014
239	-1.8659e-014
240	-4.6104e-015
241	1.2559e-015
242	-6.936e-015
243	-1.2759e-014
244	-1.2309e-012
245	2.2867e-012
246	8.6082e-012
247	1.0085e-011
248	4.3594e-013
249	5.2958e-013
250	0.
251	9.3293e-013
252	-2.3816e-012
253	-1.4481e-014
254	4.85e-014
255	-2.5448e-012
256	-5.3232e-014
257	2.4072e-013
258	7.7637e-012
259	3.589e-014
260	-6.6231e-013
261	-2.8444e-014
262	6.161e-013
263	-4.2513e-014
264	1.1849e-014
265	3.2757e-015
266	-4.4029e-013
267	-2.0114e-013
268	-3.3222e-014
269	-1.7445e-013
270	-7.3995e-014
271	-2.472e-013
272	1.1235e-014
273	-1.333e-013
274	1.3363e-014
275	-3.6472e-013
276	-4.1935e-014
277	-2.3223e-013
278	7.3967e-015
279	7.0612e-017
280	-1.4757e-013
281	-8.3077e-014
282	1.6366e-015
283	-4.6106e-014
284	-1.604e-013
285	-3.639e-013
286	-7.507e-014
287	2.2429e-012
288	0.
289	0.
290	-1.7619e-013
291	1.4484e-012
292	5.8419e-014
293	1.4575e-012
294	1.0039e-013
295	5.1169e-015
296	-3.4152e-014
297	-6.6451e-013
298	-6.593e-013
299	1.0689e-012
300	-1.478e-014
301	6.5474e-013
302	-2.4633e-013
303	-3.0075
304	-3.0075
305	-3.0075
306	-3.0075
307	-3.0075
308	-3.0075
309	-3.0075
310	-3.0075
311	-3.0075
312	-3.0075
313	-3.0075
314	-3.0075
315	-3.0075
316	-3.0075
317	-3.0075
318	-3.0075
319	-3.0075
320	-3.0075
321	-3.0075
322	-3.0075
323	-3.0075
324	-3.0075
325	-3.0075
326	-3.0075
327	-3.0075
328	-3.0075
329	-3.0075
330	-3.0075
331	-3.0075
332	-3.0075
333	-3.0075
334	-3.0075
335	-3.0075
336	-3.0075
337	-3.0075
338	-3.0075
339	-3.0075
340	-3.0075
341	-3.0075
342	-3.0075
343	-3.0075
344	-3.0075
345	-3.0075
346	-3.0075
347	-3.0075
348	-3.0075
349	-3.0075
350	-3.0075
351	-3.0075
352	-3.0075
353	-3.0075
354	-3.0075
355	-3.0075
356	-3.0075
357	-3.0075
358	-3.0075
359	-3.0075
360	-3.0075
361	-3.0075
362	-3.0075
363	-3.0075
364	-3.0075
365	-3.0075
366	-3.0075
367	-3.0075
368	-3.0075
369	-3.0075
370	-3.0075
371	-3.0075
372	-3.0075
373	-3.0075
374	-3.0075
375	-3.0075
376	-3.0075
377	-3.0075
378	-3.0075
379	-3.0075
380	-3.0075
381	-3.0075
382	-3.0075
383	-3.0075
384	-3.0075
385	-3.0075
386	-3.0075
387	-3.0075
388	-3.0075
389	-3.0075
390	-3.0075
391	-3.0075
392	-3.0075
393	-3.0075
394	-3.0075
395	-3.0075
396	-3.0075
397	-3.0075
398	-3.0075
399	-3.0075
400	-3.0075
401	-3.0075
402	-3.0075
403	-3.0075
404	-3.0075
405	-3.0075
406	-3.0075
407	-3.0075
408	-3.0075
409	-3.0075
410	-3.0075
411	-3.0075
412	-3.0075
413	-3.0075
414	-3.0075
415	-3.0075
416	-3.0075
417	-3.0075
418	-3.0075
419	-3.0075
420	-3.0075
421	-3.0075
422	-3.0075
423	-3.0075
424	-3.0075
425	-3.0075
426	-3.0075
427	-3.0075
428	-3.0075
429	-3.0075
430	-3.0075
431	-3.0075
432	-3.0075
433	-3.0075
434	-3.0075
435	-3.0075
436	-3.0075
437	-3.0075
438	-3.0075
439	-3.0075
440	-3.0075
441	-3.0075
442	-3.0075
443	-3.0075
444	-3.0075
445	-3.0075
446	-3.0075
447	-3.0075
448	-3.0075
449	-3.0075
450	-3.0075
451	-3.0075
452	-3.0075
453	-3.0075
454	-3.0075
455	-3.0075
456	-3.0075
457	-3.0075
458	-3.0075
459	-3.0075
460	-3.0075
461	-3.0075
462	-3.0075
463	-3.0075
464	-3.0075
465	-3.0075
466	-3.0075
467	-3.0075
468	-3.0075
469	-3.0075
470	-3.0075
471	-3.0075
472	-3.0075
473	-3.0075
474	-3.0075
