Node Number	Directional Deformation (mm)
1	-1.972e-003
2	-2.2702e-003
3	-16.848
4	-17.048
5	-17.123
6	-17.028
7	-15.518
8	-13.274
9	-10.524
10	-6.4611
11	-2.1882
12	-0.25971
13	0.22587
14	-7.5176e-002
15	2.6466e-003
16	6.4941e-003
17	5.8579e-003
18	2.3835e-004
19	-1.6626e-003
20	-16.887
21	-1.2421e-003
22	1.9123e-003
23	8.6921e-003
24	-1.814e-003
25	-1.4846e-003
26	-1.6719e-002
27	0.4091
28	-0.32079
29	-2.356
30	-6.8249
31	-10.765
32	-13.418
33	-15.584
34	-17.099
35	-17.183
36	-17.059
37	-1.2045e-003
38	-3.9283e-004
39	1.7041e-005
40	-1.4429e-003
41	-1.31e-003
42	-1.8555e-003
43	-2.1758e-003
44	-16.991
45	5.576e-004
46	3.4782e-003
47	9.4299e-003
48	-1.6969e-002
49	-0.1471
50	-5.2606e-002
51	5.0965e-002
52	0.1755
53	-1.5913
54	-6.8062
55	-10.829
56	-13.703
57	-15.673
58	-16.498
59	-16.993
60	-17.083
61	-17.051
62	-17.059
63	-17.014
64	-17.023
65	-17.003
66	-16.969
67	-1.2949e-003
68	-2.4882e-003
69	-1.0866e-003
70	-1.8028e-003
71	-1.9329e-003
72	4.8584e-004
73	3.0172e-004
74	-17.021
75	2.7179e-003
76	7.0835e-003
77	-7.1508e-002
78	-0.15127
79	0.16754
80	-0.51442
81	-6.7446
82	-12.264
83	-15.39
84	-16.652
85	-17.108
86	-17.076
87	-17.04
88	-17.059
89	-16.985
90	-16.338
91	7.7516e-002
92	-4.4399e-002
93	-5.7257
94	-2.0293e-003
95	0.92853
96	-14.364
97	1.0007e-002
98	-5.6104
99	-16.855
100	-2.622e-002
101	0.11629
102	-12.027
103	-17.196
104	-4.5406e-002
105	-13.929
106	-0.58624
107	-4.4078e-002
108	0.21028
109	-15.544
110	-4.235e-002
111	-3.1003
112	-16.3
113	-8.6434e-004
114	-9.1141
115	0.10182
116	2.9067e-003
117	-17.135
118	0.58427
119	0.2522
120	6.6097e-003
121	-17.027
122	-8.7853
123	-15.401
124	-1.1111e-002
125	-5.0462
126	-11.098
127	-2.7896
128	0.59656
129	-7.7125e-002
130	7.8581e-004
131	-16.996
132	-11.595
133	0.21746
134	-6.4976e-002
135	-14.535
136	0.
137	0.
138	0.
139	0.
140	-1.5853e-011
141	-3.394e-011
142	-4.0274e-011
143	-3.2708e-011
144	-2.2241e-011
145	-1.0883e-011
146	0.
147	0.
148	-9.7497e-012
149	-2.0267e-011
150	-2.814e-011
151	-2.8066e-011
152	-1.9497e-011
153	-9.313e-012
154	0.
155	0.
156	-2.0999e-011
157	-3.5884e-011
158	-1.0279e-010
159	-3.9119e-011
160	-2.6768e-011
161	-1.2751e-011
162	0.
163	0.
164	0.
165	0.
166	0.
167	0.
168	0.
169	0.
170	0.
171	0.
172	0.
173	8.7454e-014
174	-1.572e-014
175	-2.0122e-013
176	-3.5954e-013
177	-4.7176e-013
178	-3.3044e-013
179	0.
180	0.
181	0.
182	0.
183	0.
184	0.
185	0.
186	0.
187	0.
188	0.
189	0.
190	0.
191	-4.0458e-013
192	-5.0538e-013
193	-3.7696e-013
194	-1.8008e-013
195	2.2564e-015
196	8.6305e-014
197	0.
198	0.
199	0.
200	0.
201	0.
202	0.
203	0.
204	0.
205	0.
206	0.
207	0.
208	0.
209	0.
210	0.
211	0.
212	0.
213	0.
214	0.
215	0.
216	0.
217	0.
218	0.
219	0.
220	0.
221	0.
222	0.
223	0.
224	0.
225	0.
226	0.
227	0.
228	0.
229	0.
230	0.
231	0.
232	0.
233	0.
234	0.
235	0.
236	0.
237	0.
238	1.8939e-013
239	6.1557e-014
240	-2.8569e-015
241	-1.5753e-013
242	-1.1972e-013
243	-5.8857e-014
244	-1.4729e-011
245	-2.8527e-011
246	-5.6982e-011
247	-3.8167e-011
248	-1.9565e-011
249	-1.0415e-011
250	0.
251	-5.3352e-012
252	-8.7174e-013
253	-1.8203e-012
254	-1.7555e-012
255	-8.9472e-012
256	-1.319e-012
257	2.6285e-012
258	-6.2186e-012
259	-5.949e-013
260	-5.8994e-013
261	-1.3661e-013
262	-2.4106e-012
263	-2.323e-012
264	-1.5592e-012
265	-6.7198e-013
266	-3.3528e-011
267	-7.9126e-012
268	-2.3289e-012
269	-9.0856e-012
270	-4.706e-012
271	-1.2022e-011
272	-1.3655e-012
273	-5.7908e-012
274	-7.5777e-013
275	-2.0238e-011
276	-3.0041e-012
277	-1.0476e-011
278	-6.2133e-013
279	-1.0664e-012
280	-7.5237e-012
281	-3.3725e-012
282	-3.783e-013
283	-2.4299e-012
284	-8.9662e-012
285	-2.2271e-011
286	-5.8542e-012
287	-2.593e-011
288	0.
289	0.
290	-7.3336e-012
291	-1.6121e-011
292	-8.8148e-013
293	-2.7989e-011
294	-1.8027e-012
295	-5.5377e-014
296	-1.3871e-011
297	-1.89e-011
298	-2.3121e-013
299	-3.4019e-011
300	-8.337e-013
301	-9.076e-012
302	-3.6612e-011
303	-18.324
304	-19.277
305	-18.739
306	-19.713
307	-19.37
308	-19.429
309	-19.482
310	-19.473
311	-19.546
312	-19.642
313	-19.053
314	-19.279
315	-18.929
316	-18.744
317	-18.624
318	-18.574
319	-18.471
320	-18.409
321	-16.608
322	-16.653
323	-16.737
324	-16.874
325	-17.034
326	-17.234
327	-17.55
328	-17.921
329	-18.321
330	-18.695
331	-15.738
332	-15.855
333	-15.97
334	-16.089
335	-16.204
336	-16.337
337	-16.465
338	-17.849
339	-17.413
340	-17.019
341	-16.677
342	-16.383
343	-16.155
344	-15.975
345	-15.84
346	-15.762
347	-19.939
348	-20.196
349	-20.196
350	-20.196
351	-20.196
352	-20.196
353	-20.196
354	-20.196
355	-20.196
356	-20.196
357	-20.181
358	-16.53
359	-19.334
360	-19.659
361	-19.928
362	-19.821
363	-19.784
364	-19.801
365	-19.757
366	-19.73
367	-15.707
368	-15.705
369	-20.197
370	-20.196
371	-20.198
372	-20.196
373	-20.196
374	-20.17
375	-20.203
376	-20.06
377	-19.567
378	-18.879
379	-18.255
380	-17.723
381	-17.259
382	-16.847
383	-16.516
384	-16.247
385	-16.016
386	-15.881
387	-15.777
388	-20.196
389	-20.196
390	-20.196
391	-20.196
392	-20.196
393	-20.196
394	-20.196
395	-20.196
396	-20.196
397	-20.192
398	-20.196
399	-20.197
400	-20.196
401	-20.196
402	-20.196
403	-20.196
404	-20.196
405	-20.196
406	-20.196
407	-20.196
408	-20.196
409	-20.196
410	-20.196
411	-20.196
412	-20.196
413	-20.196
414	-20.196
415	-19.207
416	-19.514
417	-18.403
418	-16.978
419	-20.196
420	-20.196
421	-20.196
422	-20.196
423	-20.196
424	-20.196
425	-20.196
426	-20.196
427	-20.196
428	-20.196
429	-20.196
430	-20.196
431	-20.197
432	-20.305
433	-20.197
434	-20.188
435	-18.579
436	-20.176
437	-16.304
438	-17.724
439	-16.737
440	-17.531
441	-16.356
442	-16.83
443	-16.089
444	-18.19
445	-17.115
446	-17.851
447	-16.514
448	-16.647
449	-17.146
450	-17.087
451	-15.924
452	-16.534
453	-18.398
454	-18.152
455	-17.177
456	-17.115
457	-16.318
458	-20.193
459	-20.259
460	-20.28
461	-17.203
462	-17.742
463	-16.791
464	-19.343
465	-19.242
466	-18.192
467	-16.366
468	-16.495
469	-16.039
470	-18.56
471	-19.14
472	-17.646
473	-16.818
474	-16.039
