Node Number	Directional Deformation (mm)
1	1.286e-003
2	8.3612e-004
3	-9.7524
4	-11.11
5	-12.288
6	-13.346
7	-13.996
8	-13.858
9	-13.
10	-9.1014
11	-2.2645
12	0.92514
13	-0.44645
14	-0.16226
15	4.9059e-002
16	-1.3636e-002
17	-9.2685e-003
18	3.2753e-003
19	5.5606e-003
20	-9.806
21	4.4681e-003
22	-2.6328e-004
23	-1.0536e-002
24	-5.7425e-003
25	2.5818e-002
26	-0.12883
27	-5.0574e-002
28	0.29819
29	-3.6272
30	-9.9109
31	-13.106
32	-13.981
33	-14.105
34	-13.426
35	-12.325
36	-11.144
37	4.9423e-003
38	-1.4245e-003
39	-2.0029e-003
40	8.4147e-004
41	3.09e-003
42	5.7194e-003
43	5.589e-003
44	-9.7024
45	-3.7123e-003
46	-1.2363e-002
47	6.4822e-003
48	9.5032e-002
49	-6.5993e-003
50	-4.187e-002
51	-0.18929
52	0.45144
53	-0.26867
54	-10.116
55	-13.864
56	-14.448
57	-14.105
58	-13.168
59	-12.15
60	-10.968
61	-9.8453
62	-9.9674
63	-10.037
64	-10.1
65	-10.067
66	-9.9596
67	2.0421e-003
68	6.1263e-003
69	1.6058e-003
70	7.5833e-005
71	9.5034e-004
72	-2.1462e-003
73	-5.618e-003
74	-9.7432
75	-1.3385e-002
76	7.7191e-003
77	0.13998
78	-0.34148
79	-0.1765
80	-0.10592
81	-10.287
82	-14.726
83	-14.541
84	-13.07
85	-11.513
86	-9.9334
87	-10.065
88	-10.145
89	-10.047
90	-14.25
91	-0.48702
92	0.12793
93	-8.7058
94	1.3345e-002
95	0.70078
96	-14.508
97	-2.7531e-002
98	-8.3082
99	-12.463
100	-0.22096
101	0.29452
102	-13.971
103	-12.272
104	5.984e-002
105	-14.271
106	-8.9269e-002
107	0.13764
108	-0.39194
109	-14.298
110	1.8462e-002
111	-3.5985
112	-13.36
113	9.0419e-003
114	-12.165
115	-0.44657
116	1.6033e-003
117	-12.601
118	1.9665
119	7.2703e-002
120	-1.7699e-002
121	-11.984
122	-11.242
123	-14.044
124	2.8321e-002
125	-6.6662
126	-13.136
127	-3.6533
128	0.41108
129	-6.1947e-002
130	-3.3717e-003
131	-11.432
132	-13.871
133	9.4568e-004
134	4.2996e-002
135	-14.432
136	0.
137	0.
138	0.
139	0.
140	-3.4921e-013
141	-7.7527e-013
142	-5.7767e-013
143	1.0394e-012
144	1.3067e-012
145	8.0006e-013
146	0.
147	0.
148	9.2908e-014
149	7.6586e-014
150	-1.5987e-013
151	-6.9569e-014
152	-1.9273e-013
153	-6.1425e-014
154	0.
155	0.
156	-3.159e-013
157	-9.2962e-013
158	-1.0478e-011
159	4.9377e-012
160	-3.5764e-016
161	5.2529e-013
162	0.
163	0.
164	0.
165	0.
166	0.
167	0.
168	0.
169	0.
170	0.
171	0.
172	0.
173	8.9851e-015
174	1.5494e-014
175	1.9617e-014
176	1.9289e-014
177	1.2475e-014
178	5.6978e-015
179	0.
180	0.
181	0.
182	0.
183	0.
184	0.
185	0.
186	0.
187	0.
188	0.
189	0.
190	0.
191	3.4331e-015
192	1.3173e-014
193	2.1396e-014
194	1.9705e-014
195	1.5589e-014
196	8.4341e-015
197	0.
198	0.
199	0.
200	0.
201	0.
202	0.
203	0.
204	0.
205	0.
206	0.
207	0.
208	0.
209	0.
210	0.
211	0.
212	0.
213	0.
214	0.
215	0.
216	0.
217	0.
218	0.
219	0.
220	0.
221	0.
222	0.
223	0.
224	0.
225	0.
226	0.
227	0.
228	0.
229	0.
230	0.
231	0.
232	0.
233	0.
234	0.
235	0.
236	0.
237	0.
238	-4.6188e-014
239	-2.293e-014
240	-9.9289e-015
241	6.6595e-016
242	-1.3127e-014
243	-4.148e-014
244	-1.679e-012
245	3.6223e-012
246	1.181e-011
247	1.3155e-011
248	1.6986e-013
249	9.7563e-013
250	0.
251	1.1132e-012
252	-3.2115e-012
253	-5.0462e-014
254	1.4878e-013
255	-3.1382e-012
256	-1.1302e-013
257	5.7566e-013
258	1.0646e-011
259	5.2638e-014
260	-7.4719e-013
261	-1.9129e-014
262	8.1588e-013
263	-5.1824e-014
264	2.8118e-015
265	-1.0343e-015
266	-1.599e-013
267	-2.1221e-013
268	-4.3505e-014
269	-1.7427e-013
270	-8.9179e-014
271	-2.1211e-013
272	3.2998e-015
273	-1.4861e-013
274	7.7812e-015
275	-2.5925e-013
276	-5.1939e-014
277	-1.7001e-013
278	3.6747e-015
279	-5.3563e-015
280	-1.6145e-013
281	-8.5914e-014
282	-1.1204e-015
283	-5.3751e-014
284	-1.4529e-013
285	-2.0976e-013
286	-1.1921e-013
287	3.2894e-012
288	0.
289	0.
290	-1.9274e-013
291	1.9417e-012
292	7.0672e-014
293	2.4582e-012
294	1.6761e-013
295	4.0763e-015
296	-1.9609e-014
297	-5.3205e-013
298	-9.0369e-013
299	1.8119e-012
300	-1.8814e-014
301	8.8026e-013
302	1.9286e-013
303	-16.541
304	-16.541
305	-16.541
306	-16.541
307	-16.541
308	-16.541
309	-16.541
310	-16.541
311	-16.541
312	-16.541
313	-16.541
314	-16.541
315	-16.541
316	-16.541
317	-16.541
318	-16.541
319	-16.541
320	-16.541
321	-16.541
322	-16.541
323	-16.541
324	-16.541
325	-16.541
326	-16.541
327	-16.541
328	-16.541
329	-16.541
330	-16.541
331	-16.541
332	-16.541
333	-16.541
334	-16.541
335	-16.541
336	-16.541
337	-16.541
338	-16.541
339	-16.541
340	-16.541
341	-16.541
342	-16.541
343	-16.541
344	-16.541
345	-16.541
346	-16.541
347	-16.541
348	-16.541
349	-16.541
350	-16.541
351	-16.541
352	-16.541
353	-16.541
354	-16.541
355	-16.541
356	-16.541
357	-16.541
358	-16.541
359	-16.541
360	-16.541
361	-16.541
362	-16.541
363	-16.541
364	-16.541
365	-16.541
366	-16.541
367	-16.541
368	-16.541
369	-16.541
370	-16.541
371	-16.541
372	-16.541
373	-16.541
374	-16.541
375	-16.541
376	-16.541
377	-16.541
378	-16.541
379	-16.541
380	-16.541
381	-16.541
382	-16.541
383	-16.541
384	-16.541
385	-16.541
386	-16.541
387	-16.541
388	-16.541
389	-16.541
390	-16.541
391	-16.541
392	-16.541
393	-16.541
394	-16.541
395	-16.541
396	-16.541
397	-16.541
398	-16.541
399	-16.541
400	-16.541
401	-16.541
402	-16.541
403	-16.541
404	-16.541
405	-16.541
406	-16.541
407	-16.541
408	-16.541
409	-16.541
410	-16.541
411	-16.541
412	-16.541
413	-16.541
414	-16.541
415	-16.541
416	-16.541
417	-16.541
418	-16.541
419	-16.541
420	-16.541
421	-16.541
422	-16.541
423	-16.541
424	-16.541
425	-16.541
426	-16.541
427	-16.541
428	-16.541
429	-16.541
430	-16.541
431	-16.541
432	-16.541
433	-16.541
434	-16.541
435	-16.541
436	-16.541
437	-16.541
438	-16.541
439	-16.541
440	-16.541
441	-16.541
442	-16.541
443	-16.541
444	-16.541
445	-16.541
446	-16.541
447	-16.541
448	-16.541
449	-16.541
450	-16.541
451	-16.541
452	-16.541
453	-16.541
454	-16.541
455	-16.541
456	-16.541
457	-16.541
458	-16.541
459	-16.541
460	-16.541
461	-16.541
462	-16.541
463	-16.541
464	-16.541
465	-16.541
466	-16.541
467	-16.541
468	-16.541
469	-16.541
470	-16.541
471	-16.541
472	-16.541
473	-16.541
474	-16.541
