Node Number	Directional Deformation (mm)
1	1.8635e-004
2	-5.9773e-004
3	-0.13728
4	-9.4023e-002
5	-5.2402e-002
6	-2.4859e-002
7	1.8549e-002
8	4.0957e-002
9	5.8695e-002
10	7.0715e-002
11	-2.617e-002
12	2.5791e-002
13	2.2826e-002
14	1.1903e-002
15	-1.3255e-002
16	-9.4321e-003
17	-2.4976e-003
18	-3.3748e-004
19	-2.484e-004
20	-0.12011
21	-1.6198e-003
22	-1.7298e-003
23	3.3565e-004
24	-1.3759e-003
25	-4.883e-003
26	-2.7419e-002
27	-4.7498e-002
28	-5.3527e-002
29	-0.1182
30	-0.10912
31	-0.1661
32	-0.13897
33	-0.11584
34	-0.1457
35	-0.1266
36	-0.1238
37	1.3791e-003
38	1.6469e-003
39	1.4446e-003
40	2.5447e-004
41	-5.3766e-004
42	-3.4088e-004
43	2.1812e-004
44	-5.6298e-002
45	1.695e-003
46	2.451e-003
47	4.8368e-003
48	2.0527e-003
49	2.0759e-003
50	-1.8556e-002
51	-1.2168e-002
52	-1.1698e-002
53	4.5356e-003
54	-8.6977e-002
55	-0.12467
56	-0.14682
57	-9.3138e-002
58	-0.11366
59	-8.3234e-002
60	-8.0067e-002
61	-7.2898e-002
62	-7.7069e-002
63	-6.1261e-002
64	-6.9426e-002
65	-8.2914e-002
66	-0.10165
67	1.8787e-003
68	-4.9766e-004
69	2.1485e-005
70	-3.4774e-004
71	1.7836e-004
72	1.2265e-003
73	1.7082e-003
74	-9.0409e-002
75	1.7981e-003
76	3.2456e-003
77	5.3429e-003
78	3.2667e-002
79	-2.2351e-002
80	-7.8606e-002
81	4.691e-002
82	8.9428e-002
83	8.2496e-002
84	-1.4088e-002
85	-8.0922e-002
86	-7.1065e-002
87	-8.1978e-002
88	-0.10954
89	-0.12128
90	-0.14433
91	7.3367e-003
92	-2.5321e-003
93	-9.873e-002
94	-1.2043e-003
95	1.1406e-002
96	1.0869e-002
97	-1.8787e-003
98	7.1787e-002
99	-8.5199e-002
100	3.5243e-003
101	2.396e-002
102	-0.11937
103	-0.11993
104	5.4365e-004
105	2.4739e-003
106	6.8281e-003
107	-6.2443e-004
108	1.0019e-002
109	-3.0015e-002
110	2.9431e-003
111	3.4627e-002
112	3.9529e-003
113	-3.9858e-003
114	2.6099e-002
115	1.009e-002
116	1.0406e-003
117	-4.5281e-002
118	-2.8339e-002
119	9.7944e-003
120	-1.414e-003
121	-0.10748
122	-6.3395e-002
123	-9.1567e-002
124	-4.2175e-003
125	5.9213e-002
126	8.2753e-003
127	-3.3956e-002
128	-7.8481e-003
129	3.1231e-003
130	-1.8316e-003
131	-4.6793e-002
132	-0.12041
133	-1.8334e-002
134	-1.0604e-002
135	1.8941e-002
136	0.
137	0.
138	0.
139	0.
140	1.3567e-012
141	1.5225e-012
142	8.3963e-013
143	-1.0058e-012
144	-1.3681e-012
145	-1.1173e-012
146	0.
147	0.
148	-1.5919e-012
149	-2.4047e-012
150	-1.8366e-012
151	-4.6234e-013
152	8.6575e-013
153	1.3937e-012
154	0.
155	0.
156	0.
157	0.
158	0.
159	0.
160	0.
161	0.
162	0.
163	0.
164	0.
165	-1.145e-013
166	-1.4519e-013
167	-9.2186e-014
168	-1.479e-014
169	1.3452e-013
170	1.6678e-013
171	0.
172	0.
173	0.
174	0.
175	0.
176	0.
177	0.
178	0.
179	0.
180	0.
181	0.
182	0.
183	0.
184	0.
185	0.
186	0.
187	0.
188	0.
189	0.
190	0.
191	0.
192	0.
193	0.
194	0.
195	-3.0791e-012
196	-3.2229e-012
197	-4.2446e-012
198	-1.1607e-012
199	2.5174e-013
200	1.4613e-012
201	0.
202	0.
203	0.
204	0.
205	0.
206	0.
207	0.
208	0.
209	0.
210	0.
211	0.
212	0.
213	0.
214	0.
215	0.
216	0.
217	0.
218	0.
219	0.
220	0.
221	0.
222	0.
223	0.
224	0.
225	0.
226	0.
227	0.
228	0.
229	0.
230	0.
231	0.
232	-2.1433e-014
233	-2.5095e-014
234	-2.8621e-015
235	7.3651e-014
236	1.3341e-013
237	1.4813e-013
238	3.7448e-014
239	5.9715e-014
240	9.4093e-014
241	8.8126e-014
242	4.113e-014
243	3.9692e-015
244	-1.9872e-012
245	-2.3075e-012
246	-4.2861e-012
247	-2.2298e-013
248	2.4975e-013
249	4.3093e-013
250	0.
251	0.
252	0.
253	0.
254	2.4536e-013
255	1.7454e-013
256	-1.9645e-014
257	-1.1592e-013
258	7.8094e-013
259	-1.9496e-013
260	-4.4227e-013
261	-8.4815e-013
262	1.0191e-013
263	1.3718e-013
264	2.8725e-015
265	2.2022e-013
266	2.4116e-013
267	-8.0538e-014
268	2.2717e-013
269	1.3704e-013
270	3.1059e-013
271	-1.2698e-013
272	6.0174e-013
273	1.2985e-013
274	3.4907e-014
275	5.1959e-014
276	-7.9557e-014
277	-8.6783e-014
278	5.1394e-013
279	2.8522e-013
280	-9.6815e-013
281	1.5952e-013
282	2.0399e-013
283	2.0691e-013
284	-4.1794e-013
285	-1.4179e-013
286	-2.9866e-013
287	8.2271e-013
288	-6.0654e-013
289	-1.4668e-013
290	-1.0589e-012
291	0.
292	0.
293	-4.3344e-013
294	-6.369e-013
295	1.5669e-014
296	-2.439e-013
297	1.8069e-013
298	-1.2475e-013
299	-8.0142e-015
300	-5.6573e-013
301	-3.7071e-013
302	-7.5784e-013
303	-6.6764e-013
304	-9.0962e-013
305	1.3298e-013
306	4.6608e-013
307	-0.14895
308	-8.6046e-002
309	-0.12078
310	-2.5109e-002
311	-7.2234e-002
312	-5.2823e-002
313	-4.9086e-002
314	-5.4394e-002
315	-4.5258e-002
316	-3.9497e-002
317	-4.0429e-002
318	-1.9576e-002
319	-8.6665e-002
320	-9.8459e-002
321	-9.8472e-002
322	-0.11227
323	-0.1179
324	-0.13097
325	-0.14291
326	-0.14277
327	-0.14568
328	-0.13806
329	-0.1285
330	-0.12291
331	-0.12905
332	-0.12122
333	-0.12486
334	-9.6284e-002
335	-0.15886
336	-0.14835
337	-0.14812
338	-0.14943
339	-0.15083
340	-0.15628
341	-0.15575
342	-0.14851
343	-0.15655
344	-0.15189
345	-0.15836
346	-0.15575
347	-0.16554
348	-0.16297
349	-0.16321
350	-0.15765
351	-1.0988e-002
352	0.
353	0.
354	0.
355	0.
356	0.
357	0.
358	0.
359	0.
360	0.
361	3.1941e-003
362	-3.6932e-002
363	2.6582e-003
364	-4.1723e-002
365	-1.4846e-002
366	-1.8956e-002
367	-2.496e-002
368	-2.3264e-002
369	-1.9518e-002
370	-2.6298e-002
371	-2.5957e-002
372	-8.7866e-002
373	-3.8994e-004
374	-1.0405e-003
375	-2.0821e-003
376	-3.7232e-003
377	-8.1188e-003
378	-1.0132e-002
379	-9.5999e-003
380	3.2806e-003
381	3.1594e-003
382	-3.2448e-003
383	-3.8473e-003
384	1.4413e-004
385	5.7587e-003
386	-4.4886e-003
387	-8.5694e-003
388	-4.9391e-003
389	-1.6827e-002
390	-1.1407e-002
391	-2.1199e-002
392	0.
393	0.
394	0.
395	0.
396	0.
397	0.
398	0.
399	0.
400	0.
401	4.3988e-003
402	3.1511e-003
403	2.0823e-003
404	1.0383e-003
405	1.8428e-004
406	-1.7602e-004
407	0.
408	0.
409	0.
410	0.
411	0.
412	0.
413	0.
414	0.
415	0.
416	0.
417	0.
418	0.
419	-3.0693e-002
420	-1.9155e-002
421	-8.688e-002
422	-9.3093e-002
423	0.
424	0.
425	0.
426	0.
427	0.
428	0.
429	0.
430	0.
431	0.
432	0.
433	0.
434	0.
435	5.1238e-004
436	1.1783e-002
437	-7.9652e-004
438	-5.3869e-003
439	-8.5358e-003
440	-6.1566e-003
441	-0.15525
442	-0.12823
443	-0.149
444	-0.14062
445	-0.15037
446	-0.14509
447	-0.15189
448	-0.12341
449	-0.13043
450	-0.14429
451	-0.15059
452	-0.14315
453	-0.13088
454	-0.14701
455	-0.15272
456	-0.15151
457	-0.121
458	-0.12571
459	-1.0871e-002
460	-5.7433e-003
461	-2.2405e-002
462	-1.9118e-003
463	3.6576e-002
464	-2.5425e-003
465	-2.2258e-002
466	-1.781e-002
467	-2.2011e-002
468	-0.10921
469	-9.7706e-002
470	-0.1074
471	-6.3934e-002
472	-9.0719e-002
473	-1.883e-002
474	-1.8566e-002
475	-6.2599e-002
476	-0.10436
477	-7.3139e-002
478	-0.11727
479	-7.7075e-002
480	-7.5445e-002
481	-0.10864
482	-8.6215e-002
483	-5.4014e-002
