Node Number	Directional Deformation (mm)
1	7.803e-004
2	3.6515e-003
3	-0.69811
4	-0.65454
5	-0.60224
6	-0.58046
7	-0.49429
8	-0.33995
9	-0.19978
10	-0.19137
11	-0.24376
12	0.10099
13	-2.1955e-002
14	3.1585e-002
15	-2.5069e-002
16	-3.0707e-004
17	1.3718e-002
18	4.4279e-003
19	1.2687e-003
20	-0.5884
21	4.0117e-003
22	5.6136e-003
23	9.3411e-003
24	2.8943e-003
25	-1.8619e-002
26	-6.4533e-002
27	-7.4547e-002
28	-0.10581
29	-0.33421
30	-0.47623
31	-0.41993
32	-0.38626
33	-0.38733
34	-0.49277
35	-0.50888
36	-0.54623
37	-7.6756e-004
38	-3.613e-003
39	-2.9989e-003
40	5.8607e-004
41	3.6209e-003
42	1.9249e-003
43	1.591e-003
44	-0.56984
45	-5.3484e-004
46	-3.5366e-003
47	2.0506e-002
48	6.1313e-003
49	1.9128e-002
50	-1.6119e-003
51	-5.4234e-003
52	-2.4199e-002
53	-1.6666e-002
54	-0.57503
55	-0.57616
56	-0.49176
57	-0.29038
58	-0.39587
59	-0.44148
60	-0.518
61	-0.57551
62	-0.58245
63	-0.58513
64	-0.59142
65	-0.63715
66	-0.6802
67	-2.3045e-003
68	3.1804e-003
69	1.6905e-003
70	3.1205e-003
71	-3.9598e-004
72	-1.2795e-003
73	-1.8262e-003
74	-0.61922
75	3.4438e-003
76	-1.488e-003
77	-2.8862e-002
78	0.13401
79	-3.4997e-002
80	-0.54658
81	-9.8686e-002
82	-1.8851e-002
83	-9.8542e-002
84	-0.36538
85	-0.52601
86	-0.60709
87	-0.59881
88	-0.59156
89	-0.59078
90	-0.51857
91	2.2165e-002
92	1.1427e-002
93	-0.34015
94	5.5553e-003
95	0.27796
96	-0.26873
97	-3.9081e-004
98	0.10971
99	-0.51193
100	-3.9079e-002
101	-0.13027
102	-0.4388
103	-0.50017
104	1.1535e-002
105	-0.31447
106	2.5589e-002
107	-1.026e-002
108	6.943e-002
109	-0.41893
110	-3.0437e-002
111	9.905e-002
112	-0.37916
113	2.4834e-003
114	-2.6197e-002
115	-4.0411e-002
116	4.3518e-003
117	-0.52113
118	-3.6912e-002
119	1.4017e-002
120	2.7063e-003
121	-0.50018
122	-0.29433
123	-0.3754
124	1.0575e-002
125	8.6092e-002
126	-0.21602
127	-0.13138
128	-1.5949e-002
129	-1.7631e-003
130	4.4223e-003
131	-0.53256
132	-0.47436
133	-4.6151e-002
134	-5.0629e-003
135	-0.4679
136	0.
137	0.
138	0.
139	0.
140	1.1197e-011
141	1.2906e-011
142	8.3028e-012
143	-6.562e-012
144	-1.0709e-011
145	-8.5223e-012
146	0.
147	0.
148	-1.43e-011
149	-2.1256e-011
150	-1.3829e-011
151	1.2734e-012
152	1.2135e-011
153	1.2795e-011
154	0.
155	0.
156	0.
157	0.
158	0.
159	0.
160	0.
161	0.
162	0.
163	0.
164	0.
165	3.3764e-013
166	2.5958e-013
167	1.3266e-013
168	-6.8908e-014
169	-2.4287e-013
170	-3.2059e-013
171	0.
172	0.
173	0.
174	0.
175	0.
176	0.
177	0.
178	0.
179	0.
180	0.
181	0.
182	0.
183	0.
184	0.
185	0.
186	0.
187	0.
188	0.
189	0.
190	0.
191	0.
192	0.
193	0.
194	0.
195	-2.1972e-011
196	-3.3849e-011
197	-3.7999e-011
198	6.2943e-012
199	1.3086e-011
200	1.3399e-011
201	0.
202	0.
203	0.
204	0.
205	0.
206	0.
207	0.
208	0.
209	0.
210	0.
211	0.
212	0.
213	0.
214	0.
215	0.
216	0.
217	0.
218	0.
219	0.
220	0.
221	0.
222	0.
223	0.
224	0.
225	0.
226	0.
227	0.
228	0.
229	0.
230	0.
231	0.
232	9.8563e-014
233	-1.1428e-015
234	-5.5122e-014
235	-6.9104e-014
236	-2.6685e-013
237	-2.77e-013
238	-6.5167e-014
239	8.4748e-014
240	6.4871e-013
241	1.842e-013
242	-2.0468e-013
243	-1.4904e-013
244	-1.504e-011
245	-1.7102e-011
246	-3.2223e-011
247	9.0364e-012
248	1.9574e-011
249	1.2935e-011
250	0.
251	0.
252	0.
253	0.
254	1.9097e-012
255	-6.2259e-012
256	-1.8216e-012
257	-6.4859e-013
258	5.0487e-012
259	-1.5119e-012
260	-7.7225e-012
261	-1.3317e-011
262	1.5264e-013
263	2.4464e-012
264	-4.7079e-013
265	2.4439e-012
266	7.8444e-013
267	2.0013e-013
268	-8.0289e-014
269	1.5937e-012
270	1.6526e-012
271	3.5241e-013
272	3.55e-012
273	7.6537e-013
274	-5.3901e-013
275	2.0522e-013
276	-3.2025e-013
277	3.3617e-013
278	4.0851e-012
279	1.7831e-012
280	-7.4838e-012
281	-2.169e-013
282	4.0795e-013
283	1.0769e-012
284	-2.7276e-012
285	-2.282e-014
286	-1.409e-012
287	6.7069e-012
288	-4.6e-012
289	-2.0355e-012
290	-7.4262e-012
291	0.
292	0.
293	-3.5234e-012
294	2.8388e-013
295	-2.3485e-012
296	7.3517e-012
297	6.5867e-013
298	-1.0558e-012
299	5.5737e-014
300	-1.9873e-012
301	-5.7018e-012
302	-7.3485e-012
303	-3.8928e-012
304	-9.1646e-012
305	2.4161e-012
306	4.552e-012
307	-0.48968
308	-0.39606
309	-0.45844
310	-7.4125e-002
311	-0.28542
312	-0.23126
313	-0.14789
314	-0.16853
315	-0.13644
316	-0.12404
317	-0.30429
318	-0.21763
319	-0.32972
320	-0.38452
321	-0.40482
322	-0.38481
323	-0.37773
324	-0.4363
325	-0.52935
326	-0.5288
327	-0.53843
328	-0.51031
329	-0.47714
330	-0.45488
331	-0.47361
332	-0.44214
333	-0.45537
334	-0.37963
335	-0.58251
336	-0.54776
337	-0.54794
338	-0.5529
339	-0.55828
340	-0.57794
341	-0.57568
342	-0.46888
343	-0.51887
344	-0.51793
345	-0.55717
346	-0.55839
347	-0.5977
348	-0.59238
349	-0.59521
350	-0.57778
351	-2.4354e-002
352	0.
353	0.
354	0.
355	0.
356	0.
357	0.
358	0.
359	0.
360	0.
361	1.3184e-002
362	-0.19845
363	1.9408e-002
364	-0.21424
365	-4.4609e-002
366	-6.3061e-002
367	-6.719e-002
368	-7.736e-002
369	-6.5861e-002
370	-0.13274
371	-0.16189
372	-0.35635
373	-1.3186e-003
374	-3.5975e-003
375	-7.3332e-003
376	-1.3413e-002
377	-2.8437e-002
378	-3.2335e-002
379	-2.5902e-002
380	2.9131e-002
381	-1.3319e-002
382	-4.4149e-002
383	-3.7606e-002
384	-5.5465e-002
385	-4.2439e-002
386	-8.3395e-002
387	-0.10353
388	-8.8661e-002
389	-0.12846
390	-0.11134
391	-0.14692
392	0.
393	0.
394	0.
395	0.
396	0.
397	0.
398	0.
399	0.
400	0.
401	1.7976e-002
402	1.2876e-002
403	8.351e-003
404	4.1292e-003
405	6.8128e-004
406	-5.6395e-004
407	0.
408	0.
409	0.
410	0.
411	0.
412	0.
413	0.
414	0.
415	0.
416	0.
417	0.
418	0.
419	-0.12771
420	-3.9752e-002
421	-0.32095
422	-0.36325
423	0.
424	0.
425	0.
426	0.
427	0.
428	0.
429	0.
430	0.
431	0.
432	0.
433	0.
434	0.
435	1.5012e-003
436	4.913e-002
437	-2.8297e-003
438	-2.0595e-002
439	-0.10132
440	-2.7764e-002
441	-0.57011
442	-0.46791
443	-0.54861
444	-0.50614
445	-0.55689
446	-0.52845
447	-0.56158
448	-0.45917
449	-0.483
450	-0.4686
451	-0.55686
452	-0.53015
453	-0.48071
454	-0.51312
455	-0.5625
456	-0.54656
457	-0.44393
458	-0.43389
459	-9.127e-002
460	-8.9657e-002
461	-0.1487
462	-8.855e-003
463	0.16438
464	-1.3187e-002
465	-0.13027
466	-9.4341e-002
467	-0.13942
468	-0.42693
469	-0.38274
470	-0.41904
471	-0.23239
472	-0.28097
473	-0.11259
474	-5.1247e-002
475	-0.26935
476	-0.40877
477	-0.29843
478	-0.45115
479	-0.28513
480	-0.30601
481	-0.42383
482	-0.33162
483	-0.18785
