Node Number	Directional Deformation (mm)
1	-1.1111e-002
2	-2.9819e-003
3	-0.26304
4	-0.22307
5	-0.18272
6	-0.1508
7	-0.11088
8	-3.6412e-002
9	1.7496e-002
10	0.10554
11	0.20762
12	4.2044e-003
13	0.19704
14	2.0924e-002
15	-8.6144e-003
16	-2.1933e-002
17	1.4637e-002
18	8.0816e-003
19	-4.0964e-003
20	-0.19645
21	-6.8181e-003
22	-5.1441e-003
23	4.9166e-003
24	1.3593e-002
25	0.11798
26	0.23913
27	0.4629
28	2.5841e-002
29	-0.19673
30	-0.13427
31	-8.3371e-002
32	-8.495e-003
33	-1.1233e-002
34	-7.6119e-002
35	-0.11517
36	-0.15632
37	7.4549e-003
38	3.1196e-003
39	1.5831e-003
40	6.8504e-003
41	6.7762e-003
42	-5.9735e-003
43	-5.1273e-003
44	-0.20755
45	2.6257e-003
46	-4.4358e-003
47	2.6407e-004
48	1.9177e-002
49	1.5609e-002
50	1.7117e-003
51	7.2423e-003
52	-0.65747
53	-0.45574
54	-7.7675e-002
55	8.857e-002
56	0.11944
57	5.9462e-002
58	-2.1234e-002
59	-8.4522e-002
60	-0.15411
61	-0.208
62	-0.21189
63	-0.21746
64	-0.22041
65	-0.23935
66	-0.25467
67	3.1633e-003
68	-4.7184e-003
69	-2.8519e-003
70	2.1002e-003
71	5.4459e-003
72	2.9587e-003
73	4.1194e-003
74	-0.22413
75	4.7211e-004
76	-9.1253e-003
77	-7.3928e-003
78	0.12923
79	0.48341
80	0.45404
81	0.33346
82	0.29236
83	0.10121
84	-4.1516e-002
85	-0.15031
86	-0.22196
87	-0.21359
88	-0.20568
89	-0.19728
90	-9.4852e-002
91	-0.14612
92	8.4717e-003
93	-2.6944e-002
94	-5.5115e-003
95	-9.4369e-002
96	3.0853e-002
97	4.8074e-004
98	0.218
99	-0.13686
100	1.7511e-002
101	-0.19484
102	-9.7459e-002
103	-0.12335
104	4.9259e-002
105	1.124e-002
106	-0.12408
107	2.7479e-003
108	2.2231e-002
109	-6.4455e-002
110	4.1151e-003
111	-0.16394
112	-5.5056e-002
113	-2.7069e-003
114	-6.163e-002
115	-4.3468e-003
116	-9.6469e-003
117	-0.14573
118	8.9925e-002
119	-8.6219e-002
120	1.0397e-002
121	-0.12146
122	0.1138
123	1.9552e-002
124	9.9101e-003
125	0.18744
126	1.1616e-002
127	0.23822
128	-1.6935e-002
129	-2.4075e-002
130	1.4752e-003
131	-0.17227
132	0.10927
133	8.0052e-004
134	-1.319e-002
135	-0.10156
136	0.
137	0.
138	0.
139	0.
140	8.3743e-004
141	-1.5881e-004
142	-3.7967e-004
143	4.8208e-003
144	-1.4038e-003
145	3.2492e-004
146	0.
147	0.
148	3.6294e-004
149	7.6214e-004
150	3.9809e-004
151	9.8323e-004
152	-1.568e-004
153	1.816e-004
154	0.
155	0.
156	-8.4369e-003
157	-5.5898e-003
158	-1.6997e-002
159	1.8034e-003
160	-1.767e-003
161	1.2428e-003
162	0.
163	0.
164	6.6475e-003
165	2.5943e-003
166	2.6697e-002
167	8.3346e-004
168	-2.5755e-003
169	-3.1762e-003
170	0.
171	0.
172	0.
173	0.
174	0.
175	0.
176	0.
177	0.
178	0.
179	0.
180	0.
181	0.
182	0.
183	0.
184	0.
185	0.
186	0.
187	0.
188	0.
189	0.
190	0.
191	0.
192	0.
193	0.
194	0.
195	0.
196	0.
197	0.
198	0.
199	0.
200	0.
201	0.
202	0.
203	0.
204	0.
205	0.
206	0.
207	0.
208	0.
209	0.
210	0.
211	0.
212	0.
213	0.
214	-6.8954e-004
215	-3.9833e-004
216	-5.5325e-004
217	-6.7203e-004
218	-2.9476e-004
219	4.1424e-004
220	0.
221	0.
222	0.
223	0.
224	0.
225	0.
226	0.
227	0.
228	0.
229	0.
230	0.
231	0.
232	0.
233	0.
234	2.3565e-005
235	2.45e-005
236	1.0006e-005
237	-9.1337e-006
238	-2.2664e-005
239	-2.1567e-005
240	7.5423e-006
241	8.987e-006
242	1.1656e-005
243	-2.6391e-006
244	-9.957e-006
245	-9.9952e-006
246	0.
247	6.0079e-006
248	-1.3438e-004
249	-1.8781e-005
250	-5.3659e-005
251	8.3878e-004
252	-4.8486e-005
253	-2.4941e-005
254	2.0123e-004
255	-6.4466e-005
256	-5.992e-006
257	1.5658e-004
258	-9.0056e-005
259	-7.7573e-006
260	9.3846e-005
261	4.9517e-004
262	3.9163e-006
263	9.0049e-006
264	-2.1297e-005
265	-1.1868e-005
266	2.8259e-004
267	4.0182e-006
268	4.083e-004
269	-4.7122e-005
270	2.015e-005
271	5.4309e-005
272	4.1947e-003
273	3.8447e-004
274	3.8756e-004
275	9.524e-004
276	-4.8136e-004
277	-5.211e-003
278	2.0795e-004
279	-5.3395e-005
280	0.
281	-2.0452e-003
282	8.6922e-006
283	2.0108e-004
284	0.
285	0.
286	0.
287	0.
288	-1.7579e-003
289	6.7827e-003
290	-8.016e-004
291	6.1769e-003
292	-7.5145e-005
293	1.0551e-003
294	-1.7664e-003
295	0.
296	2.1026e-006
297	-1.6914e-007
298	9.5784e-007
299	7.4294e-007
300	1.1496e-006
301	3.2025e-006
302	-1.8183e-009
303	-3.6614e-008
304	0.
305	0.
306	0.
307	0.
308	0.
309	0.
310	0.
311	1.5267e-006
312	1.8119e-007
313	5.4294e-007
314	1.5925e-006
315	2.8451e-006
316	2.0528e-006
317	1.5931e-006
318	-2.8469e-007
319	1.1818e-006
320	5.1382e-007
321	2.3121e-006
322	1.38e-006
323	2.2924e-006
324	2.1127e-006
325	2.0503e-006
326	1.1213e-006
327	1.3275e-006
328	1.0941e-006
329	7.4806e-006
330	7.5034e-006
331	7.4683e-006
332	7.4231e-006
333	6.967e-006
334	6.5257e-006
335	5.9809e-006
336	5.2318e-006
337	4.4159e-006
338	3.4042e-006
339	2.2596e-006
340	1.0319e-005
341	9.0051e-006
342	-3.0591e-008
343	-2.7124e-008
344	-9.9051e-009
345	9.5066e-008
346	2.1427e-007
347	3.7922e-007
348	1.2151e-006
349	1.9233e-006
350	2.4596e-006
351	3.6745e-006
352	5.0775e-006
353	6.2035e-006
354	7.0481e-006
355	7.8196e-006
356	8.5442e-006
357	9.2315e-006
358	9.8548e-006
359	1.0385e-005
360	1.0403e-005
361	0.
362	0.
363	0.
364	0.
365	0.
366	0.
367	7.477e-006
368	2.9594e-006
369	3.5417e-006
370	4.3664e-006
371	5.1065e-006
372	5.7922e-006
373	6.369e-006
374	6.6804e-006
375	6.9336e-006
376	7.111e-006
377	7.3686e-006
378	7.7318e-006
379	7.7757e-006
380	7.7496e-006
381	7.7125e-006
382	7.6718e-006
383	7.582e-006
384	0.
385	0.
386	0.
387	0.
388	0.
389	0.
390	2.4741e-008
391	1.0158e-005
392	4.5229e-006
393	0.
394	0.
395	0.
396	0.
397	0.
398	0.
399	-8.5265e-008
400	-1.0855e-007
401	-9.9823e-008
402	-7.0217e-008
403	-3.9402e-008
404	-3.2151e-008
405	3.7506e-006
406	3.341e-006
407	4.8105e-006
408	2.3326e-006
409	7.7976e-006
410	1.1028e-007
411	1.3773e-007
412	-1.0941e-007
413	-4.4015e-008
414	6.3075e-006
415	1.5849e-006
416	0.
417	0.
418	0.
419	0.
420	0.
421	0.
422	0.
423	7.0174e-006
424	5.131e-006
425	4.9011e-006
426	7.4058e-006
427	6.5938e-006
428	6.1875e-006
429	3.2336e-006
430	7.5866e-006
431	7.7247e-006
432	2.7798e-006
433	7.267e-006
434	3.453e-006
435	6.0426e-006
436	6.6477e-006
437	3.3613e-006
438	7.7042e-006
439	5.6391e-006
440	6.7001e-006
441	8.8513e-006
442	7.4017e-006
443	-9.6236e-010
444	-2.7069e-007
445	2.6548e-006
446	2.2691e-006
447	7.9705e-006
448	3.6468e-006
449	9.0814e-007
450	8.5334e-006
451	8.5202e-006
452	2.5798e-006
453	4.6129e-006
454	6.9373e-006
455	8.505e-006
456	5.9718e-006
