Node Number	Directional Deformation (mm)
1	1.5662e-002
2	1.3532e-002
3	-0.51177
4	-0.45956
5	-0.40379
6	-0.36407
7	-0.32397
8	-0.24809
9	-0.19405
10	-7.5676e-002
11	7.3899e-002
12	-3.7909e-002
13	9.2854e-002
14	1.7157e-002
15	9.9502e-003
16	-4.3503e-002
17	7.1485e-003
18	1.9448e-002
19	1.2581e-002
20	-0.40554
21	1.0178e-002
22	2.0469e-002
23	4.6954e-002
24	6.4224e-002
25	0.22391
26	0.37061
27	0.72874
28	0.13654
29	-0.25552
30	-0.22907
31	-0.2139
32	-0.13635
33	-0.16034
34	-0.24785
35	-0.30577
36	-0.3581
37	-1.1343e-002
38	-9.4907e-003
39	-4.7506e-003
40	1.4685e-003
41	9.5526e-003
42	1.0483e-002
43	1.4257e-002
44	-0.4231
45	-1.1248e-002
46	-1.4002e-002
47	-1.5134e-002
48	9.6326e-003
49	-1.7839e-002
50	-2.7498e-002
51	2.3907e-002
52	-0.71819
53	-0.52885
54	-8.2794e-002
55	4.7e-002
56	3.9781e-002
57	-6.4169e-002
58	-0.17257
59	-0.25998
60	-0.35001
61	-0.42298
62	-0.43105
63	-0.44211
64	-0.44457
65	-0.4754
66	-0.50047
67	-1.0088e-002
68	1.2514e-002
69	1.5385e-002
70	6.1106e-003
71	1.9159e-003
72	-8.1598e-004
73	-8.9528e-003
74	-0.50587
75	-2.1457e-002
76	-5.1447e-002
77	-8.7306e-002
78	-9.0918e-002
79	0.41712
80	0.38568
81	0.26599
82	0.13039
83	-0.11198
84	-0.27194
85	-0.40187
86	-0.49631
87	-0.47023
88	-0.43777
89	-0.41536
90	-0.27556
91	-0.11546
92	2.8878e-002
93	-0.11456
94	-8.1747e-003
95	-0.15714
96	-0.16532
97	1.9264e-002
98	9.5883e-002
99	-0.36915
100	-2.3693e-002
101	-0.21072
102	-0.24509
103	-0.31758
104	0.10119
105	-0.15652
106	-0.24723
107	3.8725e-002
108	-7.8449e-002
109	-0.24193
110	1.107e-002
111	-0.25368
112	-0.23574
113	-1.702e-003
114	-0.2588
115	2.6222e-002
116	-6.8872e-003
117	-0.3466
118	-1.7685e-002
119	-0.13351
120	1.5853e-002
121	-0.30282
122	3.993e-002
123	-0.11481
124	8.0447e-003
125	3.3467e-002
126	-0.13622
127	7.5086e-002
128	5.4026e-002
129	6.807e-002
130	1.2696e-003
131	-0.38615
132	3.5773e-002
133	-2.2106e-002
134	-1.7802e-002
135	-0.30929
136	0.
137	0.
138	0.
139	0.
140	-8.2363e-002
141	-7.6356e-002
142	-4.5575e-002
143	1.5994e-002
144	7.5339e-002
145	7.3938e-002
146	0.
147	0.
148	4.4054e-002
149	5.8068e-002
150	4.1682e-002
151	-1.7513e-002
152	-4.2887e-002
153	-4.2366e-002
154	0.
155	0.
156	9.476e-002
157	7.854e-002
158	-7.5209e-002
159	-5.0235e-003
160	-8.7923e-002
161	-0.1309
162	0.
163	0.
164	-5.1237e-002
165	-0.11293
166	-8.5407e-002
167	2.3912e-002
168	7.3702e-002
169	6.6562e-002
170	0.
171	0.
172	0.
173	0.
174	0.
175	0.
176	0.
177	0.
178	0.
179	0.
180	0.
181	0.
182	0.
183	0.
184	0.
185	0.
186	0.
187	0.
188	0.
189	0.
190	0.
191	0.
192	0.
193	0.
194	0.
195	0.
196	0.
197	0.
198	0.
199	0.
200	0.
201	0.
202	0.
203	0.
204	0.
205	0.
206	0.
207	0.
208	0.
209	0.
210	0.
211	0.
212	0.
213	0.
214	-7.596e-006
215	2.4183e-003
216	5.2905e-003
217	7.878e-003
218	7.2883e-003
219	4.6104e-003
220	0.
221	0.
222	0.
223	0.
224	0.
225	0.
226	0.
227	0.
228	0.
229	0.
230	0.
231	0.
232	0.
233	0.
234	4.1087e-004
235	6.8795e-004
236	3.2947e-004
237	1.1055e-004
238	-2.054e-004
239	-1.1983e-004
240	-9.7861e-004
241	-7.2841e-004
242	8.8977e-005
243	7.0252e-004
244	1.4429e-003
245	1.0611e-003
246	0.
247	2.8396e-004
248	-1.0605e-003
249	4.0597e-004
250	6.0965e-004
251	-1.5185e-002
252	-1.197e-003
253	-1.2327e-003
254	1.029e-002
255	-2.3656e-003
256	7.7304e-004
257	-1.8061e-002
258	-2.9906e-003
259	-4.3856e-004
260	7.6595e-003
261	3.252e-002
262	-4.2644e-002
263	9.304e-004
264	-5.9989e-004
265	-1.1276e-003
266	3.1843e-002
267	8.1639e-004
268	-3.7803e-002
269	-2.8604e-002
270	1.496e-003
271	9.1378e-003
272	7.9989e-003
273	1.1344e-002
274	-7.7817e-003
275	2.2872e-002
276	-3.5682e-002
277	6.9918e-002
278	1.3483e-002
279	-3.8524e-003
280	0.
281	1.5881e-002
282	-9.9124e-004
283	1.4986e-002
284	0.
285	0.
286	0.
287	0.
288	-3.6489e-002
289	2.2552e-002
290	9.5118e-003
291	2.774e-002
292	-2.1872e-004
293	-1.3162e-002
294	-8.5646e-003
295	0.
296	2.0136e-002
297	-3.8511e-002
298	2.6749e-002
299	4.3088e-002
300	-5.2674e-003
301	-3.1557e-002
302	-1.9623e-002
303	-3.2465e-002
304	0.
305	0.
306	0.
307	0.
308	0.
309	0.
310	0.
311	0.11428
312	-7.3036e-002
313	-9.7855e-002
314	-0.11763
315	-4.1387e-002
316	3.8796e-002
317	0.104
318	0.14305
319	-3.4236e-002
320	-7.6471e-002
321	0.16239
322	0.18143
323	0.13435
324	0.11781
325	8.2304e-002
326	5.4598e-002
327	1.3566e-002
328	-1.5832e-002
329	8.1352e-002
330	8.3879e-002
331	9.7063e-002
332	0.11711
333	0.10173
334	9.2623e-002
335	9.0752e-002
336	7.3227e-002
337	5.9862e-002
338	3.2892e-002
339	7.3218e-004
340	-2.9841e-002
341	4.1414e-002
342	-6.2926e-004
343	-3.3934e-004
344	-1.1723e-003
345	-6.5202e-003
346	-1.0761e-002
347	4.1398e-002
348	-9.965e-003
349	-4.8419e-002
350	-0.13166
351	-0.16056
352	-0.1347
353	-0.12323
354	-0.1092
355	-0.11872
356	-0.10493
357	-7.6188e-002
358	-4.3062e-002
359	-3.5074e-002
360	-1.2716e-002
361	0.
362	0.
363	0.
364	0.
365	0.
366	0.
367	0.16305
368	0.13827
369	0.1182
370	9.9861e-002
371	0.10905
372	0.14222
373	0.14932
374	0.14897
375	0.14373
376	0.14458
377	0.1591
378	0.11933
379	0.13315
380	0.13534
381	0.14183
382	0.14229
383	0.14585
384	0.
385	0.
386	0.
387	0.
388	0.
389	0.
390	7.22e-003
391	1.0518e-002
392	-0.10189
393	0.
394	0.
395	0.
396	0.
397	0.
398	0.
399	8.8614e-003
400	1.0725e-002
401	4.6339e-003
402	-3.2131e-004
403	5.3102e-004
404	1.7072e-004
405	5.4448e-002
406	5.2954e-002
407	3.0361e-002
408	2.4361e-002
409	7.6474e-002
410	-1.2294e-003
411	3.1717e-003
412	-1.3738e-003
413	1.397e-003
414	-0.11007
415	-7.989e-002
416	0.
417	0.
418	0.
419	0.
420	0.
421	0.
422	0.
423	0.11743
424	0.10316
425	0.11109
426	0.12669
427	0.12311
428	0.12722
429	7.9666e-002
430	0.13574
431	0.13271
432	9.5817e-002
433	0.13531
434	5.4475e-002
435	0.11935
436	0.11155
437	9.9797e-002
438	0.12097
439	9.9185e-002
440	0.12841
441	-3.8329e-002
442	-8.3637e-002
443	-1.3992e-002
444	4.3717e-002
445	-5.1453e-002
446	-1.3133e-002
447	7.7601e-002
448	4.4822e-003
449	-0.11626
450	9.3156e-002
451	7.0776e-002
452	8.4763e-003
453	-7.3026e-003
454	5.8757e-002
455	7.6529e-002
456	-2.7946e-003
