Node Number	Directional Deformation (mm)
1	-1.6183e-003
2	1.0748e-003
3	-0.68563
4	-0.656
5	-0.62033
6	-0.59737
7	-0.54269
8	-0.41026
9	-0.30834
10	-0.11292
11	0.21961
12	3.9822e-003
13	6.3236e-003
14	1.2056e-002
15	-3.4791e-002
16	-4.3158e-003
17	8.6362e-003
18	1.4825e-003
19	-1.5908e-003
20	-0.43749
21	1.531e-003
22	2.6788e-003
23	2.6207e-003
24	-4.5389e-003
25	-2.3088e-002
26	-0.10132
27	-0.15421
28	-0.14547
29	-0.58653
30	-0.58838
31	-0.43912
32	-0.29912
33	-0.24816
34	-0.32622
35	-0.35672
36	-0.39753
37	2.1015e-003
38	-1.235e-003
39	-2.4235e-003
40	1.4455e-003
41	5.1659e-003
42	1.5548e-003
43	-2.1256e-004
44	-0.59545
45	-2.7929e-004
46	-7.4491e-003
47	3.4541e-003
48	-5.5418e-003
49	2.0779e-002
50	2.5445e-002
51	-2.7954e-002
52	-5.188e-003
53	-0.22328
54	-0.5466
55	-0.43145
56	-0.35031
57	-0.31555
58	-0.41902
59	-0.47796
60	-0.54796
61	-0.60066
62	-0.60786
63	-0.61176
64	-0.61827
65	-0.65196
66	-0.67896
67	-1.9658e-003
68	1.0471e-003
69	1.2085e-003
70	3.328e-003
71	1.4249e-003
72	-1.3253e-003
73	-1.3148e-003
74	-0.4963
75	-4.337e-004
76	-1.0014e-002
77	-4.4902e-002
78	7.5586e-002
79	8.7907e-002
80	2.1847e-002
81	0.16081
82	0.17219
83	-4.0712e-002
84	-0.26117
85	-0.41061
86	-0.4849
87	-0.47482
88	-0.46057
89	-0.44433
90	-0.38405
91	7.193e-002
92	3.7857e-003
93	-0.1826
94	3.6986e-004
95	4.0633e-002
96	-0.17489
97	1.9844e-003
98	0.17044
99	-0.40245
100	-2.3727e-002
101	0.19259
102	-0.4326
103	-0.3697
104	1.0737e-003
105	-0.3697
106	-8.2577e-002
107	-7.0198e-003
108	1.8e-002
109	-0.47626
110	-2.8756e-002
111	-0.17479
112	-0.44296
113	7.4361e-003
114	-0.38624
115	3.0442e-002
116	-3.9026e-003
117	-0.56346
118	-5.5531e-002
119	1.2656e-002
120	3.6211e-003
121	-0.53008
122	-0.2837
123	-0.38262
124	7.3231e-003
125	-3.2367e-002
126	-0.35707
127	3.8143e-002
128	4.2452e-003
129	6.0299e-003
130	4.8109e-003
131	-0.57312
132	-0.36171
133	4.7036e-003
134	-3.5648e-003
135	-0.53802
136	0.
137	0.
138	0.
139	0.
140	-2.8983e-003
141	-2.1545e-003
142	-8.5805e-004
143	1.3267e-004
144	8.9881e-004
145	3.6157e-004
146	0.
147	0.
148	1.1011e-003
149	7.8361e-004
150	3.3009e-004
151	-1.8611e-003
152	-2.4915e-003
153	-1.7225e-003
154	0.
155	0.
156	2.7788e-003
157	1.3721e-002
158	1.6485e-003
159	-3.0089e-003
160	-1.9363e-002
161	-8.4477e-003
162	0.
163	0.
164	1.1759e-002
165	3.3747e-003
166	-1.1452e-003
167	-1.4638e-004
168	5.4576e-003
169	3.52e-002
170	0.
171	0.
172	0.
173	0.
174	0.
175	0.
176	0.
177	0.
178	0.
179	0.
180	0.
181	0.
182	0.
183	0.
184	0.
185	0.
186	0.
187	0.
188	0.
189	0.
190	0.
191	0.
192	0.
193	0.
194	0.
195	0.
196	0.
197	0.
198	0.
199	0.
200	0.
201	0.
202	0.
203	0.
204	0.
205	0.
206	0.
207	0.
208	0.
209	0.
210	0.
211	0.
212	0.
213	0.
214	0.
215	1.0926e-004
216	2.4823e-004
217	4.1296e-004
218	1.9136e-004
219	1.6321e-004
220	1.9437e-004
221	0.
222	0.
223	0.
224	0.
225	0.
226	0.
227	0.
228	0.
229	0.
230	0.
231	0.
232	0.
233	0.
234	4.7707e-005
235	4.3576e-005
236	2.3028e-005
237	-1.4653e-005
238	-2.3924e-005
239	-3.212e-005
240	-1.7509e-006
241	1.0384e-005
242	2.615e-005
243	2.5335e-005
244	2.9909e-005
245	1.0768e-005
246	0.
247	0.
248	5.3462e-005
249	-5.6749e-004
250	-2.1585e-005
251	-6.0932e-005
252	-8.392e-004
253	6.9913e-005
254	1.3903e-005
255	-1.3412e-004
256	-6.7744e-004
257	-4.7137e-005
258	-9.6849e-005
259	7.8001e-004
260	-3.4215e-006
261	-9.8074e-004
262	2.6406e-005
263	1.2769e-004
264	8.2801e-006
265	1.0382e-003
266	-1.7545e-003
267	1.5349e-005
268	-2.5195e-003
269	-2.6569e-004
270	1.949e-003
271	-5.3031e-004
272	2.2709e-003
273	4.7611e-004
274	-9.836e-004
275	6.0148e-003
276	1.1456e-003
277	-7.6295e-005
278	-8.212e-004
279	0.
280	4.0552e-003
281	2.0591e-005
282	8.0587e-004
283	0.
284	1.1598e-004
285	-8.7858e-005
286	1.9668e-003
287	1.9591e-004
288	6.8393e-003
289	3.772e-004
290	3.5676e-004
291	-9.7245e-005
292	1.9872e-003
293	-5.0858e-006
294	0.
295	9.4345e-006
296	1.0937e-007
297	-2.6868e-006
298	-6.1539e-007
299	-7.3424e-007
300	-2.3347e-007
301	2.7891e-007
302	-8.321e-007
303	0.
304	0.
305	0.
306	0.
307	0.
308	0.
309	0.
310	9.49e-007
311	-5.3767e-007
312	-4.0139e-008
313	-1.0292e-007
314	-9.7709e-007
315	-1.17e-006
316	1.014e-007
317	1.8884e-006
318	-2.5855e-006
319	-1.5308e-006
320	3.7134e-006
321	1.3618e-005
322	2.2517e-006
323	-7.1226e-007
324	-1.7164e-006
325	-2.3979e-006
326	-2.8355e-006
327	-2.8254e-006
328	-5.3315e-006
329	-5.3129e-006
330	-5.2031e-006
331	-4.9905e-006
332	-4.6972e-006
333	-4.3173e-006
334	-3.9027e-006
335	-3.4248e-006
336	-3.1323e-006
337	-2.9435e-006
338	-2.1764e-006
339	-3.7465e-006
340	-3.9356e-008
341	-2.8849e-008
342	-4.7698e-008
343	-9.5583e-009
344	1.2843e-007
345	3.8826e-007
346	4.8239e-007
347	-3.1247e-007
348	8.3645e-007
349	1.4852e-006
350	1.2934e-006
351	6.576e-007
352	1.4882e-007
353	-1.8834e-007
354	-7.8316e-007
355	-1.4908e-006
356	-1.9243e-006
357	-2.2187e-006
358	-2.1482e-006
359	0.
360	0.
361	0.
362	0.
363	0.
364	0.
365	0.
366	-5.7001e-006
367	-1.9259e-007
368	-2.8231e-006
369	-3.6004e-006
370	-4.4228e-006
371	-4.7453e-006
372	-5.0808e-006
373	-5.2925e-006
374	-5.4541e-006
375	-5.6269e-006
376	-5.4223e-006
377	-5.554e-006
378	-5.6885e-006
379	-5.8303e-006
380	-5.8581e-006
381	-5.8458e-006
382	0.
383	0.
384	0.
385	0.
386	0.
387	0.
388	0.
389	-3.2436e-007
390	-3.0095e-006
391	3.2045e-006
392	0.
393	0.
394	0.
395	0.
396	0.
397	0.
398	-2.5551e-007
399	-1.7791e-007
400	-1.244e-007
401	-8.9168e-008
402	-6.1209e-008
403	-4.1533e-008
404	3.4487e-006
405	1.0087e-005
406	-1.0732e-006
407	-3.928e-006
408	-7.5647e-008
409	-1.3495e-007
410	-4.247e-008
411	1.7025e-007
412	6.1397e-007
413	0.
414	0.
415	0.
416	0.
417	0.
418	0.
419	0.
420	0.
421	0.
422	0.
423	-5.1362e-006
424	-4.3725e-006
425	-3.0295e-006
426	-5.1548e-006
427	-4.4452e-006
428	-3.7499e-006
429	-5.5487e-006
430	-3.4816e-006
431	-5.6532e-006
432	-4.713e-006
433	-5.4334e-006
434	-2.1541e-006
435	-3.1161e-006
436	-5.466e-006
437	-1.6832e-006
438	4.318e-007
439	2.3577e-007
440	1.2213e-006
441	-6.9113e-008
442	1.2909e-006
443	-1.2576e-006
444	-4.5057e-006
445	-1.5064e-006
