Node Number	Directional Deformation (mm)
1	-3.3004e-015
2	-3.5345e-015
3	-1.3087e-014
4	-1.2613e-014
5	-1.2137e-014
6	-1.1618e-014
7	-1.1054e-014
8	-1.0459e-014
9	-9.8887e-015
10	-9.2457e-015
11	-8.5551e-015
12	-7.2841e-015
13	-6.389e-015
14	-5.8165e-015
15	-5.9816e-015
16	-5.0867e-015
17	-4.5657e-015
18	-4.1516e-015
19	-3.812e-015
20	-1.2801e-014
21	-4.2166e-015
22	-5.4429e-015
23	-6.5435e-015
24	-7.7772e-015
25	-8.8992e-015
26	-8.9335e-015
27	-9.4964e-015
28	-9.9973e-015
29	-1.0337e-014
30	-1.0421e-014
31	-1.044e-014
32	-1.075e-014
33	-1.1081e-014
34	-1.151e-014
35	-1.192e-014
36	-1.2353e-014
37	-2.5292e-015
38	-2.9117e-015
39	-3.383e-015
40	-3.856e-015
41	-3.5744e-015
42	-3.3634e-015
43	-3.1541e-015
44	-1.3294e-014
45	-3.514e-015
46	-4.3394e-015
47	-4.0554e-015
48	-3.9076e-015
49	-5.7812e-015
50	-6.5903e-015
51	-7.0947e-015
52	-7.8431e-015
53	-8.811e-015
54	-9.4694e-015
55	-1.0189e-014
56	-1.0805e-014
57	-1.1347e-014
58	-1.1884e-014
59	-1.2353e-014
60	-1.282e-014
61	-1.329e-014
62	-1.3263e-014
63	-1.3216e-014
64	-1.3188e-014
65	-1.3133e-014
66	-1.3089e-014
67	-3.5046e-015
68	-3.4548e-015
69	-3.6259e-015
70	-3.3452e-015
71	-3.7307e-015
72	-3.3818e-015
73	-3.3268e-015
74	-1.2747e-014
75	-4.3888e-015
76	-5.9572e-015
77	-7.6577e-015
78	-6.7151e-015
79	-7.3995e-015
80	-8.3868e-015
81	-8.9236e-015
82	-9.9102e-015
83	-1.0648e-014
84	-1.1401e-014
85	-1.207e-014
86	-1.2744e-014
87	-1.2739e-014
88	-1.2758e-014
89	-1.2786e-014
90	-1.1243e-014
91	-8.7489e-015
92	-7.7905e-015
93	-1.0006e-014
94	-5.6358e-015
95	-8.0914e-015
96	-1.0546e-014
97	-5.6553e-015
98	-8.6773e-015
99	-1.1806e-014
100	-7.4831e-015
101	-9.3493e-015
102	-1.0516e-014
103	-1.2073e-014
104	-9.228e-015
105	-1.1127e-014
106	-1.0149e-014
107	-6.33e-015
108	-8.4265e-015
109	-1.1445e-014
110	-6.3129e-015
111	-9.0561e-015
112	-1.1932e-014
113	-5.2052e-015
114	-1.059e-014
115	-8.6246e-015
116	-4.7054e-015
117	-1.2297e-014
118	-9.5965e-015
119	-8.2027e-015
120	-4.2576e-015
121	-1.2504e-014
122	-1.0011e-014
123	-1.1451e-014
124	-5.5316e-015
125	-9.8751e-015
126	-1.0701e-014
127	-8.7257e-015
128	-6.3142e-015
129	-5.7354e-015
130	-4.2911e-015
131	-1.2687e-014
132	-1.0475e-014
133	-6.6577e-015
134	-5.3925e-015
135	-1.087e-014
136	0.
137	0.
138	0.
139	0.
140	-1.0564e-017
141	-9.2386e-017
142	5.8982e-018
143	7.9122e-017
144	-1.2567e-017
145	1.3968e-017
146	0.
147	0.
148	4.7873e-017
149	6.8611e-017
150	9.1536e-017
151	4.0562e-017
152	-9.2355e-018
153	-3.1261e-017
154	0.
155	0.
156	1.8866e-016
157	-6.0017e-017
158	2.2584e-016
159	9.3618e-017
160	-6.4468e-017
161	-9.5478e-017
162	0.
163	0.
164	-5.6846e-017
165	-3.2344e-018
166	3.5222e-017
167	-4.4308e-017
168	-1.5047e-016
169	3.3006e-016
170	0.
171	0.
172	0.
173	0.
174	0.
175	0.
176	0.
177	0.
178	0.
179	0.
180	0.
181	0.
182	0.
183	0.
184	0.
185	0.
186	0.
187	0.
188	0.
189	0.
190	0.
191	0.
192	0.
193	0.
194	0.
195	0.
196	0.
197	0.
198	0.
199	0.
200	0.
201	0.
202	0.
203	0.
204	0.
205	0.
206	0.
207	0.
208	0.
209	0.
210	0.
211	0.
212	0.
213	0.
214	0.
215	-1.1396e-018
216	3.7693e-017
217	7.4984e-017
218	1.0473e-016
219	4.1326e-017
220	-1.0223e-017
221	0.
222	0.
223	0.
224	0.
225	0.
226	0.
227	0.
228	0.
229	0.
230	0.
231	0.
232	0.
233	0.
234	-3.288e-019
235	-7.1903e-019
236	-8.4618e-019
237	-9.7925e-019
238	-1.4402e-019
239	1.9441e-019
240	-7.1993e-019
241	-9.3179e-019
242	-5.8761e-019
243	-1.3087e-019
244	6.7255e-019
245	7.6341e-019
246	0.
247	0.
248	-8.2364e-021
249	-1.3619e-017
250	-4.3384e-019
251	-2.4308e-018
252	1.4421e-016
253	-3.3607e-019
254	-1.4423e-018
255	-6.192e-018
256	3.4122e-017
257	-3.7018e-018
258	-4.4703e-018
259	3.8434e-017
260	-1.182e-018
261	-1.5289e-017
262	-7.0314e-019
263	3.3729e-018
264	3.1706e-019
265	8.5934e-017
266	-2.0639e-017
267	-5.9878e-019
268	4.7705e-017
269	5.9671e-017
270	1.5118e-016
271	2.2609e-017
272	3.4843e-016
273	-5.5054e-018
274	9.6149e-019
275	5.3818e-017
276	2.6685e-016
277	-1.0399e-019
278	6.6734e-017
279	0.
280	3.8122e-016
281	-1.9999e-019
282	1.9425e-017
283	0.
284	3.6388e-017
285	-2.5766e-017
286	-2.7669e-017
287	5.4661e-017
288	2.0593e-016
289	6.095e-017
290	-9.8857e-018
291	2.6319e-016
292	-1.6246e-016
293	4.1849e-020
294	0.
295	2.8271e-014
296	3.8557e-014
297	1.2175e-014
298	2.1012e-014
299	6.6942e-014
300	1.0102e-013
301	6.1579e-014
302	2.8781e-014
303	0.
304	0.
305	0.
306	0.
307	0.
308	0.
309	0.
310	9.8854e-014
311	1.2312e-013
312	1.2732e-013
313	1.4699e-013
314	1.5661e-013
315	1.5025e-013
316	1.2566e-013
317	9.6549e-014
318	2.2154e-013
319	1.7494e-013
320	2.2007e-013
321	1.3234e-013
322	2.1535e-013
323	2.3029e-013
324	2.1812e-013
325	2.2022e-013
326	2.2017e-013
327	2.1944e-013
328	2.8582e-013
329	2.8008e-013
330	2.7912e-013
331	2.8713e-013
332	2.8574e-013
333	2.7076e-013
334	2.5319e-013
335	2.7034e-013
336	2.6863e-013
337	2.5272e-013
338	-3.1357e-013
339	-2.9779e-014
340	1.6596e-015
341	3.3553e-015
342	8.2984e-015
343	2.0427e-014
344	3.2511e-014
345	3.1026e-014
346	7.9587e-015
347	-4.394e-014
348	-2.877e-014
349	-8.7849e-014
350	-1.0781e-013
351	-1.6543e-013
352	-1.9121e-013
353	-2.3804e-013
354	-2.4528e-013
355	-2.5557e-013
356	-2.7377e-013
357	-2.9334e-013
358	-3.4599e-013
359	0.
360	0.
361	0.
362	0.
363	0.
364	0.
365	0.
366	1.9417e-013
367	2.3525e-013
368	2.2962e-013
369	2.0422e-013
370	1.9441e-013
371	2.0051e-013
372	2.1928e-013
373	2.3997e-013
374	2.1567e-013
375	1.9397e-013
376	2.239e-013
377	2.3849e-013
378	2.4965e-013
379	2.6399e-013
380	2.4707e-013
381	2.3986e-013
382	0.
383	0.
384	0.
385	0.
386	0.
387	0.
388	0.
389	-1.0636e-014
390	-2.4532e-013
391	-1.8919e-013
392	0.
393	0.
394	0.
395	0.
396	0.
397	0.
398	-1.0595e-014
399	-7.9942e-015
400	-5.501e-015
401	-2.7778e-015
402	-1.0989e-015
403	4.9328e-016
404	1.5319e-014
405	4.4471e-015
406	7.3538e-014
407	4.9372e-014
408	1.6741e-014
409	-4.3411e-015
410	1.4875e-015
411	-1.4892e-013
412	-3.7064e-014
413	0.
414	0.
415	0.
416	0.
417	0.
418	0.
419	0.
420	0.
421	0.
422	0.
423	2.4273e-013
424	2.2735e-013
425	2.2957e-013
426	2.4516e-013
427	2.332e-013
428	2.052e-013
429	2.3485e-013
430	2.6091e-013
431	2.4574e-013
432	2.1982e-013
433	2.3959e-013
434	2.2525e-013
435	2.4869e-013
436	2.6049e-013
437	-2.5154e-013
438	-2.096e-013
439	-1.2295e-014
440	-1.0666e-014
441	2.23e-014
442	7.8245e-014
443	8.1175e-014
444	4.494e-014
445	8.5248e-014
