Node Number	Directional Deformation (mm)
1	-2.4461e-003
2	2.86e-004
3	-0.62739
4	-0.60934
5	-0.58438
6	-0.57161
7	-0.52596
8	-0.40487
9	-0.31341
10	-0.12297
11	0.21096
12	1.0788e-002
13	1.3148e-002
14	1.3176e-002
15	-3.1747e-002
16	-2.2508e-003
17	8.4994e-003
18	5.1224e-004
19	-2.4575e-003
20	-0.36324
21	1.1837e-003
22	2.6564e-003
23	2.5314e-003
24	-3.8704e-003
25	-2.2208e-002
26	-0.10359
27	-0.16504
28	-0.14937
29	-0.59647
30	-0.59164
31	-0.43358
32	-0.28316
33	-0.22027
34	-0.28798
35	-0.30695
36	-0.33576
37	2.6176e-003
38	-4.76e-004
39	-1.8888e-003
40	1.6733e-003
41	4.8514e-003
42	9.4431e-004
43	-1.1745e-003
44	-0.54353
45	2.7496e-004
46	-6.5795e-003
47	1.8872e-003
48	-7.1155e-003
49	1.9091e-002
50	2.6643e-002
51	-2.8447e-002
52	-6.1015e-003
53	-0.21795
54	-0.55198
55	-0.43662
56	-0.35133
57	-0.30838
58	-0.40189
59	-0.44914
60	-0.50764
61	-0.54834
62	-0.5547
63	-0.55742
64	-0.56263
65	-0.59523
66	-0.62151
67	-1.4846e-003
68	4.1103e-004
69	7.2401e-004
70	3.1516e-003
71	1.6335e-003
72	-1.0876e-003
73	-9.1301e-004
74	-0.42921
75	-2.4143e-004
76	-8.6312e-003
77	-4.1988e-002
78	7.0089e-002
79	8.2351e-002
80	3.0859e-002
81	0.16434
82	0.17611
83	-2.3288e-002
84	-0.22794
85	-0.36005
86	-0.41711
87	-0.40537
88	-0.38923
89	-0.37175
90	-0.3508
91	7.6948e-002
92	2.3072e-003
93	-0.17973
94	2.1477e-004
95	4.5515e-002
96	-0.15575
97	1.9254e-003
98	0.17961
99	-0.35543
100	-2.5579e-002
101	0.18964
102	-0.41674
103	-0.31727
104	8.9404e-004
105	-0.36662
106	-8.8325e-002
107	-6.5508e-003
108	1.6122e-002
109	-0.46283
110	-2.9185e-002
111	-0.16983
112	-0.42075
113	7.5102e-003
114	-0.39373
115	3.6314e-002
116	-4.0595e-003
117	-0.52919
118	-4.7043e-002
119	1.3723e-002
120	2.8103e-003
121	-0.49653
122	-0.28723
123	-0.37315
124	7.7703e-003
125	-4.1615e-002
126	-0.35992
127	2.4336e-002
128	1.169e-003
129	4.5772e-003
130	4.7321e-003
131	-0.53098
132	-0.36546
133	5.5789e-003
134	-3.9263e-003
135	-0.52615
136	0.
137	0.
138	0.
139	0.
140	-2.321e-003
141	-1.668e-003
142	-3.2424e-004
143	1.6904e-004
144	1.098e-003
145	1.8365e-004
146	0.
147	0.
148	7.6683e-004
149	4.3827e-004
150	1.2537e-004
151	-1.5675e-003
152	-2.0224e-003
153	-1.32e-003
154	0.
155	0.
156	-1.7951e-004
157	1.123e-002
158	3.8513e-003
159	-1.5105e-003
160	-1.71e-002
161	-6.9367e-003
162	0.
163	0.
164	1.1908e-002
165	5.0795e-003
166	1.1774e-005
167	-9.0287e-005
168	2.7212e-003
169	3.6763e-002
170	0.
171	0.
172	0.
173	0.
174	0.
175	0.
176	0.
177	0.
178	0.
179	0.
180	0.
181	0.
182	0.
183	0.
184	0.
185	0.
186	0.
187	0.
188	0.
189	0.
190	0.
191	0.
192	0.
193	0.
194	0.
195	0.
196	0.
197	0.
198	0.
199	0.
200	0.
201	0.
202	0.
203	0.
204	0.
205	0.
206	0.
207	0.
208	0.
209	0.
210	0.
211	0.
212	0.
213	0.
214	0.
215	1.0254e-004
216	2.4175e-004
217	3.7854e-004
218	1.896e-004
219	1.6685e-004
220	1.773e-004
221	0.
222	0.
223	0.
224	0.
225	0.
226	0.
227	0.
228	0.
229	0.
230	0.
231	0.
232	0.
233	0.
234	5.1283e-005
235	4.9049e-005
236	2.5661e-005
237	-1.3445e-005
238	-2.8318e-005
239	-3.5708e-005
240	6.5409e-006
241	1.8818e-005
242	2.8909e-005
243	2.0747e-005
244	1.7424e-005
245	-2.7081e-007
246	0.
247	0.
248	4.8168e-005
249	-4.7456e-004
250	-2.3487e-005
251	-5.5583e-005
252	-9.8189e-004
253	6.085e-005
254	1.2548e-005
255	-9.8468e-005
256	-6.1153e-004
257	-3.0871e-005
258	-7.9432e-005
259	5.4868e-004
260	-3.0644e-007
261	-7.6022e-004
262	2.7681e-005
263	9.7536e-005
264	4.6597e-006
265	6.6986e-004
266	-1.39e-003
267	1.8787e-005
268	-1.9204e-003
269	-1.3822e-004
270	1.7681e-003
271	-3.9731e-004
272	2.1131e-003
273	4.5674e-004
274	-7.9276e-004
275	5.0407e-003
276	1.2468e-003
277	-5.5475e-005
278	-6.4991e-004
279	0.
280	3.6208e-003
281	2.4202e-005
282	6.5546e-004
283	0.
284	2.187e-004
285	-6.8333e-005
286	1.9016e-003
287	2.1462e-004
288	6.7646e-003
289	3.1043e-004
290	3.3884e-004
291	1.3908e-004
292	1.6241e-003
293	-8.6717e-006
294	0.
295	9.4345e-006
296	1.0937e-007
297	-2.6868e-006
298	-6.1539e-007
299	-7.3424e-007
300	-2.3347e-007
301	2.7891e-007
302	-8.321e-007
303	0.
304	0.
305	0.
306	0.
307	0.
308	0.
309	0.
310	9.49e-007
311	-5.3767e-007
312	-4.0139e-008
313	-1.0292e-007
314	-9.7709e-007
315	-1.17e-006
316	1.014e-007
317	1.8884e-006
318	-2.5855e-006
319	-1.5308e-006
320	3.7134e-006
321	1.3618e-005
322	2.2517e-006
323	-7.1226e-007
324	-1.7164e-006
325	-2.3979e-006
326	-2.8355e-006
327	-2.8254e-006
328	-5.3315e-006
329	-5.3129e-006
330	-5.2031e-006
331	-4.9905e-006
332	-4.6972e-006
333	-4.3173e-006
334	-3.9027e-006
335	-3.4248e-006
336	-3.1323e-006
337	-2.9435e-006
338	-2.1764e-006
339	-3.7465e-006
340	-3.9356e-008
341	-2.8849e-008
342	-4.7698e-008
343	-9.5583e-009
344	1.2843e-007
345	3.8826e-007
346	4.8239e-007
347	-3.1247e-007
348	8.3645e-007
349	1.4852e-006
350	1.2934e-006
351	6.576e-007
352	1.4882e-007
353	-1.8834e-007
354	-7.8316e-007
355	-1.4908e-006
356	-1.9243e-006
357	-2.2187e-006
358	-2.1482e-006
359	0.
360	0.
361	0.
362	0.
363	0.
364	0.
365	0.
366	-5.7001e-006
367	-1.9259e-007
368	-2.8231e-006
369	-3.6004e-006
370	-4.4228e-006
371	-4.7453e-006
372	-5.0808e-006
373	-5.2925e-006
374	-5.4541e-006
375	-5.6269e-006
376	-5.4223e-006
377	-5.554e-006
378	-5.6885e-006
379	-5.8303e-006
380	-5.8581e-006
381	-5.8458e-006
382	0.
383	0.
384	0.
385	0.
386	0.
387	0.
388	0.
389	-3.2436e-007
390	-3.0095e-006
391	3.2045e-006
392	0.
393	0.
394	0.
395	0.
396	0.
397	0.
398	-2.5551e-007
399	-1.7791e-007
400	-1.244e-007
401	-8.9168e-008
402	-6.1209e-008
403	-4.1533e-008
404	3.4487e-006
405	1.0087e-005
406	-1.0732e-006
407	-3.928e-006
408	-7.5647e-008
409	-1.3495e-007
410	-4.247e-008
411	1.7025e-007
412	6.1397e-007
413	0.
414	0.
415	0.
416	0.
417	0.
418	0.
419	0.
420	0.
421	0.
422	0.
423	-5.1362e-006
424	-4.3725e-006
425	-3.0295e-006
426	-5.1548e-006
427	-4.4452e-006
428	-3.7499e-006
429	-5.5487e-006
430	-3.4816e-006
431	-5.6532e-006
432	-4.713e-006
433	-5.4334e-006
434	-2.1541e-006
435	-3.1161e-006
436	-5.466e-006
437	-1.6832e-006
438	4.318e-007
439	2.3577e-007
440	1.2213e-006
441	-6.9113e-008
442	1.2909e-006
443	-1.2576e-006
444	-4.5057e-006
445	-1.5064e-006
