Node Number	Directional Deformation (mm)
1	-2.8326e-003
2	-1.8461e-004
3	-0.59401
4	-0.58234
5	-0.56333
6	-0.55617
7	-0.51547
8	-0.40082
9	-0.31516
10	-0.12756
11	0.20711
12	1.6714e-002
13	1.7331e-002
14	1.471e-002
15	-2.9627e-002
16	-9.4564e-004
17	8.2463e-003
18	-1.6594e-004
19	-2.9476e-003
20	-0.32014
21	9.6291e-004
22	2.6022e-003
23	2.3974e-003
24	-3.4812e-003
25	-2.1579e-002
26	-0.10494
27	-0.17401
28	-0.15021
29	-0.60203
30	-0.59208
31	-0.42806
32	-0.27186
33	-0.20216
34	-0.26427
35	-0.27707
36	-0.29939
37	2.9367e-003
38	5.7985e-005
39	-1.4785e-003
40	1.8609e-003
41	4.6942e-003
42	6.5388e-004
43	-1.6774e-003
44	-0.51445
45	6.1224e-004
46	-5.9702e-003
47	7.0991e-004
48	-8.1216e-003
49	1.7778e-002
50	2.7623e-002
51	-2.8652e-002
52	-6.7058e-003
53	-0.21182
54	-0.55255
55	-0.43784
56	-0.35054
57	-0.30341
58	-0.39168
59	-0.4326
60	-0.48485
61	-0.51899
62	-0.52477
63	-0.5267
64	-0.53107
65	-0.56292
66	-0.58866
67	-1.1299e-003
68	6.7842e-005
69	5.1327e-004
70	3.1011e-003
71	1.8294e-003
72	-8.8075e-004
73	-6.2121e-004
74	-0.39083
75	-1.8851e-004
76	-7.8139e-003
77	-3.9697e-002
78	6.6485e-002
79	7.8715e-002
80	3.8386e-002
81	0.16946
82	0.18028
83	-1.1951e-002
84	-0.20806
85	-0.33066
86	-0.37827
87	-0.36542
88	-0.34799
89	-0.32962
90	-0.33011
91	8.0574e-002
92	1.0104e-003
93	-0.17414
94	7.895e-005
95	4.8282e-002
96	-0.14312
97	1.904e-003
98	0.18824
99	-0.3277
100	-2.6938e-002
101	0.19466
102	-0.40535
103	-0.2861
104	6.9082e-004
105	-0.36382
106	-8.2299e-002
107	-6.6236e-003
108	1.4427e-002
109	-0.45426
110	-2.9585e-002
111	-0.16409
112	-0.40765
113	7.5019e-003
114	-0.39605
115	4.0729e-002
116	-4.188e-003
117	-0.50922
118	-3.9293e-002
119	1.4268e-002
120	2.2751e-003
121	-0.47731
122	-0.28699
123	-0.36691
124	7.9716e-003
125	-4.2801e-002
126	-0.35994
127	1.7593e-002
128	-2.1321e-003
129	3.9171e-003
130	4.6746e-003
131	-0.50694
132	-0.36599
133	5.9535e-003
134	-4.2819e-003
135	-0.51841
136	0.
137	0.
138	0.
139	0.
140	-1.9434e-003
141	-1.3942e-003
142	-1.8164e-004
143	-1.984e-004
144	6.6533e-004
145	-1.7536e-004
146	0.
147	0.
148	4.8028e-004
149	6.9111e-005
150	-1.1955e-004
151	-1.4166e-003
152	-1.7252e-003
153	-1.0645e-003
154	0.
155	0.
156	-1.8469e-003
157	8.9759e-003
158	1.3504e-003
159	-1.1954e-003
160	-1.528e-002
161	-5.7513e-003
162	0.
163	0.
164	1.2071e-002
165	6.4375e-003
166	9.5103e-004
167	-2.9892e-004
168	6.5069e-004
169	3.8349e-002
170	0.
171	0.
172	0.
173	0.
174	0.
175	0.
176	0.
177	0.
178	0.
179	0.
180	0.
181	0.
182	0.
183	0.
184	0.
185	0.
186	0.
187	0.
188	0.
189	0.
190	0.
191	0.
192	0.
193	0.
194	0.
195	0.
196	0.
197	0.
198	0.
199	0.
200	0.
201	0.
202	0.
203	0.
204	0.
205	0.
206	0.
207	0.
208	0.
209	0.
210	0.
211	0.
212	0.
213	0.
214	0.
215	9.7169e-005
216	2.3624e-004
217	3.5947e-004
218	1.9349e-004
219	1.7423e-004
220	1.6859e-004
221	0.
222	0.
223	0.
224	0.
225	0.
226	0.
227	0.
228	0.
229	0.
230	0.
231	0.
232	0.
233	0.
234	5.5861e-005
235	5.5427e-005
236	2.9403e-005
237	-1.1992e-005
238	-3.1948e-005
239	-3.939e-005
240	1.3435e-005
241	2.6625e-005
242	3.2814e-005
243	1.8821e-005
244	8.9137e-006
245	-8.6702e-006
246	0.
247	0.
248	4.689e-005
249	-4.1308e-004
250	-2.5493e-005
251	-5.0735e-005
252	-1.1399e-003
253	5.9959e-005
254	1.3759e-005
255	-7.1432e-005
256	-5.7516e-004
257	-1.673e-005
258	-6.5335e-005
259	3.7851e-004
260	3.1076e-006
261	-6.0672e-004
262	3.0508e-005
263	7.7213e-005
264	2.1127e-006
265	3.8168e-004
266	-1.1511e-003
267	2.2523e-005
268	-1.5114e-003
269	-6.6131e-005
270	1.9341e-003
271	-2.9689e-004
272	2.0239e-003
273	4.4904e-004
274	-6.572e-004
275	4.5927e-003
276	1.3709e-003
277	-3.7715e-005
278	-5.2299e-004
279	0.
280	3.2358e-003
281	2.7911e-005
282	5.5974e-004
283	0.
284	2.9341e-004
285	-5.0691e-005
286	1.8006e-003
287	2.2851e-004
288	6.6428e-003
289	2.6642e-004
290	4.1299e-004
291	-1.4079e-004
292	1.4718e-003
293	-1.1469e-005
294	0.
295	9.4345e-006
296	1.0937e-007
297	-2.6868e-006
298	-6.1539e-007
299	-7.3424e-007
300	-2.3347e-007
301	2.7891e-007
302	-8.321e-007
303	0.
304	0.
305	0.
306	0.
307	0.
308	0.
309	0.
310	9.49e-007
311	-5.3767e-007
312	-4.0139e-008
313	-1.0292e-007
314	-9.7709e-007
315	-1.17e-006
316	1.014e-007
317	1.8884e-006
318	-2.5855e-006
319	-1.5308e-006
320	3.7134e-006
321	1.3618e-005
322	2.2517e-006
323	-7.1226e-007
324	-1.7164e-006
325	-2.3979e-006
326	-2.8355e-006
327	-2.8254e-006
328	-5.3315e-006
329	-5.3129e-006
330	-5.2031e-006
331	-4.9905e-006
332	-4.6972e-006
333	-4.3173e-006
334	-3.9027e-006
335	-3.4248e-006
336	-3.1323e-006
337	-2.9435e-006
338	-2.1764e-006
339	-3.7465e-006
340	-3.9356e-008
341	-2.8849e-008
342	-4.7698e-008
343	-9.5583e-009
344	1.2843e-007
345	3.8826e-007
346	4.8239e-007
347	-3.1247e-007
348	8.3645e-007
349	1.4852e-006
350	1.2934e-006
351	6.576e-007
352	1.4882e-007
353	-1.8834e-007
354	-7.8316e-007
355	-1.4908e-006
356	-1.9243e-006
357	-2.2187e-006
358	-2.1482e-006
359	0.
360	0.
361	0.
362	0.
363	0.
364	0.
365	0.
366	-5.7001e-006
367	-1.9259e-007
368	-2.8231e-006
369	-3.6004e-006
370	-4.4228e-006
371	-4.7453e-006
372	-5.0808e-006
373	-5.2925e-006
374	-5.4541e-006
375	-5.6269e-006
376	-5.4223e-006
377	-5.554e-006
378	-5.6885e-006
379	-5.8303e-006
380	-5.8581e-006
381	-5.8458e-006
382	0.
383	0.
384	0.
385	0.
386	0.
387	0.
388	0.
389	-3.2436e-007
390	-3.0095e-006
391	3.2045e-006
392	0.
393	0.
394	0.
395	0.
396	0.
397	0.
398	-2.5551e-007
399	-1.7791e-007
400	-1.244e-007
401	-8.9168e-008
402	-6.1209e-008
403	-4.1533e-008
404	3.4487e-006
405	1.0087e-005
406	-1.0732e-006
407	-3.928e-006
408	-7.5647e-008
409	-1.3495e-007
410	-4.247e-008
411	1.7025e-007
412	6.1397e-007
413	0.
414	0.
415	0.
416	0.
417	0.
418	0.
419	0.
420	0.
421	0.
422	0.
423	-5.1362e-006
424	-4.3725e-006
425	-3.0295e-006
426	-5.1548e-006
427	-4.4452e-006
428	-3.7499e-006
429	-5.5487e-006
430	-3.4816e-006
431	-5.6532e-006
432	-4.713e-006
433	-5.4334e-006
434	-2.1541e-006
435	-3.1161e-006
436	-5.466e-006
437	-1.6832e-006
438	4.318e-007
439	2.3577e-007
440	1.2213e-006
441	-6.9113e-008
442	1.2909e-006
443	-1.2576e-006
444	-4.5057e-006
445	-1.5064e-006
