Node Number	Directional Deformation (mm)
1	-1.9084e-003
2	8.2017e-004
3	-0.66607
4	-0.64025
5	-0.60807
6	-0.58844
7	-0.53671
8	-0.40795
9	-0.30944
10	-0.11556
11	0.21725
12	6.0809e-003
13	8.5589e-003
14	1.2345e-002
15	-3.3864e-002
16	-3.6562e-003
17	8.6181e-003
18	1.1849e-003
19	-1.8773e-003
20	-0.41263
21	1.4233e-003
22	2.679e-003
23	2.5943e-003
24	-4.3264e-003
25	-2.2832e-002
26	-0.10208
27	-0.15754
28	-0.14661
29	-0.58897
30	-0.58872
31	-0.43681
32	-0.29346
33	-0.23863
34	-0.31331
35	-0.33999
36	-0.37682
37	2.2764e-003
38	-9.9447e-004
39	-2.2568e-003
40	1.5199e-003
41	5.0646e-003
42	1.3454e-003
43	-5.3874e-004
44	-0.57785
45	-9.5132e-005
46	-7.1787e-003
47	2.9814e-003
48	-6.0551e-003
49	2.0258e-002
50	2.5799e-002
51	-2.8108e-002
52	-5.4892e-003
53	-0.22184
54	-0.54842
55	-0.43299
56	-0.35041
57	-0.31288
58	-0.41299
59	-0.46803
60	-0.53422
61	-0.58294
62	-0.58988
63	-0.59341
64	-0.59951
65	-0.63286
66	-0.65964
67	-1.8129e-003
68	8.3593e-004
69	1.0399e-003
70	3.2675e-003
71	1.4894e-003
72	-1.2519e-003
73	-1.186e-003
74	-0.47375
75	-3.5648e-004
76	-9.5559e-003
77	-4.404e-002
78	7.3843e-002
79	8.6159e-002
80	2.4472e-002
81	0.16182
82	0.17362
83	-3.4701e-002
84	-0.24986
85	-0.39355
86	-0.46213
87	-0.45152
88	-0.43668
89	-0.42004
90	-0.37276
91	7.3406e-002
92	3.3579e-003
93	-0.18129
94	3.3463e-004
95	4.2368e-002
96	-0.16832
97	1.9683e-003
98	0.17347
99	-0.38658
100	-2.4303e-002
101	0.19158
102	-0.42701
103	-0.35208
104	1.031e-003
105	-0.36833
106	-8.4503e-002
107	-6.8388e-003
108	1.7448e-002
109	-0.47142
110	-2.8861e-002
111	-0.17327
112	-0.43523
113	7.4748e-003
114	-0.3883
115	3.2169e-002
116	-3.943e-003
117	-0.55176
118	-5.2618e-002
119	1.302e-002
120	3.3698e-003
121	-0.5186
122	-0.2847
123	-0.37916
124	7.4742e-003
125	-3.5317e-002
126	-0.35765
127	3.4297e-002
128	3.3364e-003
129	5.5697e-003
130	4.7941e-003
131	-0.55881
132	-0.36272
133	5.0512e-003
134	-3.6547e-003
135	-0.53363
136	0.
137	0.
138	0.
139	0.
140	-2.7079e-003
141	-1.9908e-003
142	-6.7593e-004
143	1.5219e-004
144	9.6662e-004
145	3.039e-004
146	0.
147	0.
148	9.9069e-004
149	6.6889e-004
150	2.6147e-004
151	-1.7624e-003
152	-2.3358e-003
153	-1.5893e-003
154	0.
155	0.
156	1.807e-003
157	1.2979e-002
158	2.3978e-003
159	-2.5288e-003
160	-1.8615e-002
161	-7.957e-003
162	0.
163	0.
164	1.1819e-002
165	3.962e-003
166	-7.6095e-004
167	-1.3876e-004
168	4.6197e-003
169	3.5793e-002
170	0.
171	0.
172	0.
173	0.
174	0.
175	0.
176	0.
177	0.
178	0.
179	0.
180	0.
181	0.
182	0.
183	0.
184	0.
185	0.
186	0.
187	0.
188	0.
189	0.
190	0.
191	0.
192	0.
193	0.
194	0.
195	0.
196	0.
197	0.
198	0.
199	0.
200	0.
201	0.
202	0.
203	0.
204	0.
205	0.
206	0.
207	0.
208	0.
209	0.
210	0.
211	0.
212	0.
213	0.
214	0.
215	1.0713e-004
216	2.4627e-004
217	4.0184e-004
218	1.9103e-004
219	1.6458e-004
220	1.8935e-004
221	0.
222	0.
223	0.
224	0.
225	0.
226	0.
227	0.
228	0.
229	0.
230	0.
231	0.
232	0.
233	0.
234	4.9239e-005
235	4.5772e-005
236	2.4098e-005
237	-1.4303e-005
238	-2.5619e-005
239	-3.3565e-005
240	1.1772e-006
241	1.3435e-005
242	2.7268e-005
243	2.384e-005
244	2.5649e-005
245	6.9157e-006
246	0.
247	0.
248	5.1881e-005
249	-5.3784e-004
250	-2.2357e-005
251	-5.9344e-005
252	-8.8681e-004
253	6.7092e-005
254	1.3396e-005
255	-1.2237e-004
256	-6.5503e-004
257	-4.1565e-005
258	-9.1084e-005
259	7.0312e-004
260	-2.3785e-006
261	-9.0693e-004
262	2.7022e-005
263	1.1756e-004
264	6.9974e-006
265	9.1594e-004
266	-1.6341e-003
267	1.6669e-005
268	-2.323e-003
269	-2.2263e-004
270	1.8788e-003
271	-4.8779e-004
272	2.2261e-003
273	4.704e-004
274	-9.2322e-004
275	5.6772e-003
276	1.1776e-003
277	-6.9076e-005
278	-7.6893e-004
279	0.
280	3.9132e-003
281	2.1922e-005
282	7.5774e-004
283	0.
284	1.5086e-004
285	-8.2259e-005
286	1.9475e-003
287	2.0257e-004
288	6.8274e-003
289	3.5629e-004
290	3.615e-004
291	-1.8866e-005
292	1.8661e-003
293	-6.3884e-006
294	0.
295	9.4345e-006
296	1.0937e-007
297	-2.6868e-006
298	-6.1539e-007
299	-7.3424e-007
300	-2.3347e-007
301	2.7891e-007
302	-8.321e-007
303	0.
304	0.
305	0.
306	0.
307	0.
308	0.
309	0.
310	9.49e-007
311	-5.3767e-007
312	-4.0139e-008
313	-1.0292e-007
314	-9.7709e-007
315	-1.17e-006
316	1.014e-007
317	1.8884e-006
318	-2.5855e-006
319	-1.5308e-006
320	3.7134e-006
321	1.3618e-005
322	2.2517e-006
323	-7.1226e-007
324	-1.7164e-006
325	-2.3979e-006
326	-2.8355e-006
327	-2.8254e-006
328	-5.3315e-006
329	-5.3129e-006
330	-5.2031e-006
331	-4.9905e-006
332	-4.6972e-006
333	-4.3173e-006
334	-3.9027e-006
335	-3.4248e-006
336	-3.1323e-006
337	-2.9435e-006
338	-2.1764e-006
339	-3.7465e-006
340	-3.9356e-008
341	-2.8849e-008
342	-4.7698e-008
343	-9.5583e-009
344	1.2843e-007
345	3.8826e-007
346	4.8239e-007
347	-3.1247e-007
348	8.3645e-007
349	1.4852e-006
350	1.2934e-006
351	6.576e-007
352	1.4882e-007
353	-1.8834e-007
354	-7.8316e-007
355	-1.4908e-006
356	-1.9243e-006
357	-2.2187e-006
358	-2.1482e-006
359	0.
360	0.
361	0.
362	0.
363	0.
364	0.
365	0.
366	-5.7001e-006
367	-1.9259e-007
368	-2.8231e-006
369	-3.6004e-006
370	-4.4228e-006
371	-4.7453e-006
372	-5.0808e-006
373	-5.2925e-006
374	-5.4541e-006
375	-5.6269e-006
376	-5.4223e-006
377	-5.554e-006
378	-5.6885e-006
379	-5.8303e-006
380	-5.8581e-006
381	-5.8458e-006
382	0.
383	0.
384	0.
385	0.
386	0.
387	0.
388	0.
389	-3.2436e-007
390	-3.0095e-006
391	3.2045e-006
392	0.
393	0.
394	0.
395	0.
396	0.
397	0.
398	-2.5551e-007
399	-1.7791e-007
400	-1.244e-007
401	-8.9168e-008
402	-6.1209e-008
403	-4.1533e-008
404	3.4487e-006
405	1.0087e-005
406	-1.0732e-006
407	-3.928e-006
408	-7.5647e-008
409	-1.3495e-007
410	-4.247e-008
411	1.7025e-007
412	6.1397e-007
413	0.
414	0.
415	0.
416	0.
417	0.
418	0.
419	0.
420	0.
421	0.
422	0.
423	-5.1362e-006
424	-4.3725e-006
425	-3.0295e-006
426	-5.1548e-006
427	-4.4452e-006
428	-3.7499e-006
429	-5.5487e-006
430	-3.4816e-006
431	-5.6532e-006
432	-4.713e-006
433	-5.4334e-006
434	-2.1541e-006
435	-3.1161e-006
436	-5.466e-006
437	-1.6832e-006
438	4.318e-007
439	2.3577e-007
440	1.2213e-006
441	-6.9113e-008
442	1.2909e-006
443	-1.2576e-006
444	-4.5057e-006
445	-1.5064e-006
