Node Number	Directional Deformation (mm)
1	1.2876e-003
2	3.4384e-003
3	-0.68556
4	-0.64482
5	-0.59272
6	-0.57045
7	-0.47081
8	-0.3034
9	-0.15582
10	-7.1768e-002
11	-0.19282
12	7.3723e-002
13	9.7233e-003
14	2.9543e-002
15	-2.5421e-002
16	-6.7869e-003
17	9.2185e-003
18	4.2787e-003
19	1.7535e-003
20	-0.59479
21	2.0644e-003
22	2.4931e-003
23	6.8377e-003
24	9.4807e-004
25	-1.3531e-002
26	-5.6474e-002
27	-7.9553e-002
28	-0.10957
29	-0.37441
30	-0.44765
31	-0.43854
32	-0.41205
33	-0.40358
34	-0.5108
35	-0.52205
36	-0.55539
37	-7.0377e-004
38	-2.6131e-003
39	-1.5626e-003
40	9.4785e-004
41	3.0699e-003
42	1.9257e-003
43	2.3185e-003
44	-0.56981
45	-6.0244e-004
46	-2.459e-003
47	1.7036e-002
48	1.1032e-002
49	1.8364e-002
50	-9.3952e-003
51	-1.0994e-002
52	-2.2916e-002
53	6.4748e-003
54	-0.58914
55	-0.61097
56	-0.55601
57	-0.35613
58	-0.44143
59	-0.46473
60	-0.52861
61	-0.57567
62	-0.5792
63	-0.57658
64	-0.58105
65	-0.62429
66	-0.66703
67	-1.2398e-003
68	2.7591e-003
69	1.7563e-003
70	2.4413e-003
71	1.8954e-004
72	-1.7278e-004
73	-7.3842e-004
74	-0.60811
75	2.8375e-003
76	-2.4267e-003
77	-1.4351e-002
78	0.12935
79	-2.2443e-002
80	-0.37266
81	-0.1135
82	-6.812e-002
83	-0.12668
84	-0.38271
85	-0.52938
86	-0.59667
87	-0.59066
88	-0.58825
89	-0.59424
90	-0.53921
91	1.4507e-002
92	1.1044e-002
93	-0.30931
94	4.9102e-003
95	0.21095
96	-0.31044
97	-1.9103e-003
98	7.6296e-002
99	-0.5189
100	-1.8274e-002
101	-6.459e-002
102	-0.46934
103	-0.5111
104	9.9869e-003
105	-0.37056
106	4.5546e-002
107	-7.4917e-003
108	5.8532e-002
109	-0.4466
110	-1.7031e-002
111	4.9175e-002
112	-0.39481
113	8.3599e-005
114	-0.123
115	-1.7253e-002
116	4.0975e-003
117	-0.51993
118	-2.341e-002
119	3.3962e-003
120	2.0404e-003
121	-0.5184
122	-0.35594
123	-0.42945
124	5.4787e-003
125	5.943e-002
126	-0.27863
127	-9.3891e-002
128	-1.89e-002
129	-2.5294e-003
130	2.899e-003
131	-0.53003
132	-0.53499
133	-3.2733e-002
134	-4.5111e-003
135	-0.44946
136	0.
137	0.
138	0.
139	0.
140	-9.3988e-012
141	4.4972e-013
142	-1.344e-011
143	5.0616e-012
144	1.3226e-011
145	8.048e-012
146	0.
147	0.
148	1.2244e-011
149	1.3709e-011
150	7.4882e-012
151	-9.032e-012
152	-1.0485e-011
153	-8.7793e-012
154	0.
155	0.
156	-1.8241e-011
157	-2.3956e-011
158	-2.7296e-011
159	6.3626e-012
160	1.2623e-011
161	1.3271e-011
162	0.
163	0.
164	0.
165	0.
166	0.
167	0.
168	0.
169	0.
170	0.
171	0.
172	0.
173	5.5004e-013
174	4.653e-013
175	2.2249e-013
176	-1.5754e-013
177	-5.0903e-013
178	-6.1536e-013
179	0.
180	0.
181	0.
182	0.
183	0.
184	0.
185	0.
186	0.
187	0.
188	0.
189	0.
190	0.
191	2.2947e-014
192	-1.7861e-013
193	-1.6992e-013
194	-1.003e-013
195	-2.1871e-013
196	-1.1607e-013
197	0.
198	0.
199	0.
200	0.
201	0.
202	0.
203	0.
204	0.
205	0.
206	0.
207	0.
208	0.
209	0.
210	0.
211	0.
212	0.
213	0.
214	0.
215	0.
216	0.
217	0.
218	0.
219	0.
220	0.
221	0.
222	0.
223	0.
224	0.
225	0.
226	0.
227	0.
228	0.
229	0.
230	0.
231	0.
232	0.
233	0.
234	0.
235	0.
236	0.
237	0.
238	1.7563e-014
239	-5.8158e-015
240	8.336e-014
241	-7.2915e-013
242	-9.5665e-013
243	-6.7966e-013
244	-2.1894e-011
245	-2.479e-011
246	-1.0101e-011
247	1.3127e-012
248	7.8602e-012
249	7.019e-012
250	0.
251	2.19e-012
252	-5.9409e-012
253	-2.6032e-012
254	-1.9337e-013
255	7.7771e-012
256	-1.4495e-012
257	-9.8327e-012
258	-6.574e-012
259	-7.4969e-013
260	4.5394e-012
261	-6.2331e-013
262	2.5105e-012
263	1.3056e-012
264	2.207e-013
265	-1.6261e-013
266	2.0074e-013
267	2.5443e-012
268	4.2077e-013
269	4.1714e-012
270	1.2071e-012
271	-1.5623e-012
272	2.3631e-013
273	1.7085e-013
274	4.3118e-013
275	5.7017e-012
276	2.212e-012
277	-1.1173e-011
278	-3.0811e-013
279	4.6837e-013
280	2.7624e-012
281	-3.1393e-012
282	1.3365e-013
283	-1.4003e-012
284	8.3796e-012
285	-6.2006e-012
286	-1.9768e-012
287	-4.758e-012
288	0.
289	0.
290	-4.1957e-012
291	-2.7727e-012
292	-3.0808e-013
293	-1.6088e-012
294	-2.7189e-013
295	1.603e-013
296	-3.3716e-012
297	-5.5241e-013
298	-2.0201e-012
299	-6.1426e-012
300	1.9897e-013
301	-6.5676e-013
302	-5.28e-012
303	-0.54404
304	-0.38987
305	-0.51246
306	-4.4172e-002
307	-0.29724
308	-0.21846
309	-0.23097
310	-0.16224
311	-0.18713
312	-0.13961
313	-0.36875
314	-0.23067
315	-0.37769
316	-0.38871
317	-0.40996
318	-0.45875
319	-0.45245
320	-0.49376
321	-0.63143
322	-0.63273
323	-0.61956
324	-0.60312
325	-0.58278
326	-0.55381
327	-0.56784
328	-0.55162
329	-0.54223
330	-0.48699
331	-0.64706
332	-0.61571
333	-0.62375
334	-0.63669
335	-0.653
336	-0.66392
337	-0.66485
338	-0.54303
339	-0.53826
340	-0.59628
341	-0.63181
342	-0.63482
343	-0.66149
344	-0.68401
345	-0.64764
346	-0.63888
347	-1.0803e-002
348	0.
349	0.
350	0.
351	0.
352	0.
353	0.
354	0.
355	0.
356	0.
357	1.5949e-002
358	-0.10991
359	7.4395e-002
360	-0.21227
361	-0.11344
362	-0.1378
363	-4.0487e-002
364	-0.10016
365	-0.1103
366	-0.14683
367	-4.2574e-002
368	-0.32897
369	-2.2679e-003
370	-4.1872e-003
371	-7.9241e-003
372	-1.4448e-002
373	-3.0903e-002
374	-3.4632e-002
375	-2.4935e-002
376	5.3309e-002
377	2.8819e-002
378	-1.3774e-002
379	1.7692e-002
380	-1.0093e-003
381	3.5124e-002
382	3.8339e-002
383	1.549e-002
384	2.6713e-002
385	-4.2494e-003
386	1.3406e-002
387	-1.8304e-002
388	0.
389	0.
390	0.
391	0.
392	0.
393	0.
394	0.
395	0.
396	0.
397	2.0067e-002
398	1.4291e-002
399	8.9716e-003
400	1.5924e-003
401	-9.0028e-004
402	-1.7722e-003
403	0.
404	0.
405	0.
406	0.
407	0.
408	0.
409	0.
410	0.
411	0.
412	0.
413	0.
414	0.
415	-0.131
416	-1.7579e-003
417	-0.35164
418	-0.40132
419	0.
420	0.
421	0.
422	0.
423	0.
424	0.
425	0.
426	0.
427	0.
428	0.
429	0.
430	0.
431	2.3114e-003
432	6.087e-002
433	-2.9339e-003
434	-2.2581e-002
435	-2.9526e-002
436	-2.9796e-002
437	-0.65491
438	-0.54722
439	-0.63387
440	-0.57161
441	-0.64825
442	-0.60439
443	-0.64382
444	-0.5008
445	-0.57617
446	-0.52148
447	-0.65147
448	-0.62629
449	-0.56667
450	-0.58451
451	-0.62653
452	-0.62573
453	-0.50999
454	-0.47936
455	-8.6405e-003
456	1.5304e-002
457	-4.6171e-002
458	-9.4984e-003
459	0.12511
460	-2.1769e-002
461	-5.5069e-002
462	-1.2405e-002
463	-5.5869e-002
464	-7.8821e-002
465	-0.1542
466	-0.28467
467	-0.36592
468	-0.4715
469	-0.52096
470	-0.26961
471	-0.19389
472	-0.27165
473	-0.32358
474	-0.37793
