Node Number	Directional Deformation (mm)
1	-1.5639e-003
2	4.0977e-004
3	-0.66247
4	-0.6394
5	-0.60638
6	-0.60326
7	-0.53112
8	-0.34964
9	-0.18017
10	-0.11635
11	-0.20532
12	7.3291e-002
13	-3.047e-002
14	2.4426e-002
15	-1.9933e-002
16	5.0745e-003
17	1.2429e-002
18	1.143e-003
19	-1.4384e-003
20	-0.56792
21	3.0838e-003
22	6.0071e-003
23	8.6726e-003
24	4.2111e-003
25	-1.9888e-002
26	-6.5322e-002
27	-7.362e-002
28	-0.12176
29	-0.32825
30	-0.47648
31	-0.43773
32	-0.40435
33	-0.41278
34	-0.50648
35	-0.51364
36	-0.54068
37	3.3096e-004
38	-2.5077e-003
39	-2.7402e-003
40	1.5233e-004
41	2.2204e-003
42	1.043e-004
43	-1.5159e-003
44	-0.51992
45	3.8221e-004
46	-3.354e-003
47	1.6253e-002
48	-1.5617e-003
49	2.0745e-002
50	5.8994e-003
51	2.051e-003
52	-4.0057e-003
53	-2.1745e-002
54	-0.80305
55	-0.72838
56	-0.52821
57	-0.26317
58	-0.37461
59	-0.41572
60	-0.47942
61	-0.52438
62	-0.53222
63	-0.53825
64	-0.54736
65	-0.59798
66	-0.64537
67	-1.6462e-003
68	7.6374e-004
69	-4.0728e-004
70	1.9868e-003
71	-6.357e-004
72	-1.2136e-003
73	-1.4378e-003
74	-0.60025
75	3.5622e-003
76	-1.6559e-004
77	-3.2892e-002
78	0.12016
79	2.7811e-002
80	-0.29367
81	-9.7604e-002
82	-3.2242e-002
83	-0.11147
84	-0.38597
85	-0.52572
86	-0.58997
87	-0.58109
88	-0.57066
89	-0.57042
90	-0.54034
91	2.5925e-002
92	1.191e-002
93	-0.32856
94	4.9837e-003
95	0.28755
96	-0.32895
97	1.6456e-004
98	9.888e-002
99	-0.52683
100	-5.344e-002
101	-0.13599
102	-0.48499
103	-0.50462
104	1.0792e-002
105	-0.38257
106	6.4205e-003
107	-2.3384e-003
108	4.9723e-002
109	-0.45907
110	-3.4709e-002
111	6.0069e-002
112	-0.40403
113	5.5128e-003
114	-3.6563e-002
115	-4.554e-002
116	3.5665e-003
117	-0.51906
118	-2.5502e-002
119	2.2476e-002
120	2.4556e-004
121	-0.46924
122	-0.41847
123	-0.37301
124	1.264e-002
125	7.5498e-002
126	-0.28011
127	-7.5712e-002
128	-8.5831e-003
129	3.4291e-004
130	4.5832e-003
131	-0.50827
132	-0.59742
133	-4.2866e-002
134	-3.7807e-003
135	-0.50683
136	0.
137	0.
138	0.
139	0.
140	-6.9403e-012
141	2.0229e-012
142	-9.6411e-012
143	6.4231e-012
144	1.0999e-011
145	6.6037e-012
146	0.
147	0.
148	9.6969e-012
149	1.0997e-011
150	6.5491e-012
151	-6.6856e-012
152	-8.5619e-012
153	-7.0794e-012
154	0.
155	0.
156	-1.5002e-011
157	-1.7561e-011
158	-1.5761e-011
159	8.2917e-012
160	9.2408e-012
161	1.0265e-011
162	0.
163	0.
164	0.
165	0.
166	0.
167	0.
168	0.
169	0.
170	0.
171	0.
172	0.
173	3.7168e-013
174	3.1014e-013
175	1.5318e-013
176	-8.4375e-014
177	-3.2507e-013
178	-4.0487e-013
179	0.
180	0.
181	0.
182	0.
183	0.
184	0.
185	0.
186	0.
187	0.
188	0.
189	0.
190	0.
191	5.787e-014
192	-6.6078e-014
193	-1.0248e-013
194	-1.2017e-013
195	-2.6244e-013
196	-2.0254e-013
197	0.
198	0.
199	0.
200	0.
201	0.
202	0.
203	0.
204	0.
205	0.
206	0.
207	0.
208	0.
209	0.
210	0.
211	0.
212	0.
213	0.
214	0.
215	0.
216	0.
217	0.
218	0.
219	0.
220	0.
221	0.
222	0.
223	0.
224	0.
225	0.
226	0.
227	0.
228	0.
229	0.
230	0.
231	0.
232	0.
233	0.
234	0.
235	0.
236	0.
237	0.
238	-9.9881e-014
239	-8.9452e-014
240	5.3317e-014
241	-5.5448e-013
242	-7.0992e-013
243	-4.6827e-013
244	-1.542e-011
245	-2.23e-011
246	-1.2751e-011
247	3.5021e-012
248	4.6319e-012
249	4.6019e-012
250	0.
251	1.9125e-012
252	-3.4573e-012
253	-1.9617e-012
254	-1.6642e-013
255	7.4254e-012
256	-1.0198e-012
257	-8.6128e-012
258	-6.9242e-012
259	-5.8844e-013
260	2.9178e-012
261	-4.724e-013
262	2.0772e-012
263	8.507e-013
264	2.0555e-013
265	-1.7799e-013
266	3.9543e-013
267	1.7331e-012
268	3.6203e-013
269	3.4339e-012
270	8.9527e-013
271	-1.0253e-012
272	1.723e-013
273	1.2464e-013
274	3.3481e-013
275	4.7376e-012
276	1.5723e-012
277	-8.5962e-012
278	-2.4667e-013
279	3.1996e-013
280	2.1196e-012
281	-2.3984e-012
282	1.2165e-013
283	-9.4958e-013
284	6.7564e-012
285	-4.6225e-012
286	-1.8055e-012
287	-5.1672e-012
288	0.
289	0.
290	-2.8332e-012
291	-1.1146e-012
292	-2.6563e-013
293	-1.3065e-012
294	-2.8673e-013
295	9.1582e-014
296	-2.6476e-012
297	-2.852e-013
298	-1.0252e-012
299	-5.4534e-012
300	1.4095e-013
301	-1.5882e-013
302	-3.3676e-012
303	-0.45525
304	-0.31886
305	-0.42512
306	-6.2997e-002
307	-0.24751
308	-0.187
309	-0.19644
310	-0.14238
311	-0.14991
312	-0.12137
313	-0.33254
314	-0.23752
315	-0.33175
316	-0.33403
317	-0.35434
318	-0.39016
319	-0.38222
320	-0.41444
321	-0.52446
322	-0.52536
323	-0.51479
324	-0.50161
325	-0.48533
326	-0.46232
327	-0.47259
328	-0.45917
329	-0.45096
330	-0.41176
331	-0.55332
332	-0.52617
333	-0.53021
334	-0.53808
335	-0.54859
336	-0.55482
337	-0.55319
338	-0.45853
339	-0.45954
340	-0.50769
341	-0.5373
342	-0.54106
343	-0.56299
344	-0.58147
345	-0.55325
346	-0.5467
347	-2.4386e-002
348	0.
349	0.
350	0.
351	0.
352	0.
353	0.
354	0.
355	0.
356	0.
357	1.2187e-002
358	-6.5813e-002
359	9.6359e-002
360	-0.16749
361	-7.5537e-002
362	-0.10457
363	-3.3403e-002
364	-8.5568e-002
365	-9.3414e-002
366	-0.11989
367	-2.9587e-002
368	-0.27889
369	-1.7393e-003
370	-3.2144e-003
371	-6.0441e-003
372	-1.0876e-002
373	-2.326e-002
374	-2.6745e-002
375	-1.811e-002
376	4.9408e-002
377	3.3056e-002
378	-3.9947e-003
379	2.0156e-002
380	1.2691e-003
381	2.9979e-002
382	3.1931e-002
383	1.4417e-002
384	2.4696e-002
385	6.5802e-004
386	1.4865e-002
387	-1.0246e-002
388	0.
389	0.
390	0.
391	0.
392	0.
393	0.
394	0.
395	0.
396	0.
397	1.4709e-002
398	1.0456e-002
399	6.5522e-003
400	1.1208e-003
401	-7.0362e-004
402	-1.3624e-003
403	0.
404	0.
405	0.
406	0.
407	0.
408	0.
409	0.
410	0.
411	0.
412	0.
413	0.
414	0.
415	-0.10919
416	-4.0095e-004
417	-0.28331
418	-0.32524
419	0.
420	0.
421	0.
422	0.
423	0.
424	0.
425	0.
426	0.
427	0.
428	0.
429	0.
430	0.
431	1.618e-003
432	4.8321e-002
433	-2.2825e-003
434	-1.6804e-002
435	-1.6581e-002
436	-2.1041e-002
437	-0.55339
438	-0.4577
439	-0.53092
440	-0.48231
441	-0.54397
442	-0.51123
443	-0.5443
444	-0.42139
445	-0.48207
446	-0.44144
447	-0.54305
448	-0.52334
449	-0.47717
450	-0.49607
451	-0.53416
452	-0.53168
453	-0.42663
454	-0.40868
455	7.2399e-003
456	1.5971e-002
457	-2.7146e-002
458	-7.3286e-003
459	9.779e-002
460	-1.9318e-002
461	-1.9567e-002
462	1.3162e-002
463	-2.5985e-002
464	-5.8742e-002
465	-0.11432
466	-0.23652
467	-0.30746
468	-0.38563
469	-0.43902
470	-0.21421
471	-0.15956
472	-0.22691
473	-0.27344
474	-0.31762
