Node Number	Directional Deformation (mm)
1	-2.1603e-003
2	-1.3961e-003
3	-0.64398
4	-0.62959
5	-0.60431
6	-0.60934
7	-0.54403
8	-0.3569
9	-0.17863
10	-0.11936
11	-0.18886
12	6.5989e-002
13	-4.2174e-002
14	2.1971e-002
15	-1.6351e-002
16	8.4531e-003
17	1.0451e-002
18	-1.0734e-003
19	-2.6733e-003
20	-0.54285
21	2.3918e-003
22	5.9865e-003
23	8.2289e-003
24	6.0372e-003
25	-1.9677e-002
26	-6.2752e-002
27	-6.4505e-002
28	-0.12381
29	-0.28308
30	-0.46751
31	-0.42071
32	-0.3864
33	-0.40291
34	-0.49413
35	-0.49826
36	-0.5219
37	8.9296e-004
38	-1.835e-003
39	-2.4649e-003
40	2.0657e-005
41	1.7663e-003
42	-3.0147e-004
43	-2.741e-003
44	-0.48725
45	9.8269e-004
46	-2.9847e-003
47	1.4845e-002
48	-5.8848e-003
49	1.8997e-002
50	9.68e-003
51	2.5044e-003
52	4.5607e-003
53	-3.3437e-002
54	-0.86994
55	-0.75782
56	-0.50493
57	-0.23822
58	-0.34898
59	-0.39126
60	-0.45086
61	-0.49129
62	-0.50046
63	-0.50886
64	-0.51932
65	-0.57512
66	-0.62661
67	-1.1238e-003
68	-3.3807e-004
69	-1.0559e-003
70	1.7857e-003
71	-6.246e-004
72	-1.0829e-003
73	-1.1204e-003
74	-0.5878
75	3.8397e-003
76	1.1039e-003
77	-3.6411e-002
78	0.10765
79	2.8822e-002
80	-0.2884
81	-0.10208
82	-3.3643e-002
83	-0.12065
84	-0.38968
85	-0.52004
86	-0.57714
87	-0.56504
88	-0.54945
89	-0.54664
90	-0.53406
91	3.1018e-002
92	1.4674e-002
93	-0.32245
94	4.5361e-003
95	0.29183
96	-0.3392
97	7.0567e-004
98	8.4977e-002
99	-0.52356
100	-6.2983e-002
101	-0.15371
102	-0.4761
103	-0.4896
104	1.0946e-002
105	-0.38629
106	-1.7531e-002
107	4.5733e-003
108	4.4455e-002
109	-0.46049
110	-3.9182e-002
111	7.7681e-002
112	-0.39811
113	7.1872e-003
114	5.884e-003
115	-5.3147e-002
116	3.3202e-003
117	-0.50859
118	-2.4217e-002
119	3.2857e-002
120	-1.495e-003
121	-0.44269
122	-0.44155
123	-0.35036
124	1.3488e-002
125	6.1985e-002
126	-0.27724
127	-4.2629e-002
128	-2.3766e-003
129	1.9547e-003
130	5.0129e-003
131	-0.48817
132	-0.612
133	-4.659e-002
134	-2.7888e-003
135	-0.5196
136	0.
137	0.
138	0.
139	0.
140	-6.372e-012
141	2.6569e-012
142	-8.7161e-012
143	6.6805e-012
144	1.0344e-011
145	6.1851e-012
146	0.
147	0.
148	9.0222e-012
149	1.0275e-011
150	6.3315e-012
151	-6.076e-012
152	-8.0093e-012
153	-6.6197e-012
154	0.
155	0.
156	-1.3731e-011
157	-1.5494e-011
158	-1.2915e-011
159	8.181e-012
160	7.8644e-012
161	9.4159e-012
162	0.
163	0.
164	0.
165	0.
166	0.
167	0.
168	0.
169	0.
170	0.
171	0.
172	0.
173	3.3033e-013
174	2.7694e-013
175	1.4209e-013
176	-6.2961e-014
177	-2.7873e-013
178	-3.531e-013
179	0.
180	0.
181	0.
182	0.
183	0.
184	0.
185	0.
186	0.
187	0.
188	0.
189	0.
190	0.
191	6.5465e-014
192	-4.0232e-014
193	-8.404e-014
194	-1.1836e-013
195	-2.635e-013
196	-2.1297e-013
197	0.
198	0.
199	0.
200	0.
201	0.
202	0.
203	0.
204	0.
205	0.
206	0.
207	0.
208	0.
209	0.
210	0.
211	0.
212	0.
213	0.
214	0.
215	0.
216	0.
217	0.
218	0.
219	0.
220	0.
221	0.
222	0.
223	0.
224	0.
225	0.
226	0.
227	0.
228	0.
229	0.
230	0.
231	0.
232	0.
233	0.
234	0.
235	0.
236	0.
237	0.
238	-1.2967e-013
239	-1.1072e-013
240	4.8281e-014
241	-5.0059e-013
242	-6.4432e-013
243	-4.2234e-013
244	-1.204e-011
245	-2.1824e-011
246	-1.3747e-011
247	4.5497e-012
248	4.2168e-012
249	4.2243e-012
250	0.
251	1.9222e-012
252	-2.9238e-012
253	-1.7984e-012
254	-1.3248e-013
255	7.2269e-012
256	-8.9311e-013
257	-8.1459e-012
258	-6.8688e-012
259	-5.385e-013
260	2.488e-012
261	-4.3166e-013
262	1.9989e-012
263	7.2794e-013
264	2.0766e-013
265	-1.7106e-013
266	4.0415e-013
267	1.5079e-012
268	3.5607e-013
269	3.2441e-012
270	8.3355e-013
271	-8.208e-013
272	1.6785e-013
273	1.142e-013
274	3.1804e-013
275	4.5097e-012
276	1.4104e-012
277	-7.899e-012
278	-2.2487e-013
279	2.9288e-013
280	1.9968e-012
281	-2.222e-012
282	1.182e-013
283	-8.6132e-013
284	6.3355e-012
285	-4.2033e-012
286	-1.7146e-012
287	-5.1069e-012
288	0.
289	0.
290	-2.5047e-012
291	-5.7828e-013
292	-2.4019e-013
293	-1.0346e-012
294	-2.5916e-013
295	7.7756e-014
296	-2.3768e-012
297	-1.4995e-013
298	-7.7943e-013
299	-5.158e-012
300	1.2416e-013
301	2.3502e-014
302	-2.8183e-012
303	-0.42463
304	-0.29429
305	-0.39407
306	-6.8141e-002
307	-0.22785
308	-0.17458
309	-0.18744
310	-0.14049
311	-0.145
312	-0.1189
313	-0.31432
314	-0.22841
315	-0.31272
316	-0.3159
317	-0.33611
318	-0.36792
319	-0.35847
320	-0.38752
321	-0.49371
322	-0.49443
323	-0.4843
324	-0.47164
325	-0.45607
326	-0.43432
327	-0.44343
328	-0.43033
329	-0.42211
330	-0.38607
331	-0.52581
332	-0.49973
333	-0.50282
334	-0.50947
335	-0.5186
336	-0.52366
337	-0.52139
338	-0.43054
339	-0.43419
340	-0.48026
341	-0.50873
342	-0.51302
343	-0.53399
344	-0.55161
345	-0.52554
346	-0.51958
347	-2.7706e-002
348	0.
349	0.
350	0.
351	0.
352	0.
353	0.
354	0.
355	0.
356	0.
357	1.1328e-002
358	-7.7343e-002
359	8.2723e-002
360	-0.15335
361	-7.3181e-002
362	-9.9944e-002
363	-3.4636e-002
364	-8.2647e-002
365	-8.8139e-002
366	-0.11119
367	-4.8451e-002
368	-0.27541
369	-1.6089e-003
370	-2.9707e-003
371	-5.5894e-003
372	-1.0075e-002
373	-2.1508e-002
374	-2.4762e-002
375	-1.6629e-002
376	4.4207e-002
377	2.6635e-002
378	-1.2303e-002
379	6.6196e-003
380	-1.4348e-002
381	1.0528e-002
382	1.0941e-002
383	-6.1642e-003
384	3.2242e-003
385	-1.9558e-002
386	-6.5147e-003
387	-3.0235e-002
388	0.
389	0.
390	0.
391	0.
392	0.
393	0.
394	0.
395	0.
396	0.
397	1.3702e-002
398	9.7375e-003
399	6.0924e-003
400	1.0387e-003
401	-6.5681e-004
402	-1.2619e-003
403	0.
404	0.
405	0.
406	0.
407	0.
408	0.
409	0.
410	0.
411	0.
412	0.
413	0.
414	0.
415	-0.10675
416	-7.4932e-003
417	-0.26833
418	-0.31073
419	0.
420	0.
421	0.
422	0.
423	0.
424	0.
425	0.
426	0.
427	0.
428	0.
429	0.
430	0.
431	1.4815e-003
432	4.5154e-002
433	-2.115e-003
434	-1.5625e-002
435	-2.8561e-002
436	-1.9657e-002
437	-0.52377
438	-0.42971
439	-0.50067
440	-0.45451
441	-0.5138
442	-0.48311
443	-0.51542
444	-0.39637
445	-0.45346
446	-0.416
447	-0.51189
448	-0.49322
449	-0.44954
450	-0.469
451	-0.507
452	-0.50356
453	-0.40008
454	-0.38618
455	-9.1639e-003
456	-3.0092e-003
457	-4.3976e-002
458	-6.8952e-003
459	9.0808e-002
460	-1.7951e-002
461	-3.173e-002
462	-4.4769e-004
463	-4.0057e-002
464	-5.8345e-002
465	-0.11049
466	-0.22651
467	-0.29977
468	-0.36879
469	-0.41969
470	-0.20615
471	-0.15716
472	-0.22209
473	-0.26708
474	-0.30987
