Node Number	Directional Deformation (mm)
1	-2.1037e-003
2	-1.0996e-003
3	-0.64712
4	-0.63101
5	-0.60426
6	-0.6078
7	-0.54144
8	-0.35544
9	-0.17895
10	-0.11876
11	-0.1914
12	6.7102e-002
13	-4.0231e-002
14	2.2213e-002
15	-1.7047e-002
16	7.8813e-003
17	1.0851e-002
18	-7.0088e-004
19	-2.4985e-003
20	-0.54749
21	2.5066e-003
22	5.9964e-003
23	8.3024e-003
24	5.6663e-003
25	-1.9833e-002
26	-6.349e-002
27	-6.6454e-002
28	-0.12352
29	-0.29227
30	-0.46937
31	-0.42419
32	-0.38993
33	-0.4048
34	-0.49635
35	-0.50107
36	-0.52533
37	7.7455e-004
38	-1.9853e-003
39	-2.5489e-003
40	2.2933e-005
41	1.834e-003
42	-2.6317e-004
43	-2.565e-003
44	-0.49331
45	8.6237e-004
46	-3.0792e-003
47	1.5108e-002
48	-5.1456e-003
49	1.9287e-002
50	9.1742e-003
51	2.6596e-003
52	2.8046e-003
53	-3.104e-002
54	-0.85604
55	-0.75116
56	-0.50901
57	-0.24229
58	-0.35341
59	-0.39562
60	-0.45607
61	-0.49742
62	-0.50637
63	-0.51438
64	-0.52459
65	-0.57927
66	-0.62983
67	-1.2501e-003
68	-1.6975e-004
69	-9.7608e-004
70	1.8003e-003
71	-6.5157e-004
72	-1.1394e-003
73	-1.2133e-003
74	-0.5901
75	3.7769e-003
76	8.6108e-004
77	-3.5906e-002
78	0.10981
79	2.8543e-002
80	-0.28861
81	-0.10078
82	-3.2987e-002
83	-0.11869
84	-0.38887
85	-0.52099
86	-0.57952
87	-0.568
88	-0.55334
89	-0.55102
90	-0.53504
91	3.0156e-002
92	1.4155e-002
93	-0.32366
94	4.6564e-003
95	0.29037
96	-0.33722
97	5.9532e-004
98	8.75e-002
99	-0.52402
100	-6.1179e-002
101	-0.14981
102	-0.4778
103	-0.49232
104	1.0869e-002
105	-0.3854
106	-1.2431e-002
107	3.2636e-003
108	4.5062e-002
109	-0.45998
110	-3.8234e-002
111	7.4191e-002
112	-0.39919
113	6.9456e-003
114	-2.589e-003
115	-5.1446e-002
116	3.3693e-003
117	-0.51035
118	-2.4551e-002
119	3.0893e-002
120	-1.1956e-003
121	-0.44744
122	-0.43667
123	-0.35437
124	1.339e-002
125	6.5018e-002
126	-0.27777
127	-4.9678e-002
128	-3.5108e-003
129	1.5822e-003
130	4.9339e-003
131	-0.49192
132	-0.6085
133	-4.5634e-002
134	-2.9018e-003
135	-0.51695
136	0.
137	0.
138	0.
139	0.
140	-6.4757e-012
141	2.5415e-012
142	-8.8785e-012
143	6.634e-012
144	1.0463e-011
145	6.26e-012
146	0.
147	0.
148	9.1428e-012
149	1.0403e-011
150	6.3687e-012
151	-6.1841e-012
152	-8.1065e-012
153	-6.7017e-012
154	0.
155	0.
156	-1.395e-011
157	-1.5867e-011
158	-1.3446e-011
159	8.2409e-012
160	8.1381e-012
161	9.5569e-012
162	0.
163	0.
164	0.
165	0.
166	0.
167	0.
168	0.
169	0.
170	0.
171	0.
172	0.
173	3.3776e-013
174	2.828e-013
175	1.4402e-013
176	-6.6894e-014
177	-2.8704e-013
178	-3.6241e-013
179	0.
180	0.
181	0.
182	0.
183	0.
184	0.
185	0.
186	0.
187	0.
188	0.
189	0.
190	0.
191	6.4057e-014
192	-4.5005e-014
193	-8.7395e-014
194	-1.1852e-013
195	-2.6315e-013
196	-2.1099e-013
197	0.
198	0.
199	0.
200	0.
201	0.
202	0.
203	0.
204	0.
205	0.
206	0.
207	0.
208	0.
209	0.
210	0.
211	0.
212	0.
213	0.
214	0.
215	0.
216	0.
217	0.
218	0.
219	0.
220	0.
221	0.
222	0.
223	0.
224	0.
225	0.
226	0.
227	0.
228	0.
229	0.
230	0.
231	0.
232	0.
233	0.
234	0.
235	0.
236	0.
237	0.
238	-1.2441e-013
239	-1.0715e-013
240	4.8516e-014
241	-5.1123e-013
242	-6.5692e-013
243	-4.3095e-013
244	-1.2619e-011
245	-2.184e-011
246	-1.3528e-011
247	4.3714e-012
248	4.264e-012
249	4.2848e-012
250	0.
251	1.9155e-012
252	-3.0232e-012
253	-1.8303e-012
254	-1.3754e-013
255	7.2684e-012
256	-9.1639e-013
257	-8.2395e-012
258	-6.9023e-012
259	-5.4867e-013
260	2.5637e-012
261	-4.3937e-013
262	2.0122e-012
263	7.5145e-013
264	2.0707e-013
265	-1.7204e-013
266	4.0734e-013
267	1.5536e-012
268	3.5647e-013
269	3.2788e-012
270	8.4573e-013
271	-8.6062e-013
272	1.6864e-013
273	1.1695e-013
274	3.2099e-013
275	4.551e-012
276	1.4419e-012
277	-8.0245e-012
278	-2.2872e-013
279	2.9848e-013
280	2.0196e-012
281	-2.2537e-012
282	1.1858e-013
283	-8.7822e-013
284	6.4102e-012
285	-4.279e-012
286	-1.7352e-012
287	-5.1089e-012
288	0.
289	0.
290	-2.5655e-012
291	-6.7153e-013
292	-2.4617e-013
293	-1.0925e-012
294	-2.645e-013
295	8.0261e-014
296	-2.4162e-012
297	-1.7523e-013
298	-8.2152e-013
299	-5.2095e-012
300	1.2723e-013
301	-9.7469e-015
302	-2.9149e-012
303	-0.43058
304	-0.29906
305	-0.40009
306	-6.7085e-002
307	-0.2317
308	-0.17702
309	-0.18922
310	-0.1409
311	-0.14597
312	-0.11934
313	-0.31779
314	-0.23008
315	-0.31637
316	-0.31941
317	-0.33964
318	-0.37222
319	-0.36309
320	-0.39273
321	-0.49954
322	-0.5003
323	-0.49009
324	-0.47733
325	-0.46163
326	-0.43965
327	-0.44898
328	-0.43583
329	-0.42762
330	-0.39098
331	-0.53106
332	-0.50477
333	-0.50803
334	-0.51491
335	-0.5243
336	-0.52958
337	-0.52742
338	-0.43596
339	-0.43908
340	-0.48553
341	-0.5142
342	-0.51838
343	-0.53953
344	-0.55731
345	-0.53083
346	-0.52476
347	-2.7074e-002
348	0.
349	0.
350	0.
351	0.
352	0.
353	0.
354	0.
355	0.
356	0.
357	1.149e-002
358	-7.5068e-002
359	8.53e-002
360	-0.15609
361	-7.361e-002
362	-0.10084
363	-3.4427e-002
364	-8.322e-002
365	-8.9174e-002
366	-0.1129
367	-4.4817e-002
368	-0.27606
369	-1.6337e-003
370	-3.0169e-003
371	-5.6756e-003
372	-1.0226e-002
373	-2.184e-002
374	-2.514e-002
375	-1.6911e-002
376	4.5209e-002
377	2.7863e-002
378	-1.0727e-002
379	9.1887e-003
380	-1.1378e-002
381	1.4237e-002
382	1.4953e-002
383	-2.2214e-003
384	7.3401e-003
385	-1.5676e-002
386	-2.4064e-003
387	-2.6386e-002
388	0.
389	0.
390	0.
391	0.
392	0.
393	0.
394	0.
395	0.
396	0.
397	1.3892e-002
398	9.8729e-003
399	6.1792e-003
400	1.0541e-003
401	-6.657e-004
402	-1.2809e-003
403	0.
404	0.
405	0.
406	0.
407	0.
408	0.
409	0.
410	0.
411	0.
412	0.
413	0.
414	0.
415	-0.10724
416	-6.138e-003
417	-0.2712
418	-0.31346
419	0.
420	0.
421	0.
422	0.
423	0.
424	0.
425	0.
426	0.
427	0.
428	0.
429	0.
430	0.
431	1.5074e-003
432	4.5751e-002
433	-2.1467e-003
434	-1.5848e-002
435	-2.6292e-002
436	-1.9918e-002
437	-0.52941
438	-0.43505
439	-0.50642
440	-0.45982
441	-0.51954
442	-0.48848
443	-0.52092
444	-0.40117
445	-0.45891
446	-0.4209
447	-0.51781
448	-0.49895
449	-0.45481
450	-0.47419
451	-0.51218
452	-0.50893
453	-0.40517
454	-0.39051
455	-6.0108e-003
456	6.2765e-004
457	-4.0727e-002
458	-6.9767e-003
459	9.2127e-002
460	-1.8208e-002
461	-2.937e-002
462	2.1605e-003
463	-3.7324e-002
464	-5.8443e-002
465	-0.11125
466	-0.22848
467	-0.30123
468	-0.37196
469	-0.42335
470	-0.20771
471	-0.15764
472	-0.22302
473	-0.26829
474	-0.31134
