Node Number	Directional Deformation (mm)
1	3.0441e-003
2	3.2592e-003
3	-0.6026
4	-0.5642
5	-0.51444
6	-0.49995
7	-0.39052
8	-0.23317
9	-9.454e-002
10	4.9388e-004
11	-0.14034
12	5.7822e-002
13	1.2064e-002
14	2.1487e-002
15	-2.4758e-002
16	-1.2949e-002
17	2.8708e-003
18	3.4228e-003
19	2.4188e-003
20	-0.51466
21	8.1006e-004
22	4.7226e-004
23	4.9369e-003
24	1.3233e-003
25	-5.8459e-003
26	-3.7218e-002
27	-5.2428e-002
28	-8.7168e-002
29	-0.30084
30	-0.35719
31	-0.38551
32	-0.36816
33	-0.35637
34	-0.46425
35	-0.45907
36	-0.48185
37	1.5968e-003
38	1.1819e-003
39	1.8295e-003
40	2.0806e-003
41	2.881e-003
42	2.7441e-003
43	3.6964e-003
44	-0.49367
45	2.1499e-003
46	3.0367e-003
47	1.8423e-002
48	1.0274e-002
49	2.3194e-002
50	-2.1666e-002
51	-9.1141e-003
52	-3.1588e-002
53	1.4241e-002
54	-0.45962
55	-0.50656
56	-0.50463
57	-0.3545
58	-0.41328
59	-0.41155
60	-0.4657
61	-0.50016
62	-0.50492
63	-0.50132
64	-0.50591
65	-0.54418
66	-0.58312
67	1.9706e-003
68	3.0051e-003
69	3.2392e-003
70	2.8743e-003
71	1.7087e-003
72	2.2985e-003
73	2.3149e-003
74	-0.52036
75	4.3371e-003
76	7.3737e-003
77	1.2614e-002
78	0.16081
79	7.4128e-003
80	-0.25916
81	-6.8652e-002
82	-4.4104e-002
83	-9.6801e-002
84	-0.32658
85	-0.45939
86	-0.50738
87	-0.50002
88	-0.4996
89	-0.51119
90	-0.48777
91	-1.3264e-002
92	-1.4463e-003
93	-0.2504
94	2.1912e-003
95	0.15646
96	-0.25653
97	-1.5912e-003
98	6.8749e-002
99	-0.44516
100	-1.7176e-002
101	-4.7922e-002
102	-0.40921
103	-0.44242
104	8.6387e-003
105	-0.32797
106	3.634e-002
107	-1.0629e-002
108	3.4188e-002
109	-0.40336
110	-1.0894e-002
111	3.8136e-002
112	-0.33594
113	-4.0304e-003
114	-0.12717
115	-2.0956e-003
116	4.6161e-003
117	-0.45194
118	-1.4492e-002
119	3.7746e-003
120	1.2373e-003
121	-0.46388
122	-0.30463
123	-0.40086
124	-3.0955e-004
125	3.1258e-002
126	-0.25003
127	-7.3172e-002
128	-1.825e-002
129	-2.3184e-003
130	7.2645e-004
131	-0.46252
132	-0.45902
133	-2.777e-002
134	-1.7651e-002
135	-0.37291
136	0.
137	0.
138	0.
139	0.
140	-5.573e-012
141	3.2644e-012
142	-9.0702e-012
143	3.3696e-012
144	8.5803e-012
145	5.3658e-012
146	0.
147	0.
148	8.667e-012
149	9.5392e-012
150	5.2307e-012
151	-6.6968e-012
152	-7.482e-012
153	-6.2994e-012
154	0.
155	0.
156	-1.3324e-011
157	-1.5646e-011
158	-2.0012e-011
159	4.993e-012
160	5.3455e-012
161	7.304e-012
162	0.
163	0.
164	0.
165	0.
166	0.
167	0.
168	0.
169	0.
170	0.
171	0.
172	0.
173	3.2475e-013
174	2.5304e-013
175	1.3382e-013
176	-8.6274e-014
177	-2.658e-013
178	-3.41e-013
179	0.
180	0.
181	0.
182	0.
183	0.
184	0.
185	0.
186	0.
187	0.
188	0.
189	0.
190	0.
191	2.5041e-014
192	-1.0972e-013
193	-9.0478e-014
194	-1.4556e-014
195	-1.1108e-013
196	-6.7278e-014
197	0.
198	0.
199	0.
200	0.
201	0.
202	0.
203	0.
204	0.
205	0.
206	0.
207	0.
208	0.
209	0.
210	0.
211	0.
212	0.
213	0.
214	0.
215	0.
216	0.
217	0.
218	0.
219	0.
220	0.
221	0.
222	0.
223	0.
224	0.
225	0.
226	0.
227	0.
228	0.
229	0.
230	0.
231	0.
232	0.
233	0.
234	0.
235	0.
236	0.
237	0.
238	6.9322e-014
239	1.6476e-013
240	3.3331e-013
241	-5.7097e-015
242	-1.6025e-013
243	-1.7942e-013
244	-1.2924e-011
245	-1.5709e-011
246	-4.6808e-012
247	8.5733e-013
248	3.6599e-012
249	2.5444e-012
250	0.
251	1.0478e-012
252	-1.6805e-012
253	-9.8609e-013
254	-2.83e-013
255	5.5626e-012
256	-8.3131e-013
257	-6.5776e-012
258	-1.501e-012
259	1.1403e-013
260	2.2236e-012
261	-1.6561e-013
262	1.1489e-012
263	1.0263e-012
264	1.3397e-013
265	-1.431e-014
266	-5.2489e-013
267	2.1137e-012
268	1.2474e-013
269	3.2526e-012
270	9.9952e-013
271	-1.2768e-012
272	1.966e-013
273	2.6603e-015
274	2.8591e-013
275	3.92e-012
276	1.8581e-012
277	-8.1769e-012
278	-1.4846e-013
279	4.9845e-013
280	2.1632e-012
281	-2.4564e-012
282	2.356e-014
283	-1.2702e-012
284	5.8764e-012
285	-4.7591e-012
286	-8.0827e-013
287	-2.2991e-012
288	0.
289	0.
290	-3.1755e-012
291	-2.3149e-012
292	3.1077e-013
293	5.6995e-013
294	-2.5154e-013
295	1.0055e-013
296	-2.3044e-012
297	4.0468e-013
298	-1.5198e-012
299	-5.621e-012
300	1.1201e-013
301	-7.9621e-013
302	-3.8954e-012
303	-0.46924
304	-0.3167
305	-0.42986
306	-4.2927e-002
307	-0.25544
308	-0.19007
309	-0.18919
310	-0.14386
311	-0.16522
312	-0.12276
313	-0.30907
314	-0.19016
315	-0.32441
316	-0.33861
317	-0.35601
318	-0.39901
319	-0.39695
320	-0.42782
321	-0.55552
322	-0.55667
323	-0.54482
324	-0.5299
325	-0.51158
326	-0.48577
327	-0.49894
328	-0.48403
329	-0.47521
330	-0.42358
331	-0.57063
332	-0.54188
333	-0.54902
334	-0.56059
335	-0.57522
336	-0.58501
337	-0.58575
338	-0.4759
339	-0.47264
340	-0.5242
341	-0.55654
342	-0.55957
343	-0.58371
344	-0.60404
345	-0.57098
346	-0.56312
347	-1.573e-002
348	0.
349	0.
350	0.
351	0.
352	0.
353	0.
354	0.
355	0.
356	0.
357	1.4097e-002
358	-8.9711e-002
359	8.4195e-002
360	-0.1665
361	-8.9478e-002
362	-0.11734
363	-3.5584e-002
364	-8.3368e-002
365	-8.9051e-002
366	-0.11618
367	-2.9666e-002
368	-0.28572
369	-2.0376e-003
370	-3.7952e-003
371	-7.1733e-003
372	-1.3006e-002
373	-2.7986e-002
374	-3.1945e-002
375	-2.4502e-002
376	4.2749e-002
377	3.6546e-002
378	-2.6095e-003
379	1.4261e-002
380	3.7408e-003
381	3.8637e-002
382	4.2479e-002
383	2.1728e-002
384	3.2471e-002
385	4.8081e-003
386	2.1185e-002
387	-7.3752e-003
388	0.
389	0.
390	0.
391	0.
392	0.
393	0.
394	0.
395	0.
396	0.
397	1.7645e-002
398	1.2568e-002
399	7.906e-003
400	1.4219e-003
401	-7.7239e-004
402	-1.579e-003
403	0.
404	0.
405	0.
406	0.
407	0.
408	0.
409	0.
410	0.
411	0.
412	0.
413	0.
414	0.
415	-0.10405
416	1.1865e-002
417	-0.303
418	-0.34948
419	0.
420	0.
421	0.
422	0.
423	0.
424	0.
425	0.
426	0.
427	0.
428	0.
429	0.
430	0.
431	2.0832e-003
432	5.2977e-002
433	-2.6636e-003
434	-2.0082e-002
435	-1.8219e-002
436	-2.5903e-002
437	-0.57702
438	-0.47976
439	-0.55786
440	-0.50205
441	-0.57081
442	-0.53137
443	-0.56702
444	-0.43654
445	-0.50589
446	-0.45775
447	-0.57363
448	-0.55079
449	-0.49699
450	-0.51419
451	-0.5516
452	-0.55098
453	-0.4449
454	-0.42166
455	2.1076e-003
456	2.1804e-002
457	-3.2421e-002
458	-8.344e-003
459	0.11412
460	-1.9552e-002
461	-3.9701e-002
462	2.3206e-004
463	-4.0582e-002
464	-5.241e-002
465	-0.1317
466	-0.24974
467	-0.31889
468	-0.4129
469	-0.45714
470	-0.22836
471	-0.16343
472	-0.23508
473	-0.28071
474	-0.32947
