Node Number	Directional Deformation (mm)
1	-6.6445e-003
2	-6.0228e-003
3	5.2708e-003
4	8.9499e-003
5	1.2184e-002
6	1.5793e-002
7	2.0262e-002
8	2.5137e-002
9	3.0208e-002
10	3.0617e-002
11	2.6394e-002
12	3.4173e-002
13	2.8473e-002
14	-1.2257e-002
15	2.2104e-002
16	1.2868e-002
17	4.4902e-003
18	-6.6742e-005
19	-3.0628e-003
20	-2.7038e-002
21	-2.1777e-003
22	-2.9842e-004
23	-3.5495e-003
24	4.8938e-003
25	2.078e-002
26	4.7279e-003
27	-8.2324e-004
28	-3.5036e-002
29	-4.6197e-002
30	-3.269e-002
31	-2.254e-002
32	-2.3888e-002
33	-2.259e-002
34	-2.2645e-002
35	-2.2551e-002
36	-2.4377e-002
37	8.8119e-004
38	5.5627e-004
39	-1.294e-003
40	-2.5308e-003
41	-5.4225e-003
42	-6.3223e-003
43	-6.5028e-003
44	-3.1335e-003
45	5.0084e-004
46	1.1758e-003
47	-7.4114e-003
48	-1.387e-002
49	-1.5159e-002
50	-6.7576e-003
51	7.83e-003
52	-1.7068e-002
53	-1.0273e-002
54	-6.8836e-003
55	3.5172e-003
56	4.6844e-003
57	6.6711e-003
58	2.5596e-003
59	2.6511e-003
60	-3.2724e-004
61	-3.1194e-003
62	-1.6123e-003
63	4.3986e-004
64	1.1609e-003
65	3.5356e-003
66	5.091e-003
67	5.7235e-004
68	-6.4762e-003
69	-6.8237e-003
70	-5.6497e-003
71	-2.2257e-003
72	-9.8207e-004
73	4.6403e-004
74	-1.3397e-002
75	1.7625e-004
76	9.0338e-003
77	1.2291e-002
78	-4.299e-002
79	-5.0862e-003
80	2.2076e-002
81	2.3255e-002
82	3.9666e-002
83	2.4779e-002
84	3.3985e-003
85	-8.1242e-003
86	-1.3739e-002
87	-1.797e-002
88	-2.4233e-002
89	-2.6408e-002
90	-1.958e-002
91	-3.3511e-003
92	-7.989e-003
93	-2.4419e-002
94	-5.0285e-003
95	1.2495e-002
96	7.4413e-003
97	1.0883e-003
98	1.9946e-002
99	-1.0215e-002
100	1.0362e-003
101	-1.9264e-002
102	-2.2267e-002
103	-2.2995e-002
104	1.0873e-002
105	2.5201e-002
106	1.4212e-002
107	1.0539e-002
108	-2.2199e-002
109	1.5804e-002
110	5.6941e-003
111	2.5754e-003
112	1.4048e-002
113	6.74e-004
114	2.7433e-002
115	1.582e-002
116	-5.0267e-003
117	8.6362e-003
118	-6.8431e-003
119	1.0118e-002
120	2.2255e-004
121	5.0718e-006
122	1.0422e-002
123	5.87e-003
124	8.8409e-003
125	3.9976e-002
126	2.2294e-002
127	3.288e-002
128	1.2045e-002
129	-1.6677e-004
130	-3.3983e-003
131	6.4533e-003
132	7.0449e-003
133	7.1657e-004
134	-9.7211e-003
135	2.0194e-002
136	0.
137	0.
138	0.
139	0.
140	3.2414e-003
141	4.2523e-003
142	2.3243e-003
143	-2.5503e-003
144	-4.2327e-003
145	-4.2017e-003
146	0.
147	0.
148	-7.6313e-003
149	-8.4962e-003
150	-5.7728e-003
151	1.1319e-003
152	4.3729e-003
153	5.1754e-003
154	0.
155	0.
156	0.
157	0.
158	0.
159	0.
160	0.
161	0.
162	0.
163	0.
164	0.
165	0.
166	-1.9517e-005
167	-1.7349e-005
168	1.1145e-006
169	-9.0167e-006
170	-6.8491e-006
171	-6.069e-006
172	0.
173	0.
174	0.
175	0.
176	0.
177	0.
178	0.
179	0.
180	0.
181	0.
182	0.
183	0.
184	0.
185	1.1826e-002
186	8.8405e-003
187	4.1362e-003
188	-6.3049e-003
189	-1.3254e-002
190	-7.3308e-003
191	0.
192	-5.8725e-003
193	-8.0375e-003
194	-6.8526e-003
195	1.952e-003
196	8.3537e-003
197	6.6728e-003
198	0.
199	0.
200	0.
201	0.
202	0.
203	0.
204	0.
205	0.
206	0.
207	0.
208	0.
209	0.
210	0.
211	0.
212	0.
213	0.
214	0.
215	0.
216	0.
217	0.
218	0.
219	0.
220	0.
221	0.
222	0.
223	0.
224	0.
225	0.
226	0.
227	0.
228	0.
229	0.
230	0.
231	1.5655e-004
232	2.5746e-004
233	3.7223e-004
234	4.067e-004
235	4.1915e-004
236	2.8936e-004
237	0.
238	0.
239	0.
240	-8.745e-005
241	-1.1604e-004
242	-6.8362e-005
243	2.1269e-005
244	7.0337e-005
245	5.9169e-005
246	0.
247	0.
248	-1.0517e-005
249	2.8343e-004
250	6.5444e-005
251	2.9623e-005
252	-3.2689e-004
253	4.2865e-005
254	-8.6085e-004
255	7.1264e-004
256	-1.9601e-003
257	-1.0059e-004
258	-1.5222e-004
259	1.4191e-003
260	3.479e-003
261	1.8796e-005
262	1.1236e-003
263	5.4589e-005
264	7.7422e-005
265	-2.5349e-003
266	4.61e-004
267	-2.6993e-005
268	6.4263e-004
269	3.1983e-003
270	4.7303e-005
271	-3.4073e-003
272	-1.2383e-005
273	-2.534e-003
274	1.6632e-003
275	0.
276	-2.1158e-003
277	-3.1013e-005
278	6.9924e-004
279	0.
280	-6.1663e-004
281	5.7641e-004
282	-3.6527e-003
283	-1.2763e-004
284	1.4335e-003
285	1.2009e-003
286	-4.3477e-005
287	6.9327e-004
288	3.2558e-003
289	-3.7692e-003
290	0.
291	0.
292	0.
293	0.
294	0.
295	0.
296	0.
297	0.
298	3.9819e-003
299	6.5335e-003
300	2.2745e-003
301	1.9945e-003
302	3.5349e-004
303	-1.7264e-003
304	-3.5852e-003
305	0.
306	0.
307	0.
308	0.
309	0.
310	0.
311	0.
312	0.
313	0.
314	0.
315	0.
316	0.
317	0.
318	0.
319	0.
320	0.
321	0.
322	0.
323	-1.6217e-002
324	-8.4411e-003
325	-1.3879e-002
326	9.8254e-003
327	-8.0696e-003
328	-5.2692e-003
329	-3.127e-005
330	3.3705e-003
331	6.0759e-003
332	9.706e-003
333	1.9962e-002
334	1.7887e-002
335	1.1416e-002
336	7.0693e-003
337	4.3739e-003
338	-2.9698e-003
339	-9.2695e-003
340	-1.2833e-002
341	3.5073e-003
342	3.9128e-003
343	3.5606e-003
344	4.1284e-003
345	4.6395e-003
346	1.7694e-003
347	4.9205e-004
348	-3.0479e-003
349	-8.4019e-003
350	-8.9384e-003
351	-1.4478e-002
352	8.3434e-003
353	7.1673e-003
354	-6.789e-005
355	4.0394e-005
356	4.1503e-004
357	-8.7131e-004
358	-2.9749e-003
359	6.4686e-003
360	2.3959e-003
361	2.3817e-003
362	1.7995e-003
363	9.1477e-004
364	5.929e-004
365	2.9242e-003
366	2.5266e-003
367	2.7617e-003
368	5.581e-003
369	5.9198e-003
370	6.2056e-003
371	7.746e-003
372	1.0405e-002
373	1.3101e-002
374	9.7092e-003
375	4.0675e-003
376	2.3454e-003
377	5.719e-003
378	7.1316e-003
379	8.2689e-003
380	9.1289e-003
381	9.3621e-003
382	1.0855e-002
383	1.2903e-002
384	6.8923e-003
385	7.1417e-003
386	6.8335e-003
387	7.3408e-003
388	9.9612e-003
389	1.0535e-002
390	-4.22e-004
391	9.3296e-003
392	-4.6252e-003
393	9.3673e-004
394	5.4162e-004
395	-3.199e-004
396	-8.3704e-004
397	-5.2414e-004
398	-6.0575e-005
399	4.4124e-003
400	-1.4685e-003
401	9.6876e-003
402	-1.9993e-004
403	9.2935e-004
404	9.9776e-003
405	-5.4777e-004
406	-1.1472e-003
407	-2.1572e-004
408	-2.3107e-004
409	1.8465e-003
410	7.7526e-003
411	1.2638e-003
412	-3.5579e-004
413	8.6802e-003
414	4.7302e-003
415	6.5597e-003
416	-2.7028e-003
417	1.0369e-002
418	7.6301e-003
419	4.3786e-004
420	3.7996e-003
421	9.2922e-003
422	-5.7851e-003
423	5.5729e-003
424	0.
425	0.
426	0.
427	0.
428	0.
429	0.
430	8.5198e-003
431	3.4879e-003
432	-3.8428e-003
433	1.3473e-003
434	-6.7545e-003
435	1.408e-003
436	5.0693e-003
437	3.6159e-004
438	6.6181e-003
439	5.1345e-003
440	-2.0043e-003
441	-8.2997e-003
442	3.7651e-003
