Node Number	Directional Deformation (mm)
1	5.1786e-004
2	4.3099e-003
3	-0.79243
4	-0.66912
5	-0.54619
6	-0.42046
7	-0.31096
8	-0.17734
9	-5.8871e-002
10	0.11706
11	0.11662
12	-0.18156
13	0.30868
14	-1.4069e-003
15	-2.2411e-002
16	-6.8224e-003
17	-8.7572e-003
18	7.7991e-003
19	2.8395e-003
20	-0.81509
21	-4.5112e-003
22	-8.8122e-003
23	-1.1137e-002
24	1.9648e-003
25	-2.4238e-002
26	-9.1065e-002
27	-0.14579
28	-0.47699
29	-8.5593e-002
30	1.9696e-002
31	-7.1132e-002
32	-0.13124
33	-0.25274
34	-0.40001
35	-0.54666
36	-0.68237
37	-7.9958e-003
38	-9.4316e-003
39	-3.3794e-004
40	4.5726e-003
41	7.0992e-003
42	9.4559e-003
43	7.7959e-003
44	-0.84181
45	-8.9709e-003
46	-4.7629e-003
47	-5.3443e-003
48	1.1761e-003
49	1.5993e-002
50	-2.2472e-002
51	-6.6685e-002
52	-0.19905
53	-1.4876e-002
54	0.2171
55	0.15258
56	2.2325e-002
57	-0.19016
58	-0.35563
59	-0.5244
60	-0.6918
61	-0.8355
62	-0.82726
63	-0.8208
64	-0.8096
65	-0.80206
66	-0.79729
67	-2.8908e-003
68	4.8477e-003
69	1.3271e-002
70	1.1133e-002
71	-1.0949e-003
72	-1.0851e-003
73	-5.4437e-003
74	-0.82986
75	-1.0781e-002
76	-4.6647e-002
77	1.5361e-002
78	-0.1903
79	-2.8431e-002
80	0.26822
81	0.30892
82	4.0545e-002
83	-0.24314
84	-0.44987
85	-0.64787
86	-0.84172
87	-0.83188
88	-0.82774
89	-0.81706
90	-0.38273
91	1.7463e-002
92	-1.6315e-003
93	5.3533e-002
94	-3.5463e-003
95	4.1565e-002
96	-0.21783
97	1.1116e-003
98	0.21673
99	-0.57768
100	0.10217
101	-5.5033e-002
102	-0.19039
103	-0.59298
104	3.3697e-002
105	-0.1781
106	6.2292e-002
107	-1.1142e-002
108	-9.3812e-004
109	-0.28644
110	-3.8732e-004
111	4.3107e-002
112	-0.40479
113	1.2955e-003
114	-0.13586
115	-9.3674e-005
116	2.0954e-003
117	-0.54713
118	-7.6803e-003
119	-8.1614e-002
120	1.0897e-002
121	-0.5776
122	0.17828
123	-0.23337
124	-1.5656e-002
125	0.16209
126	-7.5951e-002
127	0.37371
128	0.14916
129	4.179e-002
130	-5.2108e-003
131	-0.67264
132	0.11299
133	-5.378e-002
134	5.8067e-003
135	-0.26458
136	0.
137	0.
138	0.
139	0.
140	6.2597e-004
141	-8.219e-006
142	-4.7803e-004
143	-1.9174e-003
144	-2.0439e-003
145	1.1242e-004
146	0.
147	0.
148	-1.0721e-003
149	1.1281e-003
150	-4.8533e-003
151	-1.3986e-005
152	-4.0072e-003
153	1.5924e-004
154	0.
155	0.
156	0.
157	0.
158	0.
159	0.
160	0.
161	0.
162	0.
163	0.
164	0.
165	0.
166	2.2951e-005
167	3.2378e-005
168	2.6767e-005
169	2.7625e-006
170	-1.3869e-005
171	-2.1013e-005
172	0.
173	0.
174	0.
175	0.
176	0.
177	0.
178	0.
179	0.
180	0.
181	0.
182	0.
183	0.
184	0.
185	6.6693e-003
186	6.5692e-003
187	-6.7772e-003
188	-7.9547e-003
189	-5.854e-003
190	2.5939e-003
191	0.
192	-7.5551e-003
193	-6.5092e-003
194	5.1651e-003
195	6.5615e-003
196	2.3556e-002
197	1.2138e-002
198	0.
199	0.
200	0.
201	0.
202	0.
203	0.
204	0.
205	0.
206	0.
207	0.
208	0.
209	0.
210	0.
211	0.
212	0.
213	0.
214	0.
215	0.
216	0.
217	0.
218	0.
219	0.
220	0.
221	0.
222	0.
223	0.
224	0.
225	0.
226	0.
227	0.
228	0.
229	0.
230	0.
231	5.4078e-004
232	5.4098e-004
233	1.7968e-004
234	5.7894e-005
235	-9.9599e-005
236	-2.0909e-004
237	0.
238	0.
239	0.
240	-2.5228e-005
241	-2.9333e-005
242	-2.2737e-006
243	1.8047e-005
244	2.7543e-005
245	1.123e-005
246	0.
247	0.
248	1.751e-005
249	1.2572e-004
250	2.0823e-005
251	5.4282e-006
252	-9.2054e-004
253	4.3009e-005
254	-7.1566e-004
255	1.278e-003
256	9.0739e-004
257	4.3852e-004
258	-6.5353e-005
259	-5.977e-004
260	5.3468e-003
261	3.289e-005
262	4.8254e-004
263	5.1894e-005
264	4.9833e-005
265	-1.7272e-003
266	2.8308e-004
267	-2.7313e-006
268	4.1615e-004
269	9.32e-004
270	4.5109e-005
271	-2.379e-003
272	-6.4148e-006
273	-1.7338e-003
274	1.0532e-003
275	0.
276	2.1012e-003
277	6.2987e-006
278	4.5939e-004
279	0.
280	3.3157e-004
281	5.2142e-004
282	3.3797e-003
283	1.5138e-003
284	-6.4212e-004
285	2.0576e-004
286	-5.5525e-006
287	2.527e-004
288	-6.1888e-003
289	4.7267e-007
290	0.
291	0.
292	0.
293	0.
294	0.
295	0.
296	0.
297	0.
298	2.9345e-006
299	2.731e-006
300	2.416e-006
301	2.2131e-006
302	1.188e-006
303	2.2761e-007
304	8.3426e-008
305	0.
306	0.
307	0.
308	0.
309	0.
310	0.
311	0.
312	0.
313	0.
314	0.
315	0.
316	0.
317	0.
318	0.
319	0.
320	0.
321	0.
322	0.
323	2.8637e-006
324	1.6435e-006
325	2.4305e-006
326	3.2261e-006
327	1.4669e-006
328	1.3154e-006
329	1.3396e-006
330	4.7557e-006
331	4.0033e-006
332	2.5749e-006
333	3.223e-006
334	1.6093e-006
335	3.5777e-006
336	4.3499e-006
337	4.4286e-006
338	5.1631e-006
339	3.5764e-006
340	3.1621e-006
341	9.9997e-006
342	1.0047e-005
343	9.8883e-006
344	9.6689e-006
345	9.4415e-006
346	8.8219e-006
347	8.2464e-006
348	7.387e-006
349	6.461e-006
350	5.5668e-006
351	3.9806e-006
352	1.1345e-005
353	1.076e-005
354	-5.0291e-008
355	-2.8281e-008
356	3.6386e-008
357	4.1173e-007
358	6.4661e-007
359	4.4779e-007
360	4.7016e-007
361	4.0299e-006
362	5.0948e-006
363	5.752e-006
364	6.6013e-006
365	7.4911e-006
366	8.1679e-006
367	8.9755e-006
368	9.7109e-006
369	1.0392e-005
370	1.0863e-005
371	1.1281e-005
372	1.1365e-005
373	9.7316e-006
374	4.7706e-006
375	5.7291e-006
376	6.4312e-006
377	7.1735e-006
378	7.9367e-006
379	8.5068e-006
380	8.7909e-006
381	9.1366e-006
382	9.31e-006
383	9.6258e-006
384	1.0146e-005
385	1.0091e-005
386	1.0042e-005
387	9.9548e-006
388	9.9838e-006
389	9.8899e-006
390	3.1883e-007
391	1.0897e-005
392	5.7201e-006
393	3.8107e-008
394	-5.4679e-008
395	-1.0795e-007
396	-9.5205e-008
397	-5.4981e-008
398	-5.7043e-008
399	5.1794e-006
400	6.0904e-006
401	4.5367e-006
402	4.1024e-006
403	2.7624e-007
404	9.554e-006
405	5.8939e-007
406	-1.3942e-007
407	-5.0104e-008
408	7.3295e-006
409	3.9599e-006
410	9.1961e-006
411	7.5281e-006
412	6.7391e-006
413	9.8e-006
414	8.94e-006
415	8.444e-006
416	5.7602e-006
417	9.8649e-006
418	1.0092e-005
419	5.2062e-006
420	8.087e-006
421	9.4418e-006
422	6.024e-006
423	7.7897e-006
424	0.
425	0.
426	0.
427	0.
428	0.
429	0.
430	9.458e-006
431	8.2557e-006
432	6.3987e-007
433	1.3627e-006
434	3.0565e-006
435	5.6731e-006
436	4.3276e-006
437	3.7041e-006
438	1.0478e-005
439	3.0051e-006
440	7.1552e-006
441	4.1253e-006
442	4.3912e-006
