Node Number	Directional Deformation (mm)
1	1.2808e-004
2	-4.9455e-003
3	0.10573
4	2.107e-002
5	-5.6229e-002
6	-0.17083
7	-0.20567
8	-0.13356
9	-6.5469e-002
10	-6.3842e-002
11	-2.3911e-004
12	-5.0787e-003
13	-4.3187e-003
14	2.0327e-003
15	-1.7478e-003
16	4.144e-003
17	-1.143e-002
18	-7.9029e-003
19	-2.1537e-003
20	0.23531
21	-1.6334e-003
22	-1.6957e-003
23	-7.1393e-003
24	-1.9964e-003
25	-2.4078e-002
26	-5.8372e-002
27	-4.8956e-002
28	-8.2286e-002
29	5.7414e-002
30	-0.22296
31	-0.20942
32	-0.11594
33	-7.2228e-002
34	-5.924e-002
35	6.2884e-002
36	0.15129
37	8.3904e-004
38	1.3727e-003
39	8.1656e-004
40	-1.4693e-003
41	-2.7277e-003
42	-1.0233e-003
43	-3.0212e-003
44	0.26203
45	3.1469e-003
46	3.7181e-003
47	5.4594e-003
48	-1.4478e-002
49	-1.5499e-002
50	3.1411e-002
51	-1.8872e-003
52	-6.7303e-003
53	-0.10904
54	-0.63502
55	-0.49352
56	-0.28309
57	2.523e-002
58	4.3349e-002
59	0.13098
60	0.18167
61	0.25536
62	0.24633
63	0.24051
64	0.2293
65	0.17615
66	0.1271
67	1.6226e-003
68	-2.8097e-003
69	-2.5135e-003
70	-1.4806e-003
71	-7.8906e-005
72	9.0464e-004
73	7.4404e-004
74	0.21161
75	3.9935e-003
76	1.4882e-002
77	-7.063e-003
78	1.1775e-003
79	-6.8822e-002
80	-0.6782
81	-9.8156e-002
82	0.10039
83	0.16444
84	8.0533e-002
85	0.11207
86	0.22154
87	0.23506
88	0.24423
89	0.23779
90	-0.11135
91	5.6851e-002
92	3.158e-003
93	-0.16538
94	5.1086e-003
95	0.13696
96	2.5748e-002
97	8.9881e-005
98	2.8856e-003
99	6.937e-002
100	-4.4855e-002
101	2.6328e-003
102	-0.18662
103	0.1162
104	-7.1898e-003
105	-5.577e-002
106	-4.2727e-002
107	1.4342e-002
108	3.6413e-003
109	-0.1002
110	-1.3659e-002
111	0.17715
112	8.9858e-002
113	4.8874e-003
114	0.10308
115	-2.765e-002
116	5.9566e-003
117	4.6127e-002
118	-1.7136e-002
119	-1.2576e-002
120	-6.904e-003
121	0.11633
122	-0.30532
123	-2.0153e-002
124	-8.0658e-003
125	-4.9602e-002
126	-7.2948e-002
127	2.814e-002
128	1.9738e-002
129	1.902e-002
130	2.4409e-003
131	0.14979
132	-0.35985
133	1.9626e-002
134	2.0783e-003
135	-0.21176
136	0.
137	0.
138	0.
139	0.
140	7.0115e-013
141	8.0673e-013
142	-1.0333e-013
143	-5.7135e-013
144	-1.8826e-013
145	-4.6507e-013
146	0.
147	0.
148	-3.8456e-013
149	-3.5368e-013
150	-2.1116e-013
151	3.7809e-013
152	6.5357e-013
153	4.5951e-013
154	0.
155	0.
156	2.6825e-013
157	-7.6884e-015
158	-2.3743e-012
159	-9.7602e-013
160	7.9423e-013
161	-1.4207e-013
162	0.
163	0.
164	0.
165	0.
166	0.
167	0.
168	0.
169	0.
170	0.
171	0.
172	-1.135e-014
173	-1.4663e-014
174	-1.3789e-014
175	-2.7341e-016
176	5.4313e-015
177	1.0476e-014
178	0.
179	0.
180	0.
181	0.
182	0.
183	0.
184	0.
185	0.
186	0.
187	0.
188	-1.0747e-014
189	-1.5284e-014
190	-9.0628e-015
191	-4.4591e-015
192	9.2363e-015
193	9.2116e-015
194	0.
195	0.
196	0.
197	0.
198	0.
199	0.
200	0.
201	0.
202	0.
203	0.
204	0.
205	0.
206	0.
207	0.
208	0.
209	0.
210	0.
211	0.
212	0.
213	0.
214	0.
215	0.
216	0.
217	0.
218	0.
219	0.
220	0.
221	0.
222	0.
223	0.
224	0.
225	0.
226	0.
227	0.
228	0.
229	0.
230	0.
231	0.
232	0.
233	0.
234	-5.0354e-014
235	-8.2378e-014
236	-9.5323e-014
237	-6.3386e-014
238	-2.5911e-014
239	-2.2638e-014
240	3.3648e-013
241	-9.5406e-013
242	1.5116e-012
243	7.3925e-012
244	-1.0463e-012
245	3.867e-013
246	0.
247	1.2177e-014
248	-7.7455e-013
249	-2.5695e-013
250	3.0489e-014
251	-1.3855e-013
252	-1.2733e-013
253	-4.8366e-013
254	-1.9014e-013
255	-8.242e-014
256	-3.6747e-013
257	-5.343e-015
258	1.9168e-013
259	-2.3116e-014
260	-3.7117e-014
261	-5.5481e-015
262	3.5489e-013
263	-8.078e-014
264	-2.2707e-014
265	-3.1932e-014
266	-8.1066e-014
267	-3.9678e-014
268	-2.839e-014
269	3.5389e-013
270	-3.231e-014
271	-3.1551e-013
272	-1.5351e-015
273	6.3552e-014
274	-3.4824e-013
275	7.3123e-013
276	0.
277	0.
278	1.562e-013
279	3.7855e-013
280	2.8139e-013
281	-1.5401e-013
282	-7.9421e-013
283	3.3703e-014
284	1.7864e-013
285	-8.3815e-006
286	-4.4633e-006
287	-6.0519e-006
288	2.5934e-006
289	-4.1396e-006
290	-3.0714e-006
291	-4.0354e-006
292	-1.7256e-006
293	-1.157e-006
294	1.4247e-006
295	-7.5395e-006
296	-4.3526e-006
297	-8.2025e-006
298	-7.5424e-006
299	-7.0483e-006
300	-8.8333e-006
301	-8.6356e-006
302	-7.7928e-006
303	-2.5258e-005
304	-2.4866e-005
305	-2.386e-005
306	-2.2943e-005
307	-2.1643e-005
308	-1.9576e-005
309	-1.7076e-005
310	-1.3912e-005
311	-1.1558e-005
312	-2.4567e-005
313	-2.5242e-005
314	-2.5375e-005
315	-2.5635e-005
316	-2.5774e-005
317	-2.5905e-005
318	-2.6009e-005
319	-1.1075e-005
320	-1.3898e-005
321	-1.677e-005
322	-1.9234e-005
323	-2.1255e-005
324	-2.2988e-005
325	-2.3988e-005
326	-2.4514e-005
327	4.0303e-006
328	0.
329	0.
330	0.
331	0.
332	0.
333	0.
334	0.
335	0.
336	0.
337	-7.7707e-009
338	-2.2691e-005
339	-6.9301e-007
340	-3.6653e-006
341	9.486e-008
342	-7.4544e-006
343	-5.5705e-006
344	-1.5765e-006
345	1.8455e-007
346	-7.4224e-007
347	-2.0796e-005
348	-2.333e-005
349	-2.2094e-005
350	-5.1258e-008
351	-1.235e-007
352	-2.0875e-007
353	-3.5884e-007
354	-5.5933e-007
355	-4.5333e-007
356	1.2985e-007
357	7.1235e-007
358	-7.3159e-007
359	-1.4522e-006
360	-3.9959e-006
361	-6.184e-006
362	-9.0142e-006
363	-1.1627e-005
364	-1.4284e-005
365	-1.6463e-005
366	-1.8362e-005
367	-1.9789e-005
368	-2.0646e-005
369	0.
370	0.
371	0.
372	0.
373	0.
374	0.
375	0.
376	0.
377	0.
378	5.7575e-008
379	1.8645e-008
380	2.5019e-009
381	3.6703e-009
382	6.7796e-009
383	-2.8344e-008
384	0.
385	0.
386	0.
387	0.
388	0.
389	0.
390	0.
391	0.
392	0.
393	0.
394	0.
395	0.
396	4.3076e-006
397	-3.5722e-006
398	6.7176e-007
399	-2.1191e-005
400	0.
401	0.
402	0.
403	0.
404	0.
405	0.
406	0.
407	0.
408	0.
409	0.
410	0.
411	0.
412	-1.2977e-008
413	1.1531e-006
414	-1.0777e-007
415	-3.0859e-007
416	-4.2425e-006
417	3.2096e-007
418	-2.3811e-005
419	-2.3094e-005
420	-1.9605e-005
421	-1.5279e-005
422	-2.4028e-005
423	-2.0079e-005
424	-1.3099e-005
425	-2.5403e-005
426	-1.3396e-005
427	-2.5526e-005
428	-1.8706e-005
429	-1.3932e-005
430	-1.1319e-005
431	-1.8995e-005
432	-1.835e-007
433	1.6557e-006
434	6.9808e-007
435	-1.6105e-005
436	-1.1135e-005
437	-1.8868e-005
438	-6.6645e-006
439	-8.0566e-006
440	-1.8486e-006
441	-4.2301e-006
442	-5.202e-006
443	-2.1264e-007
444	-2.4137e-005
445	-1.8746e-005
446	-2.7888e-006
