Node Number	Directional Deformation (mm)
1	9.2102e-005
2	3.2822e-003
3	-0.73315
4	-0.68369
5	-0.62527
6	-0.61359
7	-0.50885
8	-0.33653
9	-0.18119
10	-0.12367
11	-0.21759
12	9.8613e-002
13	-9.1659e-003
14	2.7265e-002
15	-2.2496e-002
16	6.6867e-004
17	1.495e-002
18	4.8425e-003
19	8.5673e-004
20	-0.61381
21	3.3413e-003
22	5.398e-003
23	1.069e-002
24	6.262e-003
25	-1.2576e-002
26	-5.5732e-002
27	-6.7911e-002
28	-0.10997
29	-0.26688
30	-0.43547
31	-0.45884
32	-0.43115
33	-0.43329
34	-0.54608
35	-0.53947
36	-0.57005
37	-8.0687e-004
38	-3.5574e-003
39	-2.9771e-003
40	4.9046e-004
41	3.3006e-003
42	1.4275e-003
43	1.1444e-003
44	-0.56912
45	-8.8211e-004
46	-3.8936e-003
47	1.9695e-002
48	6.8227e-003
49	1.7825e-002
50	-5.8172e-003
51	-1.6104e-003
52	-2.8113e-002
53	-8.1655e-003
54	-0.50137
55	-0.52663
56	-0.48219
57	-0.32539
58	-0.41505
59	-0.44671
60	-0.523
61	-0.57867
62	-0.58995
63	-0.59366
64	-0.60563
65	-0.65808
66	-0.70857
67	-2.2993e-003
68	2.6077e-003
69	1.1088e-003
70	2.6015e-003
71	-4.5639e-004
72	-1.2099e-003
73	-1.6805e-003
74	-0.61677
75	3.0101e-003
76	-1.558e-003
77	-2.57e-002
78	0.13476
79	-3.9292e-002
80	-0.66219
81	-8.2989e-002
82	-4.8462e-003
83	-7.6174e-002
84	-0.34426
85	-0.52241
86	-0.60027
87	-0.59503
88	-0.59645
89	-0.61026
90	-0.55994
91	2.1907e-002
92	1.0848e-002
93	-0.36088
94	4.7785e-003
95	0.29292
96	-0.22917
97	-1.5486e-003
98	0.14339
99	-0.50738
100	-4.1882e-002
101	-0.10715
102	-0.47095
103	-0.5169
104	1.785e-002
105	-0.31262
106	3.6175e-002
107	-7.1381e-003
108	7.464e-002
109	-0.45749
110	-3.2704e-002
111	0.16884
112	-0.36338
113	1.683e-003
114	-0.11035
115	-4.1574e-002
116	3.5131e-003
117	-0.53456
118	-4.1339e-002
119	7.1562e-003
120	2.2441e-003
121	-0.51524
122	-0.26435
123	-0.38356
124	1.319e-002
125	3.5372e-002
126	-0.24366
127	-0.14375
128	-1.172e-002
129	-5.4177e-003
130	3.7927e-003
131	-0.53939
132	-0.43586
133	-3.8501e-002
134	-7.1356e-003
135	-0.48242
136	0.
137	0.
138	0.
139	0.
140	-1.1912e-011
141	-1.4946e-011
142	-2.8525e-011
143	2.8127e-012
144	1.6408e-011
145	1.3009e-011
146	0.
147	0.
148	1.8777e-011
149	2.0126e-011
150	1.4311e-011
151	-1.5239e-011
152	-1.8264e-011
153	-1.5947e-011
154	0.
155	0.
156	-1.7199e-011
157	8.2469e-013
158	-7.0406e-011
159	-2.8049e-011
160	9.58e-012
161	1.6193e-011
162	0.
163	0.
164	0.
165	0.
166	0.
167	0.
168	0.
169	0.
170	0.
171	0.
172	7.0021e-013
173	7.2399e-013
174	5.8511e-013
175	-1.3654e-013
176	-4.8777e-013
177	-6.4146e-013
178	0.
179	0.
180	0.
181	0.
182	0.
183	0.
184	0.
185	0.
186	0.
187	0.
188	4.417e-013
189	6.2303e-013
190	3.8335e-013
191	2.5157e-013
192	-3.1545e-013
193	-2.9957e-013
194	0.
195	0.
196	0.
197	0.
198	0.
199	0.
200	0.
201	0.
202	0.
203	0.
204	0.
205	0.
206	0.
207	0.
208	0.
209	0.
210	0.
211	0.
212	0.
213	0.
214	0.
215	0.
216	0.
217	0.
218	0.
219	0.
220	0.
221	0.
222	0.
223	0.
224	0.
225	0.
226	0.
227	0.
228	0.
229	0.
230	0.
231	0.
232	0.
233	0.
234	3.7697e-014
235	1.4747e-013
236	7.4198e-013
237	1.62e-014
238	-5.5766e-013
239	-4.2827e-013
240	-1.8578e-011
241	-6.9534e-012
242	-4.2109e-011
243	9.3544e-012
244	9.9974e-012
245	1.2361e-011
246	0.
247	3.1463e-012
248	-1.1017e-011
249	-3.2706e-012
250	-7.8333e-013
251	7.4692e-012
252	-2.5914e-012
253	-9.979e-012
254	-2.0396e-011
255	2.0832e-014
256	6.6977e-012
257	-8.3463e-013
258	3.4999e-012
259	1.439e-012
260	1.7164e-012
261	3.0582e-013
262	-4.4714e-012
263	4.1557e-012
264	1.0394e-012
265	1.2777e-012
266	3.5185e-012
267	2.1142e-012
268	1.8701e-012
269	-1.6684e-011
270	1.4122e-012
271	1.5246e-011
272	7.4252e-014
273	-3.7686e-012
274	-3.8508e-012
275	-1.0888e-011
276	0.
277	0.
278	-8.1268e-012
279	-1.7945e-012
280	-1.3011e-011
281	5.7158e-013
282	-4.4646e-012
283	-1.3771e-012
284	-3.6477e-012
285	-0.60133
286	-0.42528
287	-0.51085
288	-0.18179
289	-0.35487
290	-0.2876
291	-0.28948
292	-0.19331
293	-0.18046
294	-0.14378
295	-0.47893
296	-0.35731
297	-0.50014
298	-0.50922
299	-0.50625
300	-0.53562
301	-0.53263
302	-0.53552
303	-0.68468
304	-0.68934
305	-0.67762
306	-0.65177
307	-0.62565
308	-0.6051
309	-0.64179
310	-0.59162
311	-0.55646
312	-0.7646
313	-0.72315
314	-0.72813
315	-0.73464
316	-0.74655
317	-0.73916
318	-0.72309
319	-0.6383
320	-0.65289
321	-0.68631
322	-0.74366
323	-0.75391
324	-0.74857
325	-0.76712
326	-0.75322
327	-5.915e-002
328	0.
329	0.
330	0.
331	0.
332	0.
333	0.
334	0.
335	0.
336	0.
337	1.4246e-002
338	-0.34138
339	3.1662e-002
340	-0.17271
341	-7.8418e-002
342	-4.5823e-002
343	-1.6743e-002
344	-8.2972e-002
345	-9.7739e-002
346	-0.1418
347	-0.28724
348	-0.60042
349	-0.4161
350	-1.9462e-003
351	-5.4582e-003
352	-1.064e-002
353	-1.82e-002
354	-3.9504e-002
355	-6.1932e-002
356	-5.897e-002
357	1.3374e-002
358	-6.5394e-002
359	-0.11031
360	-0.13146
361	-0.12281
362	-0.17105
363	-0.17886
364	-0.2384
365	-0.21943
366	-0.25971
367	-0.29013
368	-0.2659
369	0.
370	0.
371	0.
372	0.
373	0.
374	0.
375	0.
376	0.
377	0.
378	1.9969e-002
379	1.5504e-002
380	1.0392e-002
381	5.1966e-003
382	1.0302e-003
383	-8.1451e-004
384	0.
385	0.
386	0.
387	0.
388	0.
389	0.
390	0.
391	0.
392	0.
393	0.
394	0.
395	0.
396	-9.3796e-002
397	-0.24423
398	-3.2815e-003
399	-0.51082
400	0.
401	0.
402	0.
403	0.
404	0.
405	0.
406	0.
407	0.
408	0.
409	0.
410	0.
411	0.
412	1.0395e-003
413	4.6795e-002
414	-4.5391e-003
415	-2.4413e-002
416	-0.10472
417	-1.4922e-002
418	-0.58592
419	-0.75011
420	-0.68615
421	-0.61585
422	-0.72264
423	-0.65784
424	-0.60997
425	-0.73997
426	-0.59289
427	-0.72433
428	-0.69249
429	-0.20892
430	-0.18943
431	-0.29433
432	-1.6437e-002
433	0.15346
434	-4.2588e-002
435	-0.26068
436	-0.17736
437	-0.28883
438	-0.30384
439	-0.399
440	-0.14652
441	-0.10482
442	-0.2654
443	-0.14935
444	-0.60288
445	-0.5237
446	-6.7018e-002
