Node Number	Directional Deformation (mm)
1	-4.0537e-003
2	-5.1009e-003
3	-0.60162
4	-0.58097
5	-0.55488
6	-0.57612
7	-0.50903
8	-0.33466
9	-0.16767
10	-0.17282
11	-0.13364
12	3.0299e-002
13	-4.0404e-002
14	3.5923e-003
15	-2.0885e-002
16	4.7514e-003
17	-4.8731e-004
18	-7.8724e-003
19	-5.6063e-003
20	-0.48448
21	-9.2167e-004
22	5.1953e-004
23	-3.181e-003
24	-4.6909e-003
25	-4.4344e-002
26	-0.10358
27	-0.10236
28	-0.21305
29	-0.17219
30	-0.42432
31	-0.36884
32	-0.33637
33	-0.38135
34	-0.47634
35	-0.4516
36	-0.465
37	9.8354e-004
38	-6.9473e-004
39	-2.1732e-003
40	-1.0628e-003
41	-7.1332e-004
42	-2.4802e-003
43	-5.4914e-003
44	-0.40563
45	1.127e-003
46	-1.9895e-003
47	9.9526e-003
48	-9.0733e-003
49	1.9864e-002
50	2.5098e-002
51	5.7632e-003
52	-1.9012e-002
53	-0.21588
54	-0.62287
55	-0.49197
56	-0.33195
57	-0.12873
58	-0.23329
59	-0.28805
60	-0.36511
61	-0.41231
62	-0.42674
63	-0.44331
64	-0.46017
65	-0.52318
66	-0.57858
67	-5.1306e-004
68	-3.4496e-003
69	-3.779e-003
70	-4.8955e-005
71	-1.1904e-003
72	-1.2045e-003
73	-6.5247e-004
74	-0.50521
75	2.7414e-003
76	5.0902e-003
77	-2.2971e-002
78	0.1055
79	4.4027e-002
80	-0.81154
81	-0.10813
82	6.6137e-002
83	-3.5711e-002
84	-0.28545
85	-0.43753
86	-0.49859
87	-0.48762
88	-0.47933
89	-0.48454
90	-0.49215
91	5.2139e-002
92	1.1284e-002
93	-0.29509
94	-9.9305e-006
95	0.21112
96	-0.16611
97	-2.5494e-003
98	9.7928e-003
99	-0.43563
100	-6.3751e-002
101	-0.11252
102	-0.39204
103	-0.42728
104	-2.1812e-003
105	-0.18124
106	-9.1046e-002
107	1.5773e-002
108	4.717e-002
109	-0.37494
110	-4.8134e-002
111	0.16975
112	-0.26257
113	4.3575e-003
114	9.352e-002
115	-5.8867e-002
116	1.1776e-004
117	-0.44175
118	-2.209e-002
119	-2.7684e-002
120	-5.6763e-003
121	-0.35262
122	-0.2681
123	-0.20551
124	4.0443e-003
125	-1.1428e-002
126	-0.12476
127	-3.5085e-002
128	2.7125e-002
129	4.8072e-003
130	2.9896e-003
131	-0.41539
132	-0.35586
133	-3.2451e-002
134	-6.9162e-003
135	-0.47239
136	0.
137	0.
138	0.
139	0.
140	-3.7383e-013
141	-1.1769e-012
142	-1.0009e-012
143	1.6312e-012
144	4.6107e-012
145	7.7321e-013
146	0.
147	0.
148	1.9769e-012
149	2.8609e-012
150	2.8588e-012
151	1.0311e-013
152	-9.6226e-013
153	-1.1924e-012
154	0.
155	0.
156	-1.4053e-012
157	5.1005e-013
158	-1.1656e-011
159	-4.2617e-012
160	8.5957e-012
161	5.3648e-012
162	0.
163	0.
164	0.
165	0.
166	0.
167	0.
168	0.
169	0.
170	0.
171	0.
172	-4.3718e-014
173	-6.1278e-014
174	-1.4276e-014
175	-1.8736e-015
176	6.5749e-014
177	4.8964e-014
178	0.
179	0.
180	0.
181	0.
182	0.
183	0.
184	0.
185	0.
186	0.
187	0.
188	8.7334e-014
189	1.4036e-013
190	7.456e-014
191	7.0177e-015
192	-9.6867e-014
193	-1.1629e-013
194	0.
195	0.
196	0.
197	0.
198	0.
199	0.
200	0.
201	0.
202	0.
203	0.
204	0.
205	0.
206	0.
207	0.
208	0.
209	0.
210	0.
211	0.
212	0.
213	0.
214	0.
215	0.
216	0.
217	0.
218	0.
219	0.
220	0.
221	0.
222	0.
223	0.
224	0.
225	0.
226	0.
227	0.
228	0.
229	0.
230	0.
231	0.
232	0.
233	0.
234	-1.2829e-013
235	-8.3724e-014
236	6.9066e-014
237	6.5628e-014
238	8.7485e-014
239	9.7258e-014
240	7.39e-012
241	-1.2393e-011
242	-9.1151e-012
243	1.7786e-011
244	-2.0002e-012
245	1.0848e-012
246	0.
247	1.712e-013
248	-1.329e-012
249	-4.4403e-013
250	-2.3511e-013
251	2.2723e-012
252	-2.8429e-013
253	-3.6191e-012
254	-2.0633e-012
255	2.6482e-014
256	-4.8219e-013
257	-1.1319e-016
258	3.719e-013
259	9.7287e-014
260	1.9115e-013
261	3.9867e-014
262	2.2112e-012
263	4.5728e-013
264	-8.1655e-015
265	3.3276e-014
266	5.2218e-013
267	2.5845e-013
268	3.6008e-013
269	-1.2206e-012
270	7.8113e-014
271	1.7554e-012
272	6.08e-014
273	-4.7833e-013
274	-3.3064e-014
275	1.6513e-012
276	0.
277	0.
278	-4.3896e-013
279	6.4866e-014
280	3.5616e-013
281	1.5131e-013
282	-1.5116e-012
283	-2.0917e-013
284	-4.0656e-013
285	-0.24235
286	-0.15644
287	-0.20654
288	-0.14216
289	-0.14945
290	-0.1432
291	-0.13572
292	-0.14777
293	-0.13631
294	-0.13471
295	-0.21319
296	-0.1859
297	-0.21297
298	-0.21334
299	-0.20941
300	-0.21537
301	-0.21773
302	-0.21754
303	-0.22968
304	-0.23215
305	-0.23143
306	-0.22603
307	-0.22097
308	-0.22056
309	-0.23559
310	-0.22969
311	-0.22496
312	-0.26456
313	-0.249
314	-0.24884
315	-0.24862
316	-0.25023
317	-0.24632
318	-0.23995
319	-0.25976
320	-0.25718
321	-0.26024
322	-0.27119
323	-0.26981
324	-0.2635
325	-0.26644
326	-0.26114
327	-4.6355e-002
328	0.
329	0.
330	0.
331	0.
332	0.
333	0.
334	0.
335	0.
336	0.
337	2.8653e-003
338	-8.1467e-003
339	2.7723e-002
340	-4.2981e-002
341	-4.5931e-002
342	-4.3326e-002
343	-2.6271e-002
344	-4.4875e-002
345	-4.7486e-002
346	-4.5098e-002
347	-7.9357e-003
348	-0.17754
349	-8.4534e-002
350	-5.9858e-004
351	-1.4859e-003
352	-2.8153e-003
353	-4.7473e-003
354	-1.0484e-002
355	-1.7315e-002
356	-1.5875e-002
357	7.5925e-003
358	-1.9673e-002
359	-2.721e-002
360	-3.0068e-002
361	-2.1887e-002
362	-2.3062e-002
363	-9.7255e-003
364	-1.6985e-002
365	-2.5371e-003
366	-8.0892e-003
367	-1.179e-002
368	-2.1026e-003
369	0.
370	0.
371	0.
372	0.
373	0.
374	0.
375	0.
376	0.
377	0.
378	3.691e-003
379	2.8949e-003
380	2.0868e-003
381	1.0202e-003
382	1.3855e-004
383	-3.2461e-004
384	0.
385	0.
386	0.
387	0.
388	0.
389	0.
390	0.
391	0.
392	0.
393	0.
394	0.
395	0.
396	-8.2375e-002
397	-9.2862e-002
398	-4.3441e-002
399	-0.13835
400	0.
401	0.
402	0.
403	0.
404	0.
405	0.
406	0.
407	0.
408	0.
409	0.
410	0.
411	0.
412	5.2825e-004
413	1.3704e-002
414	-1.1632e-003
415	-6.0679e-003
416	-2.1078e-003
417	-1.6444e-003
418	-0.17044
419	-0.26052
420	-0.2495
421	-0.23524
422	-0.24616
423	-0.23628
424	-0.24493
425	-0.25172
426	-0.23058
427	-0.24366
428	-0.25554
429	-3.24e-003
430	-1.1997e-002
431	-1.2921e-002
432	-2.4568e-003
433	2.9066e-002
434	-8.1735e-003
435	-1.5442e-003
436	5.3658e-003
437	-5.7899e-003
438	-9.7163e-002
439	-0.15526
440	-6.5328e-002
441	-5.7803e-002
442	-7.9591e-002
443	-9.2601e-002
444	-0.1765
445	-0.15408
446	-3.3661e-002
