Node Number	Directional Deformation (mm)
1	-1.221e-002
2	-1.5506e-002
3	-15.823
4	-16.512
5	-17.212
6	-17.917
7	-18.553
8	-18.871
9	-19.128
10	-18.214
11	-16.241
12	-8.7689
13	-1.5327
14	0.72655
15	-0.37366
16	-4.3337e-002
17	-5.3074e-003
18	-9.4119e-003
19	-1.2788e-002
20	-15.855
21	-1.0337e-002
22	-8.3377e-003
23	-1.7222e-002
24	-4.4529e-002
25	-0.33077
26	7.4054e-002
27	-1.8183
28	-10.769
29	-16.683
30	-18.364
31	-19.111
32	-18.93
33	-18.571
34	-17.924
35	-17.218
36	-16.533
37	-2.6287e-002
38	1.6607e-002
39	1.6604e-002
40	3.0978e-003
41	4.2024e-003
42	-7.0443e-003
43	-1.309e-002
44	-15.405
45	2.5391e-002
46	4.0304e-002
47	-7.4431e-003
48	-0.35458
49	-7.2976e-002
50	0.31009
51	-0.46086
52	-8.7291
53	-15.895
54	-18.907
55	-19.133
56	-18.661
57	-18.081
58	-17.459
59	-16.767
60	-16.075
61	-15.412
62	-15.457
63	-15.498
64	-15.571
65	-15.657
66	-15.726
67	-1.7997e-002
68	-1.0887e-002
69	8.1311e-003
70	2.2672e-002
71	-1.281e-002
72	1.0945e-002
73	2.675e-002
74	-15.419
75	4.1339e-002
76	-0.12276
77	-0.87703
78	1.1083
79	-2.5907
80	-13.513
81	-19.013
82	-19.003
83	-18.234
84	-17.356
85	-16.372
86	-15.444
87	-15.504
88	-15.6
89	-15.721
90	-18.3
91	0.60823
92	-0.4689
93	-18.303
94	-0.15792
95	-4.7886
96	-18.735
97	4.9376e-002
98	-19.753
99	-16.987
100	0.90783
101	-11.567
102	-19.498
103	-16.971
104	-7.1843e-002
105	-18.783
106	-13.875
107	-0.50362
108	1.9121
109	-18.566
110	-1.9702e-002
111	-16.306
112	-17.665
113	-3.6727e-002
114	-19.575
115	0.29864
116	-3.61e-002
117	-17.133
118	-7.9737
119	-6.2795
120	4.1237e-002
121	-16.665
122	-19.666
123	-18.199
124	-6.049e-002
125	-19.141
126	-19.379
127	-17.715
128	-1.3716
129	0.38066
130	2.2648e-003
131	-16.355
132	-19.237
133	0.50684
134	-0.24975
135	-18.936
136	0.
137	0.
138	0.
139	0.
140	-4.0663e-002
141	-7.874e-002
142	-0.11389
143	-0.12654
144	-0.10478
145	-8.1172e-002
146	0.
147	0.
148	-9.1626e-002
149	-0.20396
150	-0.20224
151	-0.17485
152	-0.12558
153	-6.0258e-002
154	0.
155	0.
156	0.
157	0.
158	0.
159	0.
160	0.
161	0.
162	0.
163	0.
164	0.
165	0.
166	5.903e-004
167	1.0737e-003
168	1.5927e-003
169	1.5253e-003
170	1.1696e-003
171	5.5994e-004
172	0.
173	0.
174	0.
175	0.
176	0.
177	0.
178	0.
179	0.
180	0.
181	0.
182	0.
183	0.
184	0.
185	-8.7135e-002
186	-0.12464
187	-0.27499
188	-0.24791
189	-0.58195
190	-0.16582
191	0.
192	-9.6117e-002
193	-5.1273e-002
194	-0.20552
195	-0.18621
196	-6.6817e-002
197	-3.3684e-002
198	0.
199	0.
200	0.
201	0.
202	0.
203	0.
204	0.
205	0.
206	0.
207	0.
208	0.
209	0.
210	0.
211	0.
212	0.
213	0.
214	0.
215	0.
216	0.
217	0.
218	0.
219	0.
220	0.
221	0.
222	0.
223	0.
224	0.
225	0.
226	0.
227	0.
228	0.
229	0.
230	0.
231	6.6617e-004
232	8.1517e-004
233	4.9212e-004
234	2.1381e-004
235	1.0574e-003
236	2.0403e-003
237	0.
238	0.
239	0.
240	5.7574e-004
241	9.6803e-004
242	1.5387e-003
243	1.5718e-003
244	1.2795e-003
245	6.1511e-004
246	0.
247	0.
248	1.9443e-003
249	-2.7794e-003
250	1.1381e-003
251	1.8946e-003
252	-7.6384e-002
253	1.2228e-003
254	-3.129e-003
255	-1.5721e-002
256	3.8874e-002
257	-5.3769e-003
258	-4.9864e-003
259	-2.2113e-002
260	-1.8383e-002
261	1.646e-003
262	-2.8878e-002
263	-6.4421e-004
264	1.5283e-003
265	-3.7173e-002
266	-3.3506e-003
267	1.5913e-003
268	-1.0298e-002
269	-5.2521e-002
270	1.5123e-003
271	-8.3854e-002
272	1.0178e-003
273	-2.6469e-002
274	-3.6779e-002
275	0.
276	-0.23104
277	1.1662e-003
278	-9.3545e-003
279	0.
280	-6.9229e-002
281	-3.1211e-002
282	-0.20213
283	-9.0333e-002
284	-1.0014e-002
285	-6.209e-003
286	8.041e-004
287	-3.7818e-003
288	-0.12504
289	-21.932
290	-21.992
291	-21.992
292	-21.992
293	-21.992
294	-21.992
295	-21.992
296	-21.992
297	-21.992
298	-21.83
299	-21.862
300	-21.856
301	-21.851
302	-21.897
303	-21.907
304	-21.923
305	-21.992
306	-21.992
307	-21.992
308	-21.992
309	-21.992
310	-21.992
311	-21.992
312	-21.992
313	-21.992
314	-21.992
315	-21.992
316	-21.992
317	-21.992
318	-21.992
319	-21.992
320	-21.992
321	-21.992
322	-21.992
323	-21.658
324	-21.85
325	-21.764
326	-21.598
327	-21.822
328	-21.782
329	-21.751
330	-21.65
331	-21.627
332	-21.634
333	-21.326
334	-21.445
335	-21.367
336	-21.415
337	-21.482
338	-21.542
339	-21.576
340	-21.622
341	-20.792
342	-20.801
343	-20.832
344	-20.884
345	-20.952
346	-21.019
347	-21.101
348	-21.185
349	-21.284
350	-21.395
351	-21.525
352	-20.782
353	-20.781
354	-21.992
355	-21.992
356	-21.993
357	-21.994
358	-21.995
359	-21.999
360	-21.936
361	-21.845
362	-21.721
363	-21.575
364	-21.435
365	-21.318
366	-21.213
367	-21.117
368	-21.038
369	-20.959
370	-20.889
371	-20.836
372	-20.807
373	-20.399
374	-21.181
375	-21.046
376	-20.927
377	-20.814
378	-20.715
379	-20.626
380	-20.551
381	-20.503
382	-20.443
383	-20.414
384	-20.731
385	-20.675
386	-20.617
387	-20.561
388	-20.505
389	-20.452
390	-21.973
391	-20.366
392	-21.153
393	-21.987
394	-21.99
395	-21.99
396	-21.992
397	-21.993
398	-21.992
399	-21.148
400	-21.003
401	-21.279
402	-21.57
403	-22.004
404	-20.485
405	-21.999
406	-21.988
407	-21.994
408	-21.218
409	-21.848
410	-20.658
411	-21.094
412	-21.056
413	-20.77
414	-20.911
415	-20.795
416	-21.289
417	-20.576
418	-20.667
419	-21.276
420	-20.942
421	-20.533
422	-21.285
423	-20.898
424	-21.992
425	-21.992
426	-21.992
427	-21.992
428	-21.992
429	-21.992
430	-20.601
431	-20.987
432	-22.029
433	-22.022
434	-21.755
435	-21.253
436	-21.46
437	-21.651
438	-20.728
439	-21.841
440	-21.24
441	-21.565
442	-21.654
