Node Number	Directional Deformation (mm)
1	-4.2367e-003
2	-8.3718e-003
3	-5.0927
4	-6.4906
5	-7.9128
6	-9.3591
7	-10.809
8	-12.069
9	-13.273
10	-13.443
11	-12.691
12	-6.8043
13	-0.95727
14	0.47623
15	-0.3342
16	-4.8698e-003
17	1.0647e-002
18	-1.1066e-002
19	-1.5969e-002
20	-5.1478
21	-1.7967e-002
22	-1.0187e-002
23	4.9131e-003
24	-2.5836e-002
25	-0.31159
26	-7.4704e-002
27	-1.118
28	-8.4562
29	-12.972
30	-13.545
31	-13.258
32	-12.142
33	-10.853
34	-9.393
35	-7.9449
36	-6.5309
37	-3.0119e-002
38	-2.3088e-003
39	7.5254e-003
40	-3.8038e-003
41	-7.0224e-003
42	-1.3257e-002
43	-1.7584e-002
44	-4.9594
45	1.0047e-002
46	5.0215e-002
47	8.8383e-002
48	-0.17799
49	-0.15929
50	0.26783
51	0.5437
52	-6.1476
53	-11.641
54	-13.41
55	-12.684
56	-11.419
57	-10.106
58	-8.8227
59	-7.4938
60	-6.2021
61	-4.9086
62	-4.9084
63	-4.9022
64	-4.9233
65	-4.9743
66	-5.0222
67	-3.2462e-002
68	-2.0732e-002
69	-1.6932e-003
70	4.6875e-003
71	-1.7114e-002
72	6.7664e-003
73	7.9818e-003
74	-4.9942
75	3.9607e-002
76	-3.281e-002
77	-0.74526
78	1.015
79	-1.2863
80	-9.7637
81	-13.544
82	-12.293
83	-10.454
84	-8.6297
85	-6.7617
86	-4.9462
87	-4.941
88	-4.9709
89	-5.0464
90	-9.9819
91	0.8119
92	-0.43091
93	-13.339
94	-0.10788
95	-3.4703
96	-11.146
97	6.8575e-002
98	-14.375
99	-7.6613
100	0.38649
101	-8.6231
102	-12.774
103	-7.4271
104	-0.11555
105	-11.275
106	-10.498
107	-0.4223
108	1.5904
109	-10.562
110	-0.264
111	-11.938
112	-8.9098
113	2.6291e-002
114	-13.543
115	0.63278
116	6.8693e-003
117	-7.742
118	-5.6578
119	-4.2863
120	3.6919e-002
121	-7.162
122	-13.482
123	-10.143
124	-4.5707e-002
125	-14.009
126	-12.76
127	-13.556
128	-0.45468
129	0.21911
130	3.5508e-003
131	-6.436
132	-12.494
133	0.72996
134	-0.48041
135	-11.465
136	0.
137	0.
138	0.
139	0.
140	-5.1396e-003
141	-1.0519e-002
142	-1.4624e-002
143	-1.5416e-002
144	-1.1827e-002
145	-1.0258e-002
146	0.
147	0.
148	-9.0963e-003
149	-2.5817e-002
150	-2.5241e-002
151	-2.2536e-002
152	-1.3698e-002
153	-6.3703e-003
154	0.
155	0.
156	0.
157	0.
158	0.
159	0.
160	0.
161	0.
162	0.
163	0.
164	0.
165	0.
166	1.0254e-004
167	1.7862e-004
168	2.5452e-004
169	2.4083e-004
170	1.8166e-004
171	9.566e-005
172	0.
173	0.
174	0.
175	0.
176	0.
177	0.
178	0.
179	0.
180	0.
181	0.
182	0.
183	0.
184	0.
185	-6.6636e-003
186	-8.1052e-003
187	-9.1796e-002
188	-3.0616e-002
189	-9.4472e-002
190	-2.3511e-002
191	0.
192	1.8095e-002
193	8.0351e-002
194	5.3983e-002
195	-7.665e-003
196	3.8764e-002
197	1.5813e-002
198	0.
199	0.
200	0.
201	0.
202	0.
203	0.
204	0.
205	0.
206	0.
207	0.
208	0.
209	0.
210	0.
211	0.
212	0.
213	0.
214	0.
215	0.
216	0.
217	0.
218	0.
219	0.
220	0.
221	0.
222	0.
223	0.
224	0.
225	0.
226	0.
227	0.
228	0.
229	0.
230	0.
231	2.7834e-004
232	7.5874e-004
233	6.1243e-004
234	6.4181e-004
235	9.5195e-004
236	1.1849e-003
237	0.
238	0.
239	0.
240	9.0308e-005
241	1.5922e-004
242	2.4735e-004
243	2.4743e-004
244	1.9403e-004
245	9.1352e-005
246	0.
247	0.
248	2.8197e-004
249	-7.2519e-004
250	1.5175e-004
251	1.7023e-004
252	-1.2625e-002
253	-6.364e-006
254	-4.5197e-003
255	-8.214e-003
256	3.5365e-003
257	-1.6033e-003
258	-2.3252e-003
259	-7.1599e-003
260	3.1209e-003
261	1.4755e-004
262	-4.9574e-003
263	-2.6163e-004
264	1.9408e-004
265	-6.3692e-003
266	-7.7666e-004
267	2.2581e-004
268	-2.0959e-003
269	-8.4629e-003
270	2.2649e-004
271	-1.1974e-002
272	1.3986e-004
273	-4.3658e-003
274	-3.2638e-003
275	0.
276	-1.5406e-002
277	1.4913e-004
278	-2.0302e-003
279	0.
280	-8.3464e-004
281	4.3448e-003
282	1.1972e-002
283	-6.8779e-003
284	-3.6077e-003
285	-2.7007e-003
286	1.2349e-004
287	-6.434e-004
288	-4.4951e-003
289	-10.338
290	-10.338
291	-10.338
292	-10.338
293	-10.338
294	-10.338
295	-10.338
296	-10.338
297	-10.338
298	-10.336
299	-10.336
300	-10.336
301	-10.337
302	-10.337
303	-10.337
304	-10.338
305	-10.338
306	-10.338
307	-10.338
308	-10.338
309	-10.338
310	-10.338
311	-10.338
312	-10.338
313	-10.338
314	-10.338
315	-10.338
316	-10.338
317	-10.338
318	-10.338
319	-10.338
320	-10.338
321	-10.338
322	-10.338
323	-10.331
324	-10.336
325	-10.334
326	-10.332
327	-10.335
328	-10.335
329	-10.335
330	-10.334
331	-10.334
332	-10.333
333	-10.326
334	-10.329
335	-10.327
336	-10.328
337	-10.328
338	-10.329
339	-10.33
340	-10.33
341	-10.299
342	-10.3
343	-10.301
344	-10.303
345	-10.306
346	-10.309
347	-10.313
348	-10.316
349	-10.32
350	-10.323
351	-10.327
352	-10.299
353	-10.299
354	-10.338
355	-10.338
356	-10.338
357	-10.338
358	-10.338
359	-10.338
360	-10.338
361	-10.336
362	-10.333
363	-10.328
364	-10.324
365	-10.321
366	-10.317
367	-10.314
368	-10.31
369	-10.307
370	-10.304
371	-10.301
372	-10.3
373	-10.288
374	-10.322
375	-10.317
376	-10.312
377	-10.307
378	-10.302
379	-10.297
380	-10.294
381	-10.292
382	-10.289
383	-10.288
384	-10.297
385	-10.296
386	-10.294
387	-10.292
388	-10.291
389	-10.289
390	-10.338
391	-10.286
392	-10.322
393	-10.338
394	-10.338
395	-10.338
396	-10.338
397	-10.338
398	-10.338
399	-10.321
400	-10.316
401	-10.325
402	-10.331
403	-10.339
404	-10.291
405	-10.338
406	-10.338
407	-10.338
408	-10.318
409	-10.336
410	-10.297
411	-10.314
412	-10.315
413	-10.3
414	-10.307
415	-10.304
416	-10.322
417	-10.293
418	-10.296
419	-10.322
420	-10.31
421	-10.292
422	-10.32
423	-10.309
424	-10.338
425	-10.338
426	-10.338
427	-10.338
428	-10.338
429	-10.338
430	-10.297
431	-10.313
432	-10.339
433	-10.339
434	-10.334
435	-10.322
436	-10.33
437	-10.332
438	-10.297
439	-10.336
440	-10.319
441	-10.329
442	-10.333
