Node Number	Directional Deformation (mm)
1	-1.0975e-002
2	-1.4905e-002
3	-12.956
4	-13.532
5	-14.143
6	-14.788
7	-15.473
8	-15.984
9	-16.444
10	-15.896
11	-14.406
12	-7.7295
13	-1.1919
14	0.59458
15	-0.33864
16	-1.025e-002
17	8.3e-003
18	-1.0796e-002
19	-1.7546e-002
20	-12.985
21	-1.7726e-002
22	-9.3427e-003
23	3.0424e-004
24	-2.3279e-002
25	-0.30806
26	4.3222e-003
27	-1.4021
28	-9.5201
29	-14.77
30	-16.025
31	-16.427
32	-16.037
33	-15.492
34	-14.794
35	-14.147
36	-13.546
37	-3.3935e-002
38	2.9487e-003
39	1.0501e-002
40	-1.5744e-003
41	-3.8459e-003
42	-1.3693e-002
43	-1.9651e-002
44	-12.914
45	1.8594e-002
46	5.8798e-002
47	6.1883e-002
48	-0.23936
49	-9.5975e-002
50	0.33266
51	0.17431
52	-7.2142
53	-13.488
54	-16.026
55	-16.038
56	-15.509
57	-14.941
58	-14.425
59	-13.874
60	-13.368
61	-12.857
62	-12.853
63	-12.842
64	-12.847
65	-12.877
66	-12.902
67	-3.1042e-002
68	-2.1008e-002
69	-4.7568e-004
70	1.1341e-002
71	-1.5812e-002
72	8.003e-003
73	1.4276e-002
74	-12.927
75	4.7418e-002
76	-5.6903e-002
77	-0.78609
78	1.0939
79	-1.7735
80	-11.353
81	-16.126
82	-15.873
83	-15.077
84	-14.337
85	-13.575
86	-12.867
87	-12.858
88	-12.863
89	-12.909
90	-15.141
91	0.69992
92	-0.43553
93	-15.838
94	-0.11982
95	-4.1139
96	-15.59
97	6.8666e-002
98	-16.973
99	-14.028
100	0.52342
101	-9.9504
102	-16.497
103	-13.94
104	-8.3622e-002
105	-15.659
106	-12.043
107	-0.43977
108	1.6203
109	-15.414
110	-0.20941
111	-13.986
112	-14.608
113	1.2762e-002
114	-16.715
115	0.45799
116	-5.009e-004
117	-14.091
118	-6.7667
119	-5.2364
120	4.2704e-002
121	-13.783
122	-16.706
123	-15.086
124	-4.0897e-002
125	-16.497
126	-16.375
127	-15.556
128	-0.85825
129	0.29451
130	7.5868e-003
131	-13.508
132	-16.139
133	0.61278
134	-0.42598
135	-15.846
136	0.
137	0.
138	0.
139	0.
140	-8.4576e-003
141	-1.7267e-002
142	-2.3831e-002
143	-2.5101e-002
144	-1.9169e-002
145	-1.5207e-002
146	0.
147	0.
148	-1.4903e-002
149	-3.7512e-002
150	-3.9448e-002
151	-3.546e-002
152	-2.3574e-002
153	-1.2022e-002
154	0.
155	0.
156	0.
157	0.
158	0.
159	0.
160	0.
161	0.
162	0.
163	0.
164	0.
165	0.
166	1.6446e-004
167	2.868e-004
168	4.0735e-004
169	3.8566e-004
170	2.8992e-004
171	1.5299e-004
172	0.
173	0.
174	0.
175	0.
176	0.
177	0.
178	0.
179	0.
180	0.
181	0.
182	0.
183	0.
184	0.
185	-2.7634e-002
186	-1.9967e-002
187	-0.12628
188	-4.7816e-002
189	-0.12931
190	-4.2066e-002
191	0.
192	1.5842e-002
193	9.998e-002
194	7.5634e-002
195	-1.7562e-002
196	3.5242e-002
197	1.5991e-002
198	0.
199	0.
200	0.
201	0.
202	0.
203	0.
204	0.
205	0.
206	0.
207	0.
208	0.
209	0.
210	0.
211	0.
212	0.
213	0.
214	0.
215	0.
216	0.
217	0.
218	0.
219	0.
220	0.
221	0.
222	0.
223	0.
224	0.
225	0.
226	0.
227	0.
228	0.
229	0.
230	0.
231	6.4105e-004
232	1.8202e-003
233	1.8746e-003
234	1.8946e-003
235	2.2372e-003
236	2.3796e-003
237	0.
238	0.
239	0.
240	1.4234e-004
241	2.5519e-004
242	3.9603e-004
243	3.9584e-004
244	3.0777e-004
245	1.4351e-004
246	0.
247	0.
248	4.5398e-004
249	-1.1546e-003
250	2.4252e-004
251	2.7235e-004
252	-2.0372e-002
253	-2.6346e-006
254	-4.3672e-003
255	-1.3133e-002
256	1.4013e-002
257	-1.2194e-003
258	-2.7983e-003
259	-1.1058e-002
260	4.776e-003
261	2.4477e-004
262	-7.9437e-003
263	-3.9441e-004
264	3.1745e-004
265	-1.0227e-002
266	-1.2256e-003
267	3.6592e-004
268	-3.3458e-003
269	-1.3686e-002
270	3.6531e-004
271	-1.9342e-002
272	2.2749e-004
273	-7.0611e-003
274	-4.7853e-003
275	0.
276	-2.6956e-002
277	2.3474e-004
278	-3.2553e-003
279	0.
280	-7.7786e-003
281	3.2182e-003
282	1.3717e-002
283	-1.1418e-002
284	-5.115e-003
285	-2.7597e-003
286	1.9602e-004
287	-5.2911e-004
288	-1.6034e-002
289	-18.227
290	-18.233
291	-18.233
292	-18.233
293	-18.233
294	-18.233
295	-18.233
296	-18.233
297	-18.233
298	-18.223
299	-18.226
300	-18.226
301	-18.226
302	-18.228
303	-18.228
304	-18.228
305	-18.233
306	-18.233
307	-18.233
308	-18.233
309	-18.233
310	-18.233
311	-18.233
312	-18.233
313	-18.233
314	-18.233
315	-18.233
316	-18.233
317	-18.233
318	-18.233
319	-18.233
320	-18.233
321	-18.233
322	-18.233
323	-18.189
324	-18.216
325	-18.204
326	-18.211
327	-18.216
328	-18.217
329	-18.217
330	-18.216
331	-18.216
332	-18.214
333	-18.189
334	-18.201
335	-18.189
336	-18.189
337	-18.19
338	-18.191
339	-18.19
340	-18.19
341	-18.032
342	-18.034
343	-18.04
344	-18.051
345	-18.065
346	-18.08
347	-18.097
348	-18.114
349	-18.132
350	-18.151
351	-18.17
352	-18.031
353	-18.03
354	-18.233
355	-18.233
356	-18.233
357	-18.233
358	-18.233
359	-18.233
360	-18.228
361	-18.215
362	-18.198
363	-18.178
364	-18.157
365	-18.138
366	-18.119
367	-18.101
368	-18.084
369	-18.067
370	-18.052
371	-18.041
372	-18.035
373	-18.029
374	-18.171
375	-18.152
376	-18.132
377	-18.112
378	-18.092
379	-18.073
380	-18.058
381	-18.05
382	-18.038
383	-18.032
384	-18.031
385	-18.031
386	-18.03
387	-18.029
388	-18.029
389	-18.029
390	-18.232
391	-18.023
392	-18.171
393	-18.233
394	-18.233
395	-18.233
396	-18.233
397	-18.233
398	-18.233
399	-18.169
400	-18.147
401	-18.186
402	-18.205
403	-18.234
404	-18.047
405	-18.234
406	-18.233
407	-18.233
408	-18.138
409	-18.224
410	-18.057
411	-18.117
412	-18.135
413	-18.05
414	-18.081
415	-18.087
416	-18.156
417	-18.036
418	-18.033
419	-18.167
420	-18.106
421	-18.041
422	-18.143
423	-18.11
424	-18.233
425	-18.233
426	-18.233
427	-18.233
428	-18.233
429	-18.233
430	-18.071
431	-18.124
432	-18.235
433	-18.236
434	-18.206
435	-18.168
436	-18.2
437	-18.207
438	-18.033
439	-18.225
440	-18.13
441	-18.182
442	-18.214
