Node Number	Directional Deformation (mm)
1	-7.3708e-003
2	-1.0024e-002
3	-14.525
4	-15.074
5	-15.651
6	-16.252
7	-16.854
8	-17.246
9	-17.579
10	-16.861
11	-15.172
12	-8.1785
13	-1.3463
14	0.68544
15	-0.39908
16	-6.3425e-002
17	-8.8576e-003
18	-5.6812e-003
19	-7.0467e-003
20	-14.553
21	-2.7631e-003
22	-3.9839e-003
23	-2.175e-002
24	-6.4182e-002
25	-0.35932
26	5.1194e-002
27	-1.5947
28	-10.046
29	-15.568
30	-17.001
31	-17.563
32	-17.3
33	-16.872
34	-16.257
35	-15.655
36	-15.088
37	-1.5221e-002
38	2.9192e-002
39	2.4712e-002
40	8.6958e-003
41	1.099e-002
42	-2.5727e-005
43	-5.6177e-003
44	-14.157
45	3.1456e-002
46	3.0034e-002
47	-4.1377e-002
48	-0.42803
49	-0.15951
50	0.41549
51	0.13847
52	-7.4366
53	-14.019
54	-16.807
55	-16.976
56	-16.543
57	-16.05
58	-15.58
59	-15.069
60	-14.59
61	-14.146
62	-14.185
63	-14.218
64	-14.27
65	-14.348
66	-14.422
67	-3.8021e-003
68	-1.2384e-003
69	1.6051e-002
70	3.0433e-002
71	-7.4434e-003
72	1.9272e-002
73	4.0192e-002
74	-14.168
75	4.1633e-002
76	-0.1574
77	-0.95378
78	1.1054
79	-1.8537
80	-11.76
81	-16.906
82	-16.848
83	-16.171
84	-15.5
85	-14.788
86	-14.173
87	-14.224
88	-14.295
89	-14.408
90	-16.482
91	0.84588
92	-0.50816
93	-16.745
94	-0.18475
95	-3.8589
96	-16.718
97	3.8595e-002
98	-17.768
99	-15.328
100	0.92856
101	-10.467
102	-17.658
103	-15.39
104	-0.10728
105	-16.797
106	-12.616
107	-0.51918
108	2.2462
109	-16.713
110	-4.7392e-002
111	-14.519
112	-15.884
113	-6.8593e-002
114	-17.758
115	0.58587
116	-5.4709e-002
117	-15.505
118	-6.8696
119	-5.1231
120	4.0778e-002
121	-15.044
122	-17.63
123	-16.231
124	-8.6898e-002
125	-17.318
126	-17.44
127	-16.362
128	-1.0186
129	0.39725
130	-2.8553e-003
131	-14.861
132	-17.137
133	0.79957
134	-0.28727
135	-17.142
136	0.
137	0.
138	0.
139	0.
140	-2.9506e-002
141	-5.7096e-002
142	-8.2655e-002
143	-9.2373e-002
144	-7.6732e-002
145	-6.2759e-002
146	0.
147	0.
148	-6.8606e-002
149	-0.16095
150	-0.14832
151	-0.12558
152	-8.9106e-002
153	-4.2887e-002
154	0.
155	0.
156	0.
157	0.
158	0.
159	0.
160	0.
161	0.
162	0.
163	0.
164	0.
165	0.
166	4.3245e-004
167	7.8483e-004
168	1.1616e-003
169	1.1118e-003
170	8.5269e-004
171	4.0917e-004
172	0.
173	0.
174	0.
175	0.
176	0.
177	0.
178	0.
179	0.
180	0.
181	0.
182	0.
183	0.
184	0.
185	-5.2126e-002
186	-8.1898e-002
187	-0.19437
188	-0.17683
189	-0.50816
190	-0.11441
191	0.
192	-5.1109e-002
193	5.1669e-003
194	-0.14539
195	-0.11574
196	-2.4008e-002
197	-1.4521e-002
198	0.
199	0.
200	0.
201	0.
202	0.
203	0.
204	0.
205	0.
206	0.
207	0.
208	0.
209	0.
210	0.
211	0.
212	0.
213	0.
214	0.
215	0.
216	0.
217	0.
218	0.
219	0.
220	0.
221	0.
222	0.
223	0.
224	0.
225	0.
226	0.
227	0.
228	0.
229	0.
230	0.
231	1.7143e-003
232	1.8816e-003
233	1.5557e-003
234	1.5421e-003
235	2.1206e-003
236	2.696e-003
237	0.
238	0.
239	0.
240	4.2027e-004
241	7.0706e-004
242	1.123e-003
243	1.1458e-003
244	9.3215e-004
245	4.4833e-004
246	0.
247	0.
248	1.4178e-003
249	-2.0489e-003
250	8.3122e-004
251	1.3766e-003
252	-5.6057e-002
253	8.7397e-004
254	-2.9948e-003
255	-4.0541e-003
256	3.195e-002
257	-6.2378e-003
258	-5.1444e-003
259	-1.5059e-002
260	-7.226e-003
261	1.1962e-003
262	-2.119e-002
263	-4.9515e-004
264	1.1115e-003
265	-2.7263e-002
266	-2.4543e-003
267	1.1623e-003
268	-7.5616e-003
269	-3.8432e-002
270	1.1033e-003
271	-6.1384e-002
272	7.4431e-004
273	-1.9304e-002
274	-2.2985e-002
275	0.
276	-0.16642
277	8.4962e-004
278	-6.878e-003
279	0.
280	-4.414e-002
281	-1.4611e-002
282	-0.14898
283	-6.6736e-002
284	-7.5899e-003
285	-3.8488e-003
286	5.8741e-004
287	-3.6726e-003
288	-8.0884e-002
289	-20.269
290	-20.301
291	-20.301
292	-20.301
293	-20.301
294	-20.301
295	-20.301
296	-20.301
297	-20.301
298	-20.197
299	-20.217
300	-20.21
301	-20.207
302	-20.242
303	-20.249
304	-20.262
305	-20.301
306	-20.301
307	-20.301
308	-20.301
309	-20.301
310	-20.301
311	-20.301
312	-20.301
313	-20.301
314	-20.301
315	-20.301
316	-20.301
317	-20.301
318	-20.301
319	-20.301
320	-20.301
321	-20.301
322	-20.301
323	-20.084
324	-20.217
325	-20.158
326	-20.062
327	-20.201
328	-20.179
329	-20.149
330	-20.064
331	-20.056
332	-20.075
333	-19.863
334	-19.954
335	-19.886
336	-19.914
337	-19.956
338	-19.999
339	-20.025
340	-20.057
341	-19.45
342	-19.457
343	-19.48
344	-19.519
345	-19.57
346	-19.621
347	-19.682
348	-19.744
349	-19.816
350	-19.897
351	-19.99
352	-19.443
353	-19.442
354	-20.301
355	-20.301
356	-20.301
357	-20.302
358	-20.303
359	-20.305
360	-20.266
361	-20.211
362	-20.13
363	-20.027
364	-19.927
365	-19.842
366	-19.765
367	-19.695
368	-19.635
369	-19.576
370	-19.523
371	-19.483
372	-19.461
373	-19.178
374	-19.759
375	-19.663
376	-19.576
377	-19.491
378	-19.416
379	-19.346
380	-19.291
381	-19.256
382	-19.21
383	-19.189
384	-19.407
385	-19.368
386	-19.328
387	-19.289
388	-19.251
389	-19.214
390	-20.288
391	-19.154
392	-19.744
393	-20.297
394	-20.299
395	-20.299
396	-20.301
397	-20.301
398	-20.301
399	-19.739
400	-19.634
401	-19.833
402	-20.023
403	-20.309
404	-19.243
405	-20.305
406	-20.298
407	-20.301
408	-19.772
409	-20.206
410	-19.365
411	-19.683
412	-19.662
413	-19.44
414	-19.547
415	-19.469
416	-19.824
417	-19.302
418	-19.364
419	-19.817
420	-19.577
421	-19.274
422	-19.819
423	-19.548
424	-20.301
425	-20.301
426	-20.301
427	-20.301
428	-20.301
429	-20.301
430	-19.331
431	-19.614
432	-20.325
433	-20.32
434	-20.153
435	-19.803
436	-19.952
437	-20.073
438	-19.406
439	-20.201
440	-19.786
441	-20.018
442	-20.077
