Node Number	Directional Deformation (mm)
1	-8.3086e-003
2	-9.8698e-003
3	-14.086
4	-15.322
5	-16.541
6	-17.746
7	-18.833
8	-19.48
9	-20.088
10	-19.393
11	-17.408
12	-9.2465
13	-1.4908
14	1.2584
15	-0.26741
16	-1.8244e-002
17	-6.707e-003
18	-1.4804e-003
19	-5.5608e-003
20	-14.136
21	1.9804e-003
22	1.3351e-003
23	-1.9505e-002
24	-8.6162e-003
25	-0.2167
26	0.41329
27	-1.8683
28	-11.468
29	-17.885
30	-19.525
31	-20.063
32	-19.55
33	-18.862
34	-17.765
35	-16.562
36	-15.36
37	-1.9886e-002
38	2.2687e-002
39	3.2587e-003
40	-2.0025e-002
41	-1.3744e-002
42	-1.6954e-002
43	-1.2214e-002
44	-13.436
45	2.8202e-002
46	9.7045e-003
47	-0.10284
48	-0.47282
49	0.18466
50	0.58963
51	-0.68514
52	-9.562
53	-17.127
54	-20.098
55	-19.974
56	-19.124
57	-18.129
58	-17.073
59	-15.875
60	-14.653
61	-13.519
62	-13.644
63	-13.751
64	-13.865
65	-13.956
66	-14.014
67	-7.3412e-003
68	-4.038e-003
69	-1.8447e-003
70	6.3561e-003
71	-3.5478e-002
72	-5.3553e-003
73	3.0513e-002
74	-13.468
75	2.7419e-002
76	-0.21351
77	-0.87821
78	1.3941
79	-2.9963
80	-14.687
81	-20.237
82	-19.722
83	-18.392
84	-16.906
85	-15.194
86	-13.602
87	-13.767
88	-13.917
89	-14.033
90	-18.446
91	0.11873
92	-0.60928
93	-19.759
94	-0.24255
95	-6.0409
96	-19.338
97	-2.2766e-002
98	-21.579
99	-16.313
100	0.79459
101	-12.96
102	-20.53
103	-16.196
104	-7.4014e-002
105	-19.438
106	-15.439
107	-0.66813
108	1.4122
109	-18.914
110	-4.094e-002
111	-18.011
112	-17.451
113	-0.17464
114	-20.925
115	-0.29136
116	-0.10877
117	-16.481
118	-9.4788
119	-7.6272
120	7.7862e-003
121	-15.726
122	-21.095
123	-18.381
124	-0.11183
125	-20.894
126	-20.509
127	-19.266
128	-1.5774
129	0.47117
130	-4.6134e-002
131	-15.215
132	-20.183
133	0.31551
134	-0.22628
135	-19.498
136	0.
137	0.
138	0.
139	0.
140	-0.19815
141	-0.38548
142	-0.54575
143	-0.58933
144	-0.47475
145	-0.32385
146	0.
147	0.
148	-0.38301
149	-0.75406
150	-0.80642
151	-0.73522
152	-0.56384
153	-0.33018
154	0.
155	0.
156	0.
157	0.
158	0.
159	0.
160	0.
161	0.
162	0.
163	0.
164	0.
165	0.
166	3.7964e-003
167	6.7173e-003
168	9.7426e-003
169	9.2491e-003
170	6.9627e-003
171	3.6125e-003
172	0.
173	0.
174	0.
175	0.
176	0.
177	0.
178	0.
179	0.
180	0.
181	0.
182	0.
183	0.
184	0.
185	-0.9455
186	-0.62414
187	-0.87182
188	-0.91293
189	-1.6634
190	-0.79956
191	0.
192	-0.65403
193	-0.66265
194	-1.0254
195	-0.78081
196	-0.48097
197	-0.49179
198	0.
199	0.
200	0.
201	0.
202	0.
203	0.
204	0.
205	0.
206	0.
207	0.
208	0.
209	0.
210	0.
211	0.
212	0.
213	0.
214	0.
215	0.
216	0.
217	0.
218	0.
219	0.
220	0.
221	0.
222	0.
223	0.
224	0.
225	0.
226	0.
227	0.
228	0.
229	0.
230	0.
231	-5.8958e-003
232	-1.4403e-002
233	-2.3254e-002
234	-2.5477e-002
235	-1.4186e-002
236	-8.8461e-005
237	0.
238	0.
239	0.
240	3.4273e-003
241	6.0103e-003
242	9.409e-003
243	9.5001e-003
244	7.4869e-003
245	3.5127e-003
246	0.
247	0.
248	1.0776e-002
249	-2.7295e-002
250	5.6608e-003
251	6.6054e-003
252	-0.45152
253	8.3151e-004
254	-7.1536e-002
255	-0.14957
256	-2.1179e-002
257	-4.7431e-002
258	-4.0191e-002
259	-9.4783e-002
260	-0.13676
261	5.6674e-003
262	-0.1796
263	-8.3065e-003
264	7.6524e-003
265	-0.23413
266	-2.9943e-002
267	8.4532e-003
268	-7.6799e-002
269	-0.32306
270	8.6431e-003
271	-0.47514
272	5.1458e-003
273	-0.17383
274	-0.21239
275	0.
276	-0.99064
277	5.8052e-003
278	-7.3807e-002
279	0.
280	-0.46161
281	-0.19133
282	-0.8688
283	-0.38988
284	-5.1532e-002
285	-7.2164e-002
286	4.6691e-003
287	-2.8143e-002
288	-0.64121
289	-23.962
290	-25.
291	-25.
292	-25.
293	-25.
294	-25.
295	-25.
296	-25.
297	-25.
298	-24.306
299	-24.395
300	-24.352
301	-24.309
302	-24.461
303	-24.415
304	-24.25
305	-25.
306	-25.
307	-25.
308	-25.
309	-25.
310	-25.
311	-25.
312	-25.
313	-25.
314	-25.
315	-25.
316	-25.
317	-25.
318	-25.
319	-25.
320	-25.
321	-25.
322	-25.
323	-22.575
324	-23.376
325	-23.072
326	-23.361
327	-23.592
328	-23.666
329	-23.711
330	-23.25
331	-23.257
332	-23.452
333	-22.204
334	-22.8
335	-22.26
336	-22.333
337	-22.523
338	-22.665
339	-22.622
340	-22.63
341	-18.475
342	-18.517
343	-18.663
344	-18.909
345	-19.234
346	-19.56
347	-19.953
348	-20.356
349	-20.83
350	-21.344
351	-21.963
352	-18.427
353	-18.422
354	-24.999
355	-24.999
356	-25.
357	-25.007
358	-25.006
359	-24.981
360	-24.427
361	-23.595
362	-22.919
363	-22.204
364	-21.534
365	-20.985
366	-20.498
367	-20.041
368	-19.657
369	-19.275
370	-18.936
371	-18.682
372	-18.539
373	-17.904
374	-21.536
375	-20.916
376	-20.366
377	-19.84
378	-19.382
379	-18.968
380	-18.617
381	-18.389
382	-18.104
383	-17.973
384	-18.367
385	-18.288
386	-18.199
387	-18.119
388	-18.037
389	-17.968
390	-24.909
391	-17.761
392	-21.432
393	-24.974
394	-24.989
395	-24.987
396	-24.999
397	-25.001
398	-25.
399	-21.403
400	-20.734
401	-22.02
402	-23.226
403	-25.059
404	-18.309
405	-25.043
406	-24.98
407	-25.006
408	-20.897
409	-24.121
410	-18.708
411	-20.3
412	-20.577
413	-18.737
414	-19.429
415	-19.367
416	-21.4
417	-18.238
418	-18.324
419	-21.623
420	-19.854
421	-18.281
422	-21.086
423	-19.872
424	-25.
425	-25.
426	-25.
427	-25.
428	-25.
429	-25.
430	-18.87
431	-20.198
432	-25.169
433	-25.148
434	-23.249
435	-21.605
436	-22.675
437	-23.257
438	-18.392
439	-24.297
440	-20.747
441	-22.395
442	-23.399
