Node Number	Equivalent (von-Mises) Stress (MPa)
1	9.669e-012
2	6.3152e-012
3	1.1576e-013
4	1.7327e-013
5	2.6961e-013
6	2.9359e-013
7	4.4739e-013
8	8.9053e-013
9	1.0344e-012
10	6.0485e-013
11	2.4379e-012
12	2.374e-012
13	3.3611e-012
14	6.9188e-012
15	8.3034e-012
16	9.9196e-012
17	4.3876e-012
18	1.1963e-011
19	8.0725e-012
20	8.2727e-014
21	4.6315e-012
22	1.1364e-011
23	4.5912e-012
24	8.0076e-012
25	8.1636e-012
26	3.3171e-012
27	3.4638e-012
28	4.2867e-012
29	1.8062e-012
30	3.0189e-012
31	5.2278e-013
32	5.3865e-013
33	2.4926e-013
34	3.3789e-013
35	2.6426e-013
36	3.8263e-014
37	4.7815e-012
38	2.1417e-012
39	4.0873e-012
40	3.1312e-012
41	4.1604e-012
42	3.4669e-012
43	6.2096e-012
44	1.2206e-014
45	1.8963e-012
46	1.9433e-012
47	2.5716e-012
48	8.2737e-012
49	7.1979e-012
50	8.5429e-012
51	2.4228e-012
52	1.2097e-012
53	9.1022e-013
54	6.3238e-013
55	4.2848e-013
56	1.8479e-013
57	5.661e-013
58	2.4817e-013
59	2.1357e-013
60	4.2647e-014
61	4.9681e-014
62	2.4598e-013
63	1.642e-013
64	2.3053e-014
65	9.6749e-014
66	1.1556e-013
67	2.2902e-012
68	6.2533e-012
69	2.0827e-012
70	3.9978e-012
71	1.6909e-012
72	4.3279e-012
73	2.7532e-012
74	1.1638e-014
75	2.0702e-012
76	2.2467e-012
77	6.6111e-012
78	3.0708e-012
79	2.6446e-012
80	3.0433e-013
81	4.6123e-013
82	2.6045e-013
83	5.8137e-013
84	1.9355e-013
85	3.9919e-014
86	5.7932e-014
87	1.3699e-013
88	1.7242e-013
89	5.4738e-014
90	1.6572e-013
91	1.4279e-012
92	4.2054e-012
93	3.0484e-013
94	2.7743e-012
95	7.331e-013
96	1.4653e-013
97	4.6512e-012
98	2.2909e-013
99	7.336e-014
100	1.7258e-012
101	8.0181e-013
102	1.242e-013
103	2.8608e-014
104	2.8818e-012
105	3.7362e-013
106	2.2507e-012
107	1.1461e-012
108	2.8842e-012
109	3.3415e-013
110	1.8825e-012
111	8.766e-013
112	1.7873e-013
113	3.0128e-012
114	8.6506e-013
115	3.6457e-012
116	1.7096e-012
117	1.1376e-013
118	1.2694e-012
119	1.3337e-012
120	2.3465e-012
121	1.5348e-013
122	7.2464e-013
123	2.6208e-013
124	2.6725e-012
125	5.8666e-013
126	4.4709e-013
127	1.6173e-012
128	3.7836e-012
129	5.6837e-012
130	1.7614e-012
131	1.1877e-013
132	4.1517e-013
133	3.7228e-012
134	5.5882e-012
135	4.6595e-013
136	9.005e-013
137	2.7425e-013
138	2.1487e-013
139	4.8931e-013
140	2.3152e-013
141	3.6647e-013
142	2.8312e-013
143	2.5002e-013
144	2.5497e-013
145	3.7738e-013
146	5.5967e-013
147	5.1108e-013
148	4.5354e-013
149	4.9153e-013
150	5.7162e-013
151	5.8399e-013
152	8.1517e-013
153	1.2427e-012
154	1.3391e-014
155	1.9802e-013
156	1.498e-013
157	8.4025e-014
158	4.5492e-014
159	3.6569e-014
160	2.4395e-014
161	1.9559e-014
162	1.7391e-014
163	1.6986e-014
164	1.3642e-014
165	9.6715e-015
166	8.1942e-015
167	5.7472e-015
168	5.212e-015
169	5.0234e-015
170	7.1613e-015
171	1.1208e-014
172	3.0327e-013
173	1.4333e-013
174	9.2687e-014
175	5.211e-014
176	4.5249e-014
177	1.3672e-014
178	1.2894e-014
179	1.2597e-014
180	1.1525e-014
181	9.7268e-015
182	1.774e-012
183	1.4756e-012
184	5.6159e-013
185	2.2434e-012
186	1.5987e-012
187	1.0569e-012
188	1.1138e-012
189	9.3349e-013
190	5.0069e-013
191	7.4938e-013
192	5.4064e-013
193	8.813e-013
194	1.0477e-012
195	8.88e-013
196	2.1953e-012
197	1.9663e-012
198	8.2406e-013
199	4.7391e-013
200	3.6298e-013
201	3.7203e-013
202	5.5171e-013
203	1.0324e-012
204	2.1971e-013
205	3.3345e-013
206	1.2716e-014
207	1.429e-014
208	1.6986e-014
209	1.8275e-014
210	2.1031e-014
211	3.6162e-014
212	4.4445e-014
213	6.6633e-014
214	1.0952e-013
215	1.6089e-013
216	1.9113e-013
217	2.7253e-013
218	5.185e-013
219	3.5261e-013
220	5.5724e-013
221	6.6753e-013
222	5.1441e-013
223	5.1441e-013
224	3.5562e-013
225	3.8934e-013
226	1.3155e-013
227	2.5668e-013
228	3.7669e-013
229	4.5256e-013
230	5.889e-013
231	3.7399e-013
232	4.1308e-013
233	4.8207e-013
234	6.0658e-013
235	8.503e-013
236	3.6259e-013
237	1.0326e-014
238	3.6426e-013
239	2.799e-013
240	8.1329e-015
241	6.8098e-015
242	5.1464e-015
243	4.5152e-015
244	5.6245e-015
245	1.0641e-014
246	5.9479e-013
247	2.6002e-013
248	5.0178e-015
249	3.1249e-014
250	1.1285e-014
251	1.6334e-014
252	5.5246e-014
253	1.538e-014
254	4.1641e-013
255	5.3561e-013
256	5.9955e-013
257	3.2842e-013
258	4.5369e-013
259	4.5029e-013
260	7.2763e-013
261	9.0129e-015
262	6.7789e-014
263	2.1518e-014
264	9.9189e-015
265	6.0151e-014
266	1.4008e-014
267	4.8781e-015
268	2.6964e-014
269	1.3684e-013
270	6.7211e-015
271	9.1874e-014
272	1.4115e-014
273	1.387e-013
274	4.3017e-013
275	5.3128e-013
276	2.8979e-013
277	1.1773e-014
278	4.5872e-014
279	2.8992e-014
280	1.1866e-012
281	9.0286e-013
282	6.5352e-013
283	5.4435e-013
284	3.2406e-013
285	3.1085e-013
286	9.0118e-015
287	2.0626e-013
288	1.7159e-012
289	0.
290	0.
291	0.
292	0.
293	0.
294	0.
295	0.
296	0.
297	0.
298	0.
299	0.
300	0.
301	0.
302	0.
303	0.
304	0.
305	0.
306	0.
307	0.
308	0.
309	0.
310	0.
311	0.
312	0.
313	0.
314	0.
315	0.
316	0.
317	0.
318	0.
319	0.
320	0.
321	0.
322	0.
323	0.
324	0.
325	0.
326	0.
327	0.
328	0.
329	0.
330	0.
331	0.
332	0.
333	0.
334	0.
335	0.
336	0.
337	0.
338	0.
339	0.
340	0.
341	0.
342	0.
343	0.
344	0.
345	0.
346	0.
347	0.
348	0.
349	0.
350	0.
351	0.
352	0.
353	0.
354	0.
355	0.
356	0.
357	0.
358	0.
359	0.
360	0.
361	0.
362	0.
363	0.
364	0.
365	0.
366	0.
367	0.
368	0.
369	0.
370	0.
371	0.
372	0.
373	0.
374	0.
375	0.
376	0.
377	0.
378	0.
379	0.
380	0.
381	0.
382	0.
383	0.
384	0.
385	0.
386	0.
387	0.
388	0.
389	0.
390	0.
391	0.
392	0.
393	0.
394	0.
395	0.
396	0.
397	0.
398	0.
399	0.
400	0.
401	0.
402	0.
403	0.
404	0.
405	0.
406	0.
407	0.
408	0.
409	0.
410	0.
411	0.
412	0.
413	0.
414	0.
415	0.
416	0.
417	0.
418	0.
419	0.
420	0.
421	0.
422	0.
423	0.
424	0.
425	0.
426	0.
427	0.
428	0.
429	0.
430	0.
431	0.
432	0.
433	0.
434	0.
435	0.
436	0.
437	0.
438	0.
439	0.
440	0.
441	0.
442	0.
