Node Number	Equivalent (von-Mises) Stress (MPa)
1	10.847
2	7.3939
3	0.67148
4	1.2854
5	2.7242
6	2.7117
7	4.6055
8	9.5794
9	8.5222
10	9.2066
11	18.115
12	25.895
13	60.693
14	66.389
15	156.78
16	52.407
17	9.8535
18	5.2694
19	7.8845
20	0.57667
21	2.322
22	5.7797
23	16.165
24	42.028
25	97.537
26	64.984
27	78.707
28	66.709
29	24.916
30	24.778
31	4.6755
32	4.1859
33	2.9511
34	3.7821
35	3.243
36	0.52375
37	24.054
38	6.338
39	5.3905
40	4.8828
41	9.214
42	9.3285
43	8.9073
44	0.50217
45	4.9896
46	45.636
47	39.949
48	129.03
49	180.96
50	151.69
51	60.674
52	90.267
53	16.337
54	10.36
55	7.6607
56	4.5858
57	7.6998
58	1.978
59	2.2572
60	0.65682
61	0.38302
62	2.5967
63	1.7194
64	0.83455
65	1.1102
66	0.97375
67	10.858
68	3.0356
69	4.805
70	7.4856
71	10.499
72	8.0259
73	4.2817
74	0.5234
75	15.263
76	46.407
77	132.71
78	100.97
79	55.983
80	27.49
81	10.867
82	3.7462
83	9.0558
84	3.2198
85	1.0988
86	0.79429
87	2.0159
88	2.4385
89	1.0212
90	2.5751
91	66.083
92	29.786
93	8.2903
94	11.28
95	30.641
96	1.406
97	11.556
98	8.2959
99	0.91771
100	65.938
101	32.271
102	2.5456
103	0.64011
104	54.052
105	6.722
106	11.713
107	46.13
108	57.827
109	4.0007
110	57.296
111	10.286
112	2.9585
113	24.392
114	8.1189
115	115.27
116	11.034
117	1.2464
118	122.23
119	99.469
120	6.3231
121	1.6926
122	11.724
123	3.8716
124	37.236
125	13.299
126	4.1934
127	10.702
128	69.128
129	76.738
130	10.537
131	1.302
132	7.7849
133	45.554
134	99.492
135	4.5104
136	7.8517
137	15.461
138	16.556
139	30.73
140	14.219
141	17.384
142	21.548
143	23.175
144	27.802
145	33.549
146	20.536
147	21.432
148	31.723
149	122.67
150	122.14
151	118.31
152	70.785
153	19.764
154	0.3289
155	13.042
156	10.657
157	7.3778
158	3.7305
159	1.7075
160	0.52636
161	0.43384
162	0.37843
163	0.38749
164	0.29516
165	0.24457
166	0.12645
167	0.14758
168	0.13214
169	0.12342
170	0.16053
171	0.22949
172	19.943
173	11.212
174	7.6467
175	4.0262
176	2.7412
177	0.72423
178	0.3582
179	0.39371
180	0.32667
181	0.22571
182	36.428
183	18.28
184	29.764
185	39.317
186	47.417
187	126.03
188	141.57
189	378.48
190	184.91
191	104.88
192	102.15
193	366.83
194	263.42
195	104.18
196	133.02
197	110.8
198	5.378
199	5.3119
200	6.3758
201	7.508
202	14.605
203	39.038
204	1.2243
205	4.3509
206	0.26945
207	0.36881
208	0.38753
209	0.39157
210	0.4538
211	1.3246
212	1.9789
213	5.5008
214	7.2269
215	10.057
216	11.71
217	14.34
218	15.984
219	8.5131
220	12.409
221	7.7891
222	7.323
223	7.323
224	2.9651
225	3.6102
226	1.975
227	4.1263
228	3.8116
229	4.6041
230	53.151
231	4.6287
232	3.6717
233	4.6036
234	2.7412
235	3.8067
236	2.4572
237	0.35054
238	1.6466
239	14.337
240	0.21821
241	0.15958
242	0.16222
243	0.11462
244	0.13481
245	0.25034
246	52.445
247	3.3759
248	0.19993
249	1.5557
250	0.2281
251	0.28756
252	4.4665
253	0.48809
254	3.0044
255	30.595
256	43.315
257	8.7769
258	3.0664
259	17.225
260	66.25
261	0.41296
262	4.3462
263	0.51155
264	0.36779
265	4.1928
266	0.8768
267	0.15091
268	1.7313
269	8.9209
270	0.15588
271	7.4705
272	0.25036
273	10.068
274	6.6017
275	15.221
276	25.292
277	0.33302
278	2.8277
279	1.1496
280	17.565
281	38.91
282	97.796
283	19.754
284	5.1764
285	2.0701
286	0.20841
287	2.767
288	57.747
289	4.4525e-002
290	5.2689e-002
291	2.7419e-002
292	2.7144e-002
293	6.5086e-003
294	1.2685e-002
295	2.122e-002
296	4.1998e-002
297	4.0615e-002
298	4.3977e-002
299	5.2627e-002
300	5.1455e-002
301	0.10276
302	5.6459e-002
303	1.0788e-002
304	1.2802e-002
305	1.5898e-004
306	2.0207e-003
307	1.7327e-003
308	1.2019e-003
309	1.0696e-004
310	1.3289e-004
311	2.2651e-003
312	8.0837e-004
313	5.8868e-004
314	5.6412e-004
315	2.7259e-004
316	2.4072e-004
317	1.6497e-004
318	1.7383e-002
319	1.5363e-002
320	7.2113e-003
321	2.2651e-003
322	1.9749e-003
323	5.3797e-003
324	1.7065e-002
325	1.1451e-002
326	2.0819e-002
327	1.4948e-002
328	8.9028e-003
329	2.4575e-002
330	0.10584
331	6.1494e-002
332	1.9219e-002
333	1.4302e-002
334	1.6647e-002
335	1.3897e-002
336	2.194e-002
337	2.0886e-002
338	2.5185e-002
339	6.9228e-003
340	6.5946e-003
341	1.657e-003
342	9.8657e-004
343	7.2904e-004
344	5.6756e-004
345	5.0566e-004
346	1.0558e-003
347	9.3415e-004
348	1.0866e-003
349	9.1402e-004
350	9.4919e-004
351	2.3381e-003
352	4.6286e-004
353	4.4102e-004
354	1.3815e-004
355	5.9347e-005
356	4.9714e-004
357	1.2017e-003
358	2.0715e-003
359	8.6475e-003
360	2.4911e-002
361	9.2797e-003
362	4.7705e-003
363	1.7785e-003
364	1.1549e-003
365	8.5581e-004
366	8.4798e-004
367	7.3825e-004
368	8.282e-004
369	4.8137e-004
370	6.7327e-004
371	1.0115e-003
372	4.0504e-004
373	3.038e-003
374	7.7343e-003
375	5.1218e-003
376	2.9498e-003
377	3.8672e-003
378	2.7358e-003
379	2.344e-003
380	2.3834e-003
381	1.8505e-003
382	2.4928e-003
383	2.5099e-003
384	4.5605e-004
385	4.8478e-004
386	7.0126e-004
387	8.5712e-004
388	1.4794e-003
389	2.3715e-003
390	5.0898e-003
391	1.9043e-003
392	2.6667e-003
393	1.7712e-003
394	8.8248e-004
395	7.5428e-004
396	5.2288e-004
397	3.4129e-004
398	1.2968e-004
399	3.7053e-003
400	2.6953e-003
401	7.0011e-003
402	5.4748e-003
403	1.4523e-002
404	2.2698e-003
405	2.3836e-003
406	1.5964e-003
407	5.7216e-004
408	8.3659e-004
409	4.9207e-003
410	1.4525e-003
411	9.4775e-004
412	2.9417e-003
413	3.5778e-004
414	4.7869e-004
415	1.6199e-003
416	4.1408e-003
417	1.3532e-003
418	2.5458e-004
419	1.0993e-002
420	8.8873e-004
421	2.0216e-003
422	1.6519e-003
423	2.4767e-003
424	6.2804e-003
425	6.0079e-004
426	2.6842e-003
427	1.88e-003
428	1.322e-002
429	4.6963e-004
430	2.378e-003
431	1.0005e-003
432	6.7772e-003
433	1.7662e-002
434	7.5782e-003
435	5.6438e-003
436	8.3764e-003
437	2.3382e-002
438	3.1165e-004
439	2.5049e-002
440	7.4822e-004
441	2.1289e-003
442	3.0012e-002
