Node Number	Directional Deformation (mm)
1	1.7008e-016
2	3.8261e-015
3	-3.1798e-015
4	-2.7674e-015
5	-2.3561e-015
6	-1.9422e-015
7	-1.5276e-015
8	-1.1007e-015
9	-6.788e-016
10	-3.0597e-016
11	2.6944e-017
12	2.8262e-016
13	7.0724e-016
14	8.3885e-016
15	1.0501e-015
16	1.7051e-015
17	1.0343e-015
18	-6.8377e-016
19	-1.81e-016
20	-3.2152e-015
21	5.0265e-015
22	5.745e-015
23	4.4484e-015
24	3.3635e-015
25	2.0212e-015
26	1.5026e-015
27	1.03e-015
28	4.4348e-016
29	7.1011e-017
30	-3.4262e-016
31	-7.3682e-016
32	-1.1696e-015
33	-1.5823e-015
34	-1.9913e-015
35	-2.3979e-015
36	-2.8053e-015
37	2.387e-015
38	2.6683e-015
39	2.9302e-015
40	3.0128e-015
41	2.7831e-015
42	1.9422e-015
43	3.1479e-016
44	-3.2021e-015
45	2.0049e-015
46	1.5263e-015
47	1.2323e-015
48	8.4066e-016
49	7.4115e-016
50	7.3723e-016
51	7.6355e-016
52	2.6685e-016
53	-1.8991e-017
54	-4.4008e-016
55	-7.8666e-016
56	-1.1819e-015
57	-1.5764e-015
58	-1.9866e-015
59	-2.3852e-015
60	-2.7937e-015
61	-3.2018e-015
62	-3.1972e-015
63	-3.1914e-015
64	-3.189e-015
65	-3.1839e-015
66	-3.1801e-015
67	2.6217e-015
68	3.6018e-015
69	3.1635e-015
70	2.5537e-015
71	2.5299e-015
72	2.7689e-015
73	2.6518e-015
74	-3.1891e-015
75	1.8938e-015
76	1.3471e-015
77	1.1033e-015
78	1.1255e-015
79	7.3122e-016
80	4.1912e-016
81	-2.5741e-016
82	-7.9203e-016
83	-1.3983e-015
84	-2.0152e-015
85	-2.6079e-015
86	-3.1894e-015
87	-3.1974e-015
88	-3.2109e-015
89	-3.2139e-015
90	-1.8268e-015
91	8.2121e-016
92	1.715e-015
93	-3.5648e-016
94	1.6866e-015
95	6.6633e-016
96	-1.363e-015
97	2.9091e-015
98	-3.2533e-016
99	-2.4002e-015
100	1.1092e-015
101	3.0446e-016
102	-1.0513e-015
103	-2.535e-015
104	2.0093e-015
105	-1.308e-015
106	2.33e-016
107	1.4876e-015
108	1.0453e-015
109	-1.5987e-015
110	1.4004e-015
111	-9.0249e-017
112	-2.0276e-015
113	1.8526e-015
114	-6.4188e-016
115	9.0705e-016
116	1.9335e-015
117	-2.397e-015
118	6.1505e-016
119	4.8343e-016
120	5.8101e-016
121	-2.5238e-015
122	-7.1202e-016
123	-1.6429e-015
124	1.1549e-015
125	-2.023e-016
126	-8.8805e-016
127	-6.3235e-017
128	4.8054e-016
129	1.1294e-015
130	2.2534e-015
131	-2.7443e-015
132	-9.453e-016
133	7.7411e-016
134	7.9524e-016
135	-1.3593e-015
136	0.
137	0.
138	0.
139	0.
140	-3.5656e-029
141	3.7193e-028
142	8.0244e-028
143	1.2522e-027
144	5.8686e-028
145	4.7833e-028
146	0.
147	0.
148	3.3705e-028
149	8.0207e-028
150	1.2788e-027
151	1.2522e-027
152	7.4208e-028
153	3.2295e-028
154	0.
155	0.
156	0.
157	-1.5515e-027
158	-2.0906e-027
159	4.3501e-029
160	1.4711e-027
161	6.2676e-028
162	7.6261e-028
163	0.
164	0.
165	0.
166	0.
167	0.
168	0.
169	0.
170	0.
171	0.
172	0.
173	0.
174	4.8257e-030
175	-3.1955e-030
176	-1.9132e-029
177	-2.1258e-029
178	-1.7393e-029
179	-1.0826e-029
180	0.
181	0.
182	0.
183	0.
184	0.
185	0.
186	0.
187	0.
188	0.
189	0.
190	-6.9858e-030
191	-1.3386e-029
192	-1.7957e-029
193	-1.8737e-029
194	-1.0781e-029
195	-3.4722e-032
196	0.
197	0.
198	0.
199	0.
200	0.
201	0.
202	0.
203	0.
204	0.
205	0.
206	0.
207	0.
208	0.
209	0.
210	0.
211	0.
212	0.
213	0.
214	0.
215	0.
216	0.
217	0.
218	0.
219	0.
220	0.
221	0.
222	0.
223	0.
224	0.
225	0.
226	0.
227	0.
228	0.
229	0.
230	0.
231	0.
232	0.
233	0.
234	0.
235	0.
236	1.109e-026
237	-9.1223e-027
238	-1.2526e-026
239	-8.7154e-027
240	-8.0175e-027
241	-3.2853e-027
242	-3.1119e-027
243	-4.0967e-027
244	-2.3158e-027
245	8.2444e-028
246	7.3443e-028
247	1.5234e-027
248	0.
249	2.7477e-027
250	3.9894e-027
251	8.5206e-028
252	-1.5369e-027
253	1.7294e-027
254	1.5644e-027
255	-2.7787e-027
256	-5.7386e-028
257	-7.2789e-027
258	-1.997e-028
259	-1.9935e-027
260	-4.5858e-027
261	2.4995e-030
262	-2.5004e-029
263	-2.2055e-029
264	2.1043e-027
265	4.0488e-029
266	1.2601e-029
267	-8.9718e-030
268	-3.7966e-029
269	2.811e-028
270	-1.1462e-029
271	2.1809e-028
272	-1.7068e-029
273	2.6127e-028
274	-1.88e-029
275	3.6763e-029
276	-4.6628e-027
277	3.3861e-027
278	0.
279	0.
280	7.4263e-029
281	0.
282	0.
283	-3.7786e-028
284	2.5133e-027
285	-1.3695e-027
286	-6.0946e-027
287	1.2194e-027
288	2.8266e-028
289	-1.9932e-028
290	1.247e-028
291	-5.5943e-008
292	-3.277e-008
293	-4.6036e-008
294	-3.512e-008
295	-3.0766e-008
296	-2.8932e-008
297	-2.8043e-008
298	-3.0731e-008
299	-3.1677e-008
300	-3.2492e-008
301	-5.3485e-008
302	-4.4169e-008
303	-5.2145e-008
304	-5.2048e-008
305	-5.2139e-008
306	-5.1596e-008
307	-5.3025e-008
308	-5.5049e-008
309	-6.9937e-008
310	-7.1758e-008
311	-7.1307e-008
312	-6.7547e-008
313	-6.3762e-008
314	-5.9834e-008
315	-6.4497e-008
316	-5.9897e-008
317	-5.7295e-008
318	-8.468e-008
319	-7.5486e-008
320	-7.6825e-008
321	-7.7952e-008
322	-8.0913e-008
323	-7.9692e-008
324	-7.6483e-008
325	-6.5326e-008
326	-6.9151e-008
327	-7.2159e-008
328	-8.1723e-008
329	-8.1452e-008
330	-8.0294e-008
331	-8.4397e-008
332	-8.1808e-008
333	-9.2988e-009
334	-1.8331e-008
335	0.
336	0.
337	0.
338	0.
339	0.
340	0.
341	0.
342	0.
343	0.
344	7.1171e-010
345	-2.274e-008
346	3.8138e-009
347	-8.7517e-009
348	-2.2488e-008
349	-5.1857e-009
350	-9.1722e-009
351	-5.0542e-009
352	-5.1603e-009
353	-7.0955e-009
354	-8.4961e-009
355	-1.0499e-008
356	-5.9654e-008
357	-2.8034e-008
358	3.6409e-011
359	-2.2827e-010
360	-6.6766e-010
361	-1.3807e-009
362	-3.3362e-009
363	-5.3252e-009
364	-6.0405e-009
365	2.9832e-009
366	1.1022e-008
367	2.3269e-010
368	-3.1202e-009
369	-4.6414e-009
370	-6.5713e-009
371	-7.388e-009
372	-5.538e-009
373	-3.8743e-009
374	-9.7739e-009
375	-1.2951e-008
376	-5.7867e-009
377	0.
378	0.
379	0.
380	0.
381	0.
382	0.
383	0.
384	0.
385	0.
386	1.1178e-009
387	8.3092e-010
388	5.8769e-010
389	3.295e-010
390	1.3133e-010
391	4.7149e-011
392	0.
393	0.
394	0.
395	0.
396	0.
397	0.
398	0.
399	0.
400	0.
401	0.
402	0.
403	0.
404	-1.9238e-008
405	-2.5881e-008
406	-7.483e-009
407	-4.9048e-008
408	0.
409	0.
410	0.
411	0.
412	0.
413	0.
414	0.
415	0.
416	0.
417	0.
418	0.
419	0.
420	3.0583e-010
421	1.5189e-009
422	-2.5596e-010
423	-1.9673e-009
424	1.0176e-009
425	-1.402e-009
426	-5.5445e-008
427	-8.0339e-008
428	-7.1259e-008
429	-7.7771e-008
430	-6.0737e-008
431	-6.6591e-008
432	-6.3542e-008
433	-7.8874e-008
434	-5.8778e-008
435	-7.6887e-008
436	-7.2852e-008
437	-8.3899e-009
438	-7.5483e-009
439	-1.6091e-008
440	-3.1375e-010
441	1.1021e-008
442	-5.287e-010
443	-1.7744e-008
444	-1.0533e-008
445	-1.6279e-008
446	-4.3186e-008
447	-2.7573e-008
448	-3.5931e-008
449	-2.8892e-008
450	-2.5337e-008
451	-7.2223e-009
452	-2.0897e-008
453	-5.8727e-008
454	-4.3585e-008
455	-1.23e-008
