Node Number	Directional Deformation (mm)
1	-2.4606e-003
2	-6.1019e-003
3	-0.10751
4	-0.16234
5	-0.20745
6	-0.29342
7	-0.29082
8	-0.17541
9	-6.6677e-002
10	-3.0053e-002
11	-3.8195e-002
12	3.8651e-003
13	-1.2278e-002
14	4.9961e-003
15	-1.3251e-003
16	8.8572e-003
17	-7.1341e-003
18	-8.5076e-003
19	-4.1641e-003
20	3.2566e-002
21	-1.3417e-003
22	-1.4328e-004
23	-6.1211e-003
24	-1.1822e-003
25	-2.6568e-002
26	-6.7522e-002
27	-6.255e-002
28	-0.10765
29	-2.3591e-002
30	-0.27995
31	-0.27447
32	-0.19257
33	-0.16556
34	-0.1864
35	-8.7049e-002
36	-2.486e-002
37	2.5425e-003
38	2.4028e-003
39	1.4088e-003
40	-2.58e-004
41	-1.846e-003
42	-2.0317e-003
43	-5.1425e-003
44	6.0631e-002
45	4.4737e-003
46	3.7491e-003
47	8.5676e-003
48	-1.2881e-002
49	-5.9037e-003
50	4.3515e-002
51	5.6139e-003
52	-7.1731e-003
53	-5.7757e-002
54	-0.54234
55	-0.4624
56	-0.31004
57	-2.769e-002
58	-5.1215e-002
59	-1.906e-003
60	1.2556e-002
61	5.3275e-002
62	4.3212e-002
63	3.6695e-002
64	2.5178e-002
65	-3.1295e-002
66	-8.4168e-002
67	2.6527e-003
68	-4.0111e-003
69	-3.6418e-003
70	-7.0057e-004
71	7.5421e-004
72	1.8197e-003
73	1.8148e-003
74	-2.7774e-003
75	5.4955e-003
76	1.4159e-002
77	-1.4183e-002
78	1.8207e-002
79	-5.8285e-002
80	-0.68332
81	-4.9587e-002
82	8.8051e-002
83	0.10257
84	-3.6719e-002
85	-5.5728e-002
86	8.264e-003
87	2.5351e-002
88	3.9118e-002
89	3.3176e-002
90	-0.22786
91	6.0878e-002
92	5.7123e-003
93	-0.20026
94	6.2915e-003
95	0.15596
96	-3.4685e-002
97	8.0876e-004
98	3.2679e-002
99	-8.1029e-002
100	-5.1811e-002
101	3.2678e-005
102	-0.2544
103	-4.0032e-002
104	-4.4591e-003
105	-0.12099
106	-3.5013e-002
107	1.4639e-002
108	6.6802e-003
109	-0.19869
110	-2.211e-002
111	0.20694
112	-2.4305e-002
113	7.9593e-003
114	7.0388e-002
115	-3.0781e-002
116	6.6854e-003
117	-0.10216
118	-2.5854e-002
119	-1.236e-002
120	-6.202e-003
121	-3.1556e-002
122	-0.28435
123	-8.6348e-002
124	-1.7405e-003
125	-5.663e-002
126	-0.11314
127	1.4268e-002
128	2.0702e-002
129	1.7008e-002
130	4.2496e-003
131	-2.1478e-002
132	-0.35303
133	1.6707e-002
134	2.1779e-003
135	-0.28306
136	0.
137	0.
138	0.
139	0.
140	8.1138e-013
141	1.1699e-012
142	4.6111e-013
143	-1.2358e-012
144	-6.5314e-013
145	-4.7618e-013
146	0.
147	0.
148	-5.5564e-013
149	-6.1528e-013
150	-4.1427e-013
151	5.366e-013
152	9.6314e-013
153	7.2504e-013
154	0.
155	0.
156	0.
157	1.0453e-012
158	1.1315e-012
159	-2.1788e-012
160	1.5092e-014
161	5.7541e-013
162	-8.1112e-013
163	0.
164	0.
165	0.
166	0.
167	0.
168	0.
169	0.
170	0.
171	0.
172	0.
173	0.
174	-3.1073e-015
175	-3.7611e-015
176	-1.2283e-014
177	-3.067e-016
178	2.3998e-015
179	8.5941e-015
180	0.
181	0.
182	0.
183	0.
184	0.
185	0.
186	0.
187	0.
188	0.
189	0.
190	-1.2749e-014
191	-2.0817e-014
192	-1.1369e-014
193	-3.5166e-015
194	1.654e-014
195	1.8694e-014
196	0.
197	0.
198	0.
199	0.
200	0.
201	0.
202	0.
203	0.
204	0.
205	0.
206	0.
207	0.
208	0.
209	0.
210	0.
211	0.
212	0.
213	0.
214	0.
215	0.
216	0.
217	0.
218	0.
219	0.
220	0.
221	0.
222	0.
223	0.
224	0.
225	0.
226	0.
227	0.
228	0.
229	0.
230	0.
231	0.
232	0.
233	0.
234	0.
235	0.
236	-2.3882e-014
237	-1.0663e-013
238	-1.8955e-013
239	-2.124e-013
240	-1.2162e-013
241	-4.8795e-014
242	9.3208e-013
243	-1.2453e-012
244	1.795e-012
245	1.1327e-011
246	-4.8975e-013
247	1.3804e-013
248	0.
249	-1.0704e-013
250	-2.8079e-013
251	-3.162e-013
252	-3.7348e-015
253	-9.8208e-013
254	-6.6558e-014
255	-6.3469e-013
256	-1.021e-012
257	-2.0992e-013
258	-1.0776e-014
259	-3.0492e-014
260	3.3945e-013
261	-3.0988e-014
262	-3.0516e-014
263	-1.3006e-014
264	3.5837e-013
265	-8.4623e-014
266	6.351e-015
267	-3.8311e-014
268	-8.4389e-014
269	-1.7339e-013
270	-3.8218e-014
271	4.6781e-013
272	-3.4681e-014
273	-5.33e-013
274	2.4452e-015
275	1.3082e-013
276	-5.5219e-013
277	8.1731e-013
278	0.
279	0.
280	2.0498e-013
281	0.
282	0.
283	5.1496e-013
284	1.28e-012
285	-6.6578e-013
286	-2.8544e-013
287	4.1574e-013
288	-4.4151e-013
289	-1.2773e-012
290	4.0755e-013
291	-4.6515e-006
292	-2.4077e-006
293	-3.4806e-006
294	2.3141e-006
295	-2.1676e-006
296	-1.7886e-006
297	-1.4593e-006
298	-1.3397e-006
299	-1.1412e-006
300	3.3705e-007
301	-5.3789e-006
302	-1.6971e-006
303	-5.0368e-006
304	-3.3535e-006
305	-4.8708e-006
306	-4.5346e-006
307	-4.1399e-006
308	-4.2904e-006
309	-1.4765e-005
310	-1.462e-005
311	-1.4161e-005
312	-1.3717e-005
313	-1.3251e-005
314	-1.2254e-005
315	-1.165e-005
316	-9.7547e-006
317	-7.3323e-006
318	-1.3233e-005
319	-1.3594e-005
320	-1.3873e-005
321	-1.4207e-005
322	-1.4505e-005
323	-1.4757e-005
324	-1.4967e-005
325	-6.1234e-006
326	-7.5197e-006
327	-9.0882e-006
328	-1.0497e-005
329	-1.1472e-005
330	-1.2398e-005
331	-1.2894e-005
332	-1.312e-005
333	7.3537e-007
334	4.8889e-006
335	0.
336	0.
337	0.
338	0.
339	0.
340	0.
341	0.
342	0.
343	0.
344	-2.7683e-007
345	-1.1548e-005
346	3.3609e-006
347	-2.3179e-006
348	-2.5863e-006
349	-2.0142e-006
350	-7.5736e-006
351	-5.2767e-006
352	-2.9714e-006
353	-6.0661e-007
354	3.6505e-007
355	-9.0813e-006
356	-1.181e-005
357	-1.0406e-005
358	-5.6085e-008
359	-1.1093e-007
360	-1.8766e-007
361	-3.3873e-007
362	-5.9277e-007
363	-7.186e-007
364	-6.4972e-007
365	-1.0796e-007
366	-7.002e-007
367	-1.908e-006
368	-1.6252e-006
369	-2.1589e-006
370	-3.4456e-006
371	-4.6631e-006
372	-5.9182e-006
373	-6.9749e-006
374	-8.0105e-006
375	-8.6287e-006
376	-8.9658e-006
377	0.
378	0.
379	0.
380	0.
381	0.
382	0.
383	0.
384	0.
385	0.
386	-1.1852e-007
387	-9.3143e-008
388	-5.3797e-008
389	-3.1594e-008
390	-1.5995e-008
391	-4.0221e-008
392	0.
393	0.
394	0.
395	0.
396	0.
397	0.
398	0.
399	0.
400	0.
401	0.
402	0.
403	0.
404	3.8877e-006
405	-1.9354e-006
406	2.2858e-006
407	-1.2183e-005
408	0.
409	0.
410	0.
411	0.
412	0.
413	0.
414	0.
415	0.
416	0.
417	0.
418	0.
419	0.
420	-5.0378e-009
421	-2.9909e-007
422	-9.0827e-008
423	-3.5499e-007
424	-1.2252e-006
425	-9.0818e-008
426	-1.2202e-005
427	-1.2893e-005
428	-1.1484e-005
429	-1.3881e-005
430	-9.2872e-006
431	-1.2254e-005
432	-7.3557e-006
433	-1.3934e-005
434	-9.1785e-006
435	-1.4484e-005
436	-1.0396e-005
437	-6.1295e-006
438	-4.6056e-006
439	-8.7059e-006
440	-9.6478e-008
441	3.5431e-007
442	1.8737e-006
443	-8.7745e-006
444	-5.3832e-006
445	-9.4209e-006
446	-6.9035e-006
447	-4.201e-006
448	-4.1992e-006
449	-6.5055e-007
450	-2.5554e-006
451	-3.6666e-006
452	-2.9308e-006
453	-1.272e-005
454	-8.9726e-006
455	-2.8677e-006
