Node Number	Directional Deformation (mm)
1	-1.3601e-003
2	1.6357e-003
3	-0.74129
4	-0.69638
5	-0.64273
6	-0.63699
7	-0.53921
8	-0.3502
9	-0.17404
10	-0.10889
11	-0.20555
12	9.6855e-002
13	-2.7188e-002
14	2.3954e-002
15	-1.8982e-002
16	6.3694e-003
17	1.5896e-002
18	2.7724e-003
19	-1.074e-003
20	-0.61859
21	3.5588e-003
22	6.8036e-003
23	1.1173e-002
24	8.7695e-003
25	-1.4599e-002
26	-5.6379e-002
27	-6.2417e-002
28	-0.12319
29	-0.24132
30	-0.45092
31	-0.46735
32	-0.44186
33	-0.45522
34	-0.562
35	-0.54886
36	-0.57733
37	-1.3635e-004
38	-3.2366e-003
39	-3.3432e-003
40	2.6554e-004
41	3.1565e-003
42	7.0725e-004
43	-8.0778e-004
44	-0.56311
45	-3.4555e-004
46	-4.2618e-003
47	1.916e-002
48	1.7448e-004
49	1.7928e-002
50	-1.3595e-003
51	7.563e-003
52	-2.5453e-002
53	-3.21e-002
54	-0.46871
55	-0.49349
56	-0.43965
57	-0.27769
58	-0.38225
59	-0.43179
60	-0.51394
61	-0.57277
62	-0.58593
63	-0.59222
64	-0.60685
65	-0.66302
66	-0.71654
67	-2.2065e-003
68	1.5682e-003
69	1.5134e-004
70	2.6447e-003
71	-7.4364e-004
72	-1.5764e-003
73	-1.7787e-003
74	-0.62161
75	3.1869e-003
76	-9.6655e-004
77	-3.7025e-002
78	0.11674
79	-4.4792e-002
80	-0.79381
81	-5.083e-002
82	2.9888e-002
83	-5.7275e-002
84	-0.3346
85	-0.52205
86	-0.60494
87	-0.6002
88	-0.60157
89	-0.61545
90	-0.5723
91	2.8219e-002
92	1.2542e-002
93	-0.38076
94	3.8733e-003
95	0.32477
96	-0.20369
97	-7.7904e-004
98	0.158
99	-0.50963
100	-6.1067e-002
101	-0.13739
102	-0.48688
103	-0.52463
104	2.0381e-002
105	-0.29816
106	1.0899e-002
107	-1.4885e-003
108	7.1577e-002
109	-0.47249
110	-4.4459e-002
111	0.21995
112	-0.36337
113	3.8875e-003
114	-9.0414e-002
115	-5.8984e-002
116	2.7212e-003
117	-0.54407
118	-4.2123e-002
119	9.9953e-003
120	9.155e-004
121	-0.50453
122	-0.24065
123	-0.34355
124	1.6727e-002
125	7.7609e-004
126	-0.23708
127	-0.11838
128	-6.5042e-003
129	-3.2665e-003
130	4.5665e-003
131	-0.53911
132	-0.39688
133	-4.5211e-002
134	-7.8928e-003
135	-0.50995
136	0.
137	0.
138	0.
139	0.
140	-1.8321e-011
141	-1.6416e-011
142	-2.4229e-011
143	-2.2562e-013
144	1.2849e-011
145	1.2345e-011
146	0.
147	0.
148	1.5114e-011
149	1.7736e-011
150	1.331e-011
151	-1.3362e-011
152	-1.7962e-011
153	-1.6227e-011
154	0.
155	0.
156	0.
157	-1.4552e-011
158	4.975e-012
159	-5.5728e-011
160	-2.6575e-011
161	1.1278e-011
162	1.4665e-011
163	0.
164	0.
165	0.
166	0.
167	0.
168	0.
169	0.
170	0.
171	0.
172	0.
173	0.
174	4.1306e-013
175	3.3603e-013
176	3.8485e-013
177	-1.3729e-013
178	-4.3291e-013
179	-5.2057e-013
180	0.
181	0.
182	0.
183	0.
184	0.
185	0.
186	0.
187	0.
188	0.
189	0.
190	2.4349e-013
191	3.9079e-013
192	2.5262e-013
193	2.0064e-013
194	-2.0616e-013
195	-2.4769e-013
196	0.
197	0.
198	0.
199	0.
200	0.
201	0.
202	0.
203	0.
204	0.
205	0.
206	0.
207	0.
208	0.
209	0.
210	0.
211	0.
212	0.
213	0.
214	0.
215	0.
216	0.
217	0.
218	0.
219	0.
220	0.
221	0.
222	0.
223	0.
224	0.
225	0.
226	0.
227	0.
228	0.
229	0.
230	0.
231	0.
232	0.
233	0.
234	0.
235	0.
236	4.2651e-013
237	-5.7917e-014
238	-1.9194e-013
239	-4.1954e-013
240	-5.9617e-013
241	-4.9472e-013
242	-1.7662e-011
243	-1.8814e-011
244	-4.5038e-011
245	2.3821e-011
246	1.4312e-011
247	1.3867e-011
248	0.
249	2.0509e-012
250	-8.5052e-012
251	-5.2807e-012
252	1.7375e-013
253	4.7707e-012
254	-2.4364e-012
255	-1.3026e-011
256	-2.5588e-011
257	-4.59e-013
258	3.8743e-012
259	-4.6387e-013
260	4.3586e-012
261	1.5315e-012
262	8.5294e-013
263	4.3623e-013
264	-3.0601e-012
265	3.4048e-012
266	-1.6064e-013
267	1.2677e-012
268	2.8315e-012
269	4.8851e-012
270	1.4638e-012
271	-1.283e-011
272	9.4781e-013
273	1.5235e-011
274	-1.2301e-013
275	-4.2743e-012
276	-6.6971e-013
277	-9.5094e-012
278	0.
279	0.
280	-6.7653e-012
281	0.
282	0.
283	-3.9821e-012
284	-1.6859e-011
285	-1.8733e-012
286	-4.709e-014
287	-2.3e-012
288	1.5952e-012
289	2.8125e-012
290	-3.6558e-012
291	-0.58705
292	-0.46108
293	-0.56264
294	-0.16746
295	-0.39265
296	-0.33913
297	-0.29665
298	-0.20182
299	-0.19938
300	-0.15598
301	-0.41689
302	-0.28591
303	-0.44954
304	-0.43921
305	-0.48403
306	-0.50034
307	-0.52675
308	-0.55951
309	-0.64609
310	-0.64885
311	-0.63642
312	-0.61041
313	-0.58144
314	-0.5547
315	-0.58168
316	-0.53551
317	-0.49081
318	-0.73784
319	-0.70125
320	-0.70277
321	-0.70482
322	-0.71303
323	-0.7028
324	-0.68442
325	-0.62742
326	-0.63386
327	-0.65217
328	-0.71324
329	-0.71
330	-0.71736
331	-0.7383
332	-0.72741
333	-8.6735e-002
334	-0.12925
335	0.
336	0.
337	0.
338	0.
339	0.
340	0.
341	0.
342	0.
343	0.
344	1.5441e-002
345	-0.36529
346	1.9383e-002
347	-0.15575
348	-0.34565
349	-7.6849e-002
350	-7.3493e-002
351	-2.8432e-002
352	-6.2233e-002
353	-0.12478
354	-0.14976
355	-0.32902
356	-0.5993
357	-0.43693
358	-1.6257e-003
359	-4.5639e-003
360	-9.2023e-003
361	-1.6663e-002
362	-3.6207e-002
363	-5.568e-002
364	-5.6379e-002
365	6.215e-002
366	9.1033e-002
367	-7.8089e-002
368	-0.14363
369	-0.13828
370	-0.18852
371	-0.21095
372	-0.21754
373	-0.2445
374	-0.29763
375	-0.33247
376	-0.30877
377	0.
378	0.
379	0.
380	0.
381	0.
382	0.
383	0.
384	0.
385	0.
386	2.005e-002
387	1.4358e-002
388	9.3272e-003
389	4.678e-003
390	9.0769e-004
391	-6.6737e-004
392	0.
393	0.
394	0.
395	0.
396	0.
397	0.
398	0.
399	0.
400	0.
401	0.
402	0.
403	0.
404	-9.0124e-002
405	-0.2311
406	-2.0299e-002
407	-0.49892
408	0.
409	0.
410	0.
411	0.
412	0.
413	0.
414	0.
415	0.
416	0.
417	0.
418	0.
419	0.
420	1.867e-003
421	2.0246e-002
422	-3.6965e-003
423	-2.4534e-002
424	-0.13849
425	-2.8392e-002
426	-0.58199
427	-0.71147
428	-0.6475
429	-0.6847
430	-0.58328
431	-0.6073
432	-0.58703
433	-0.71161
434	-0.54458
435	-0.69023
436	-0.65858
437	-0.23675
438	-0.20119
439	-0.33026
440	-1.0243e-002
441	0.14133
442	-2.0227e-002
443	-0.29768
444	-0.22055
445	-0.31765
446	-0.45153
447	-0.30739
448	-0.39856
449	-0.22174
450	-0.36042
451	-0.10375
452	-0.23453
453	-0.59364
454	-0.47552
455	-0.22928
