Node Number	Directional Deformation (mm)
1	-1.1641e-003
2	3.5133e-004
3	0.32505
4	0.29268
5	0.30895
6	0.35696
7	0.70691
8	1.0777
9	1.5002
10	1.3284
11	-0.17418
12	-0.16544
13	0.10838
14	6.5006e-003
15	-2.0328e-002
16	1.5681e-003
17	2.7435e-003
18	3.3494e-003
19	3.3304e-005
20	1.141
21	-2.3571e-003
22	-1.1634e-004
23	5.1352e-003
24	-9.9646e-004
25	-2.3676e-003
26	5.0668e-002
27	3.9792e-002
28	-0.8227
29	-2.1472
30	-1.4784
31	-0.18052
32	0.52001
33	0.82003
34	0.82667
35	0.97694
36	1.0714
37	8.4903e-003
38	7.6315e-003
39	7.2427e-003
40	1.0469e-002
41	1.1767e-002
42	9.5025e-003
43	3.1519e-003
44	0.51622
45	9.7889e-003
46	9.085e-003
47	3.104e-003
48	-2.0397e-002
49	1.3372e-002
50	1.3307e-002
51	3.6777e-002
52	-8.1622e-002
53	4.6023e-002
54	2.183
55	1.7528
56	0.85529
57	0.36011
58	0.44172
59	0.43955
60	0.4579
61	0.50419
62	0.48673
63	0.42441
64	0.38439
65	0.34027
66	0.32105
67	7.862e-003
68	-3.8195e-004
69	6.3714e-003
70	7.4717e-003
71	9.5141e-003
72	6.7698e-003
73	7.4641e-003
74	1.2794
75	7.7377e-003
76	2.0538e-002
77	-2.8301e-002
78	4.8383e-002
79	-0.23317
80	-1.3714
81	-0.85804
82	0.3879
83	0.5258
84	0.98196
85	1.1669
86	1.2617
87	1.2063
88	1.1654
89	1.1362
90	0.7873
91	-3.1752e-002
92	-4.8329e-002
93	-1.5468
94	1.764e-002
95	-0.36487
96	0.67508
97	1.6132e-002
98	-2.0528
99	1.082
100	-6.7493e-002
101	-1.3166
102	0.24826
103	0.9935
104	-2.2057e-002
105	0.91285
106	-0.10159
107	-3.7261e-002
108	2.4477e-002
109	0.68483
110	-2.1805e-002
111	-0.26408
112	0.48985
113	7.7009e-003
114	1.4052
115	3.692e-002
116	8.5651e-003
117	0.24803
118	-1.3061e-002
119	6.1771e-003
120	1.1841e-002
121	0.44654
122	0.55842
123	0.44104
124	5.6722e-003
125	-0.26906
126	0.81086
127	0.59481
128	-2.5364e-002
129	-1.9836e-002
130	1.5189e-002
131	0.36303
132	1.2683
133	-1.2952e-002
134	-1.9538e-002
135	0.67504
136	0.
137	0.
138	0.
139	0.
140	-3.2793e-013
141	-2.0757e-012
142	-2.355e-012
143	-1.3755e-012
144	-1.5106e-012
145	-3.6165e-013
146	0.
147	0.
148	-2.4019e-013
149	-4.9042e-013
150	-6.755e-013
151	-7.0034e-013
152	-4.3583e-013
153	-1.27e-013
154	0.
155	0.
156	-4.4625e-013
157	-2.8673e-012
158	-4.4807e-012
159	-1.0105e-012
160	-6.5801e-013
161	-9.5291e-014
162	0.
163	0.
164	0.
165	0.
166	0.
167	0.
168	0.
169	0.
170	0.
171	0.
172	-2.7954e-014
173	-5.0959e-014
174	-6.3496e-014
175	-6.3342e-014
176	-5.4377e-014
177	-2.7725e-014
178	0.
179	0.
180	0.
181	0.
182	0.
183	0.
184	0.
185	0.
186	0.
187	0.
188	0.
189	-2.9093e-014
190	-5.7037e-014
191	-7.1555e-014
192	-7.3564e-014
193	-6.0987e-014
194	-3.6057e-014
195	0.
196	0.
197	0.
198	0.
199	0.
200	0.
201	0.
202	0.
203	0.
204	0.
205	0.
206	0.
207	0.
208	0.
209	0.
210	0.
211	0.
212	0.
213	0.
214	0.
215	0.
216	0.
217	0.
218	0.
219	0.
220	0.
221	0.
222	0.
223	0.
224	0.
225	0.
226	0.
227	0.
228	0.
229	0.
230	0.
231	0.
232	0.
233	0.
234	0.
235	0.
236	6.2268e-014
237	7.356e-014
238	5.3217e-014
239	-1.2268e-014
240	-1.6702e-014
241	-3.7795e-014
242	-1.7578e-012
243	-1.4377e-012
244	-5.0259e-013
245	-1.5478e-012
246	-4.2629e-013
247	1.2045e-012
248	0.
249	-8.1237e-013
250	-1.1438e-013
251	-9.2755e-014
252	3.1471e-015
253	7.7301e-013
254	-1.8678e-013
255	-1.1058e-013
256	-4.6109e-015
257	1.9595e-014
258	1.0599e-012
259	-7.7533e-014
260	4.0398e-013
261	-7.6603e-014
262	-9.0789e-014
263	-6.3751e-014
264	-3.2633e-013
265	-2.1486e-013
266	-7.0555e-014
267	-1.5671e-013
268	-2.5618e-013
269	-7.5465e-014
270	-1.1511e-013
271	-5.8599e-014
272	-2.2164e-013
273	-6.7397e-014
274	-2.3862e-013
275	-7.9565e-014
276	1.7604e-013
277	-1.7865e-012
278	0.
279	0.
280	-1.9105e-013
281	-5.1881e-013
282	3.6716e-013
283	-4.8327e-013
284	1.3747e-013
285	2.696e-013
286	-2.1452e-013
287	-7.9889e-014
288	-2.9894e-013
289	7.8194e-006
290	1.0092e-005
291	8.5725e-006
292	4.0398e-006
293	1.3997e-005
294	1.0011e-005
295	2.6575e-006
296	1.2527e-005
297	2.5629e-006
298	-4.8693e-006
299	-1.3274e-005
300	-8.2321e-006
301	-1.0169e-005
302	-8.2725e-006
303	-7.5422e-006
304	-4.1988e-006
305	1.5726e-006
306	4.866e-006
307	0.
308	-1.4084e-006
309	-2.3046e-006
310	-3.6868e-006
311	-5.2029e-006
312	-8.0994e-006
313	-1.096e-005
314	-1.2651e-005
315	-1.4748e-005
316	0.
317	0.
318	0.
319	0.
320	0.
321	0.
322	0.
323	7.827e-006
324	6.8599e-006
325	6.0731e-006
326	5.1853e-006
327	4.1949e-006
328	3.0845e-006
329	2.1662e-006
330	1.0305e-006
331	8.9239e-006
332	0.
333	0.
334	0.
335	0.
336	0.
337	0.
338	0.
339	0.
340	0.
341	0.
342	0.
343	4.7055e-006
344	9.9853e-006
345	1.231e-005
346	1.9286e-005
347	1.2566e-005
348	6.9933e-006
349	9.7225e-006
350	9.4725e-006
351	0.
352	0.
353	0.
354	1.0301e-007
355	2.5771e-007
356	4.9171e-007
357	9.0094e-007
358	1.6473e-006
359	4.3955e-006
360	8.4366e-006
361	1.7496e-005
362	1.9948e-005
363	1.9514e-005
364	1.7313e-005
365	1.4544e-005
366	1.1909e-005
367	9.6479e-006
368	7.4137e-006
369	5.2333e-006
370	3.3903e-006
371	1.4069e-006
372	0.
373	0.
374	0.
375	0.
376	0.
377	0.
378	0.
379	0.
380	0.
381	0.
382	0.
383	0.
384	0.
385	0.
386	0.
387	0.
388	0.
389	0.
390	0.
391	0.
392	0.
393	0.
394	0.
395	0.
396	0.
397	0.
398	0.
399	-1.3657e-005
400	-1.0484e-005
401	2.8914e-006
402	-2.374e-006
403	0.
404	0.
405	0.
406	0.
407	0.
408	0.
409	0.
410	0.
411	0.
412	0.
413	0.
414	0.
415	4.5699e-009
416	8.6486e-006
417	2.5776e-007
418	1.0209e-006
419	1.8903e-005
420	9.4224e-008
421	1.3569e-006
422	2.6329e-007
423	-4.0111e-006
424	-1.6112e-006
425	-4.8474e-006
426	9.6724e-007
427	3.1352e-006
428	-2.4074e-007
429	-9.8244e-006
430	3.8802e-006
431	6.0895e-006
432	1.0735e-005
433	3.9867e-006
434	4.4362e-007
435	2.7678e-006
436	2.7771e-006
437	-1.7569e-006
438	1.2971e-006
439	1.2559e-006
440	1.0633e-005
441	-8.5333e-006
442	1.6962e-005
443	1.07e-005
444	4.1409e-006
445	9.6791e-007
446	1.5859e-006
