Node Number	Directional Deformation (mm)
1	1.5372e-004
2	-6.4431e-004
3	0.56167
4	0.55615
5	0.59374
6	0.66261
7	1.025
8	1.406
9	1.8284
10	1.5881
11	-0.10897
12	-0.19159
13	0.15805
14	1.1688e-002
15	-1.9729e-002
16	2.0173e-003
17	1.0673e-003
18	2.6492e-003
19	4.5691e-004
20	1.1748
21	-2.706e-003
22	1.0071e-003
23	6.7041e-003
24	-3.2569e-003
25	-4.7648e-003
26	6.1453e-002
27	3.7383e-002
28	-0.89774
29	-2.2462
30	-1.4513
31	-6.5206e-002
32	0.6569
33	0.95563
34	0.94213
35	1.0623
36	1.1317
37	1.0645e-002
38	8.4706e-003
39	6.4264e-003
40	8.6925e-003
41	1.0856e-002
42	1.0592e-002
43	4.3112e-003
44	0.64725
45	1.0549e-002
46	6.6623e-003
47	1.6578e-003
48	-1.7733e-002
49	3.7831e-002
50	1.7521e-002
51	5.6942e-002
52	-0.11708
53	7.6682e-002
54	2.3892
55	2.0068
56	1.0815
57	0.57181
58	0.63184
59	0.61284
60	0.61319
61	0.65278
62	0.64488
63	0.60122
64	0.57987
65	0.54986
66	0.54589
67	8.7759e-003
68	-7.924e-004
69	6.3717e-003
70	6.2903e-003
71	7.5818e-003
72	6.9209e-003
73	8.5909e-003
74	1.1759
75	8.8246e-003
76	1.6041e-002
77	-3.7789e-002
78	9.2664e-002
79	-0.15714
80	-1.4453
81	-0.88071
82	0.44512
83	0.54788
84	0.95873
85	1.1054
86	1.1927
87	1.1692
88	1.1581
89	1.1512
90	0.87136
91	-1.6969e-002
92	-7.1951e-002
93	-1.5691
94	1.2374e-002
95	-0.3242
96	0.6897
97	1.7272e-002
98	-2.2656
99	1.0854
100	-5.9589e-002
101	-1.4257
102	0.32942
103	1.049
104	-3.8995e-002
105	1.1294
106	-0.12603
107	-4.8225e-002
108	4.0882e-002
109	0.95523
110	-1.9552e-002
111	-0.35262
112	0.71698
113	-2.0515e-003
114	1.6402
115	5.1092e-002
116	6.3388e-003
117	0.50178
118	-1.9725e-002
119	7.8501e-003
120	1.1888e-002
121	0.63723
122	0.65934
123	0.6511
124	-3.3726e-003
125	-0.2972
126	1.014
127	0.71662
128	-3.2183e-002
129	-1.1506e-002
130	1.2281e-002
131	0.56785
132	1.4823
133	-3.2466e-002
134	-1.668e-002
135	0.97467
136	0.
137	0.
138	0.
139	0.
140	-5.201e-013
141	-1.825e-012
142	-9.3436e-013
143	-1.6054e-012
144	-2.1774e-012
145	-7.1847e-013
146	0.
147	0.
148	-4.472e-013
149	-6.4916e-013
150	-6.3873e-013
151	-3.747e-013
152	-3.1592e-013
153	-2.8756e-013
154	0.
155	0.
156	-1.0654e-012
157	1.2528e-012
158	4.7998e-013
159	-2.6454e-012
160	-2.487e-012
161	-4.8141e-013
162	0.
163	0.
164	0.
165	0.
166	0.
167	0.
168	0.
169	0.
170	0.
171	0.
172	-1.012e-014
173	-2.2505e-014
174	-2.6691e-014
175	-3.0493e-014
176	-2.7721e-014
177	-1.2678e-014
178	0.
179	0.
180	0.
181	0.
182	0.
183	0.
184	0.
185	0.
186	0.
187	0.
188	0.
189	-1.0541e-014
190	-2.3523e-014
191	-2.3777e-014
192	-1.9643e-014
193	-1.1392e-014
194	-6.2879e-015
195	0.
196	0.
197	0.
198	0.
199	0.
200	0.
201	0.
202	0.
203	0.
204	0.
205	0.
206	0.
207	0.
208	0.
209	0.
210	0.
211	0.
212	0.
213	0.
214	0.
215	0.
216	0.
217	0.
218	0.
219	0.
220	0.
221	0.
222	0.
223	0.
224	0.
225	0.
226	0.
227	0.
228	0.
229	0.
230	0.
231	0.
232	0.
233	0.
234	0.
235	0.
236	1.8968e-013
237	2.3076e-013
238	2.391e-013
239	2.1567e-013
240	1.5892e-013
241	7.6769e-014
242	-4.3405e-012
243	2.4567e-012
244	2.5678e-012
245	-4.5336e-012
246	-1.4467e-012
247	1.7729e-012
248	0.
249	-5.8221e-013
250	8.4629e-013
251	3.3619e-013
252	2.1793e-013
253	2.065e-012
254	-5.4938e-014
255	1.5771e-013
256	-2.3596e-012
257	3.0653e-013
258	1.9987e-012
259	8.6114e-015
260	8.3917e-013
261	-1.7148e-015
262	-2.5912e-014
263	-8.2994e-015
264	3.9839e-013
265	6.6592e-014
266	-5.3561e-014
267	-1.1541e-013
268	-4.2172e-013
269	-8.431e-014
270	-9.355e-014
271	-2.6706e-014
272	-3.7656e-013
273	-3.4399e-014
274	-3.4712e-013
275	-3.4781e-015
276	-1.8952e-014
277	-2.5569e-012
278	0.
279	0.
280	1.8268e-014
281	-7.7919e-013
282	1.3283e-012
283	-1.132e-012
284	1.7205e-012
285	-8.8175e-014
286	-4.0485e-014
287	1.1467e-013
288	-4.8168e-013
289	-2.7981e-003
290	-1.5266e-003
291	-2.3793e-003
292	-2.1844e-003
293	-1.3934e-003
294	-1.7128e-003
295	-1.9101e-003
296	-1.9941e-003
297	-2.0632e-003
298	-2.2188e-003
299	-5.3133e-003
300	-4.0704e-003
301	-5.21e-003
302	-4.8057e-003
303	-4.2393e-003
304	-4.0416e-003
305	-3.4093e-003
306	-2.9951e-003
307	0.
308	-1.2284e-003
309	-1.9018e-003
310	-2.6871e-003
311	-3.6297e-003
312	-4.8908e-003
313	-5.7499e-003
314	-5.7951e-003
315	-6.0369e-003
316	0.
317	0.
318	0.
319	0.
320	0.
321	0.
322	0.
323	-2.941e-003
324	-2.9604e-003
325	-2.9437e-003
326	-2.6454e-003
327	-2.3222e-003
328	-2.0989e-003
329	-1.6373e-003
330	-9.3023e-004
331	-5.0194e-004
332	0.
333	0.
334	0.
335	0.
336	0.
337	0.
338	0.
339	0.
340	0.
341	0.
342	0.
343	4.1374e-003
344	-4.6116e-004
345	-4.2573e-004
346	-1.8799e-004
347	-3.6135e-004
348	-4.4655e-004
349	-3.9039e-004
350	-2.2305e-004
351	0.
352	0.
353	0.
354	1.1268e-005
355	3.0682e-005
356	6.2006e-005
357	1.2561e-004
358	2.4907e-004
359	4.6731e-004
360	1.1975e-003
361	2.097e-003
362	2.7877e-003
363	3.113e-003
364	3.3841e-003
365	3.5169e-003
366	3.292e-003
367	3.0012e-003
368	2.6143e-003
369	2.1247e-003
370	1.5806e-003
371	6.8178e-004
372	0.
373	0.
374	0.
375	0.
376	0.
377	0.
378	0.
379	0.
380	0.
381	0.
382	0.
383	0.
384	0.
385	0.
386	0.
387	0.
388	0.
389	0.
390	0.
391	0.
392	0.
393	0.
394	0.
395	0.
396	0.
397	0.
398	0.
399	-6.9587e-004
400	-8.0197e-004
401	5.0842e-004
402	-1.1465e-003
403	0.
404	0.
405	0.
406	0.
407	0.
408	0.
409	0.
410	0.
411	0.
412	0.
413	0.
414	0.
415	2.0442e-005
416	5.5641e-004
417	2.5486e-005
418	1.0884e-004
419	3.5931e-003
420	2.3318e-004
421	-2.3146e-003
422	-3.4733e-003
423	-4.5103e-003
424	-2.4785e-003
425	-4.7072e-003
426	-7.5707e-004
427	-3.6544e-003
428	-1.2156e-003
429	-5.5292e-003
430	-2.8562e-003
431	3.6849e-003
432	3.3928e-003
433	2.6169e-003
434	1.1763e-005
435	6.7785e-004
436	-2.9798e-004
437	3.5646e-003
438	4.3259e-003
439	2.3552e-003
440	-4.4537e-004
441	-1.3536e-003
442	1.6238e-003
443	6.9144e-004
444	9.4095e-004
445	-3.5719e-004
446	-2.5393e-004
