Node Number	Directional Deformation (mm)
1	-1.6707e-003
2	-3.6843e-004
3	0.25887
4	0.21305
5	0.2177
6	0.25433
7	0.60225
8	0.98064
9	1.4169
10	1.2934
11	-0.16828
12	-0.16785
13	0.10364
14	4.5878e-003
15	-2.1917e-002
16	3.4203e-004
17	1.4246e-003
18	2.3422e-003
19	-6.3647e-004
20	1.1644
21	-2.9437e-003
22	-5.5341e-004
23	4.6709e-003
24	-2.6712e-003
25	-6.4565e-003
26	4.2654e-002
27	3.394e-002
28	-0.81797
29	-2.1349
30	-1.464
31	-0.18341
32	0.50098
33	0.79799
34	0.8124
35	0.97314
36	1.0809
37	7.866e-003
38	6.5209e-003
39	5.5743e-003
40	8.0657e-003
41	9.6553e-003
42	8.2463e-003
43	2.358e-003
44	0.32514
45	8.9512e-003
46	8.0867e-003
47	3.1936e-003
48	-1.711e-002
49	2.6808e-002
50	1.1045e-002
51	5.3122e-002
52	-9.2275e-002
53	-7.9377e-003
54	2.004
55	1.5367
56	0.62565
57	0.12954
58	0.21803
59	0.22461
60	0.25395
61	0.32858
62	0.32618
63	0.27995
64	0.2574
65	0.23224
66	0.23346
67	7.2894e-003
68	-1.2185e-003
69	5.1702e-003
70	5.637e-003
71	7.2148e-003
72	5.5624e-003
73	6.6636e-003
74	1.178
75	7.1405e-003
76	1.7519e-002
77	-3.3064e-002
78	7.0109e-002
79	-0.13551
80	-1.2495
81	-0.9477
82	0.25345
83	0.38195
84	0.84784
85	1.0476
86	1.1823
87	1.1492
88	1.133
89	1.1309
90	0.72385
91	-2.3307e-002
92	-5.7629e-002
93	-1.5503
94	1.3558e-002
95	-0.27426
96	0.55464
97	1.4845e-002
98	-2.1331
99	0.99427
100	-6.2119e-002
101	-1.2674
102	0.18823
103	0.96043
104	-2.6499e-002
105	0.71301
106	-0.11581
107	-3.9341e-002
108	3.7491e-002
109	0.52474
110	-2.0712e-002
111	-0.39072
112	0.30994
113	3.9283e-003
114	1.2627
115	4.027e-002
116	6.5492e-003
117	0.10973
118	-2.5693e-002
119	-9.7679e-003
120	1.0639e-002
121	0.25459
122	0.36944
123	0.22553
124	3.0713e-003
125	-0.40372
126	0.63469
127	0.57969
128	-1.6181e-002
129	-1.578e-002
130	1.2454e-002
131	0.20575
132	1.0588
133	-1.1714e-002
134	-1.8402e-002
135	0.54085
136	0.
137	0.
138	0.
139	0.
140	-5.1629e-013
141	-1.4826e-012
142	-5.6908e-013
143	-1.2738e-012
144	-1.7468e-012
145	-5.6297e-013
146	0.
147	0.
148	-3.2386e-013
149	-4.9951e-013
150	-4.9298e-013
151	-2.3282e-013
152	-2.2343e-013
153	-2.1305e-013
154	0.
155	0.
156	-9.6524e-013
157	1.5409e-012
158	7.4987e-013
159	-1.8702e-012
160	-2.2372e-012
161	-3.7149e-013
162	0.
163	0.
164	0.
165	0.
166	0.
167	0.
168	0.
169	0.
170	0.
171	0.
172	-7.8146e-015
173	-1.6552e-014
174	-2.049e-014
175	-2.368e-014
176	-2.1508e-014
177	-1.0048e-014
178	0.
179	0.
180	0.
181	0.
182	0.
183	0.
184	0.
185	0.
186	0.
187	0.
188	0.
189	-9.2346e-015
190	-1.9768e-014
191	-2.1327e-014
192	-1.8671e-014
193	-1.2065e-014
194	-6.8079e-015
195	0.
196	0.
197	0.
198	0.
199	0.
200	0.
201	0.
202	0.
203	0.
204	0.
205	0.
206	0.
207	0.
208	0.
209	0.
210	0.
211	0.
212	0.
213	0.
214	0.
215	0.
216	0.
217	0.
218	0.
219	0.
220	0.
221	0.
222	0.
223	0.
224	0.
225	0.
226	0.
227	0.
228	0.
229	0.
230	0.
231	0.
232	0.
233	0.
234	0.
235	0.
236	1.568e-013
237	2.0293e-013
238	2.0542e-013
239	1.7644e-013
240	1.2629e-013
241	3.6267e-014
242	-2.2653e-012
243	5.818e-014
244	2.3923e-012
245	-3.3898e-012
246	-1.2379e-012
247	1.3323e-012
248	0.
249	-5.4295e-013
250	5.5672e-013
251	2.5324e-013
252	1.934e-013
253	1.0777e-012
254	-1.193e-013
255	-1.4379e-013
256	-1.7535e-012
257	2.3886e-013
258	1.5454e-012
259	-1.4743e-014
260	6.7203e-013
261	-6.5564e-015
262	-2.515e-014
263	-9.8651e-015
264	2.6998e-013
265	2.6729e-014
266	-3.3195e-014
267	-7.6445e-014
268	-2.6967e-013
269	-5.7626e-014
270	-6.8079e-014
271	-1.8998e-014
272	-2.464e-013
273	-2.6883e-014
274	-2.5637e-013
275	-5.9704e-015
276	8.6773e-014
277	-1.9483e-012
278	0.
279	0.
280	-1.4861e-014
281	-6.1443e-013
282	1.169e-012
283	-8.9024e-013
284	1.2264e-012
285	-1.3413e-013
286	-4.4165e-014
287	9.0993e-014
288	-3.8287e-013
289	7.8194e-006
290	1.0092e-005
291	8.5725e-006
292	4.0398e-006
293	1.3997e-005
294	1.0011e-005
295	2.6575e-006
296	1.2527e-005
297	2.5629e-006
298	-4.8693e-006
299	-1.3274e-005
300	-8.2321e-006
301	-1.0169e-005
302	-8.2725e-006
303	-7.5422e-006
304	-4.1988e-006
305	1.5726e-006
306	4.866e-006
307	0.
308	-1.4084e-006
309	-2.3046e-006
310	-3.6868e-006
311	-5.2029e-006
312	-8.0994e-006
313	-1.096e-005
314	-1.2651e-005
315	-1.4748e-005
316	0.
317	0.
318	0.
319	0.
320	0.
321	0.
322	0.
323	7.827e-006
324	6.8599e-006
325	6.0731e-006
326	5.1853e-006
327	4.1949e-006
328	3.0845e-006
329	2.1662e-006
330	1.0305e-006
331	8.9239e-006
332	0.
333	0.
334	0.
335	0.
336	0.
337	0.
338	0.
339	0.
340	0.
341	0.
342	0.
343	4.7055e-006
344	9.9853e-006
345	1.231e-005
346	1.9286e-005
347	1.2566e-005
348	6.9933e-006
349	9.7225e-006
350	9.4725e-006
351	0.
352	0.
353	0.
354	1.0301e-007
355	2.5771e-007
356	4.9171e-007
357	9.0094e-007
358	1.6473e-006
359	4.3955e-006
360	8.4366e-006
361	1.7496e-005
362	1.9948e-005
363	1.9514e-005
364	1.7313e-005
365	1.4544e-005
366	1.1909e-005
367	9.6479e-006
368	7.4137e-006
369	5.2333e-006
370	3.3903e-006
371	1.4069e-006
372	0.
373	0.
374	0.
375	0.
376	0.
377	0.
378	0.
379	0.
380	0.
381	0.
382	0.
383	0.
384	0.
385	0.
386	0.
387	0.
388	0.
389	0.
390	0.
391	0.
392	0.
393	0.
394	0.
395	0.
396	0.
397	0.
398	0.
399	-1.3657e-005
400	-1.0484e-005
401	2.8914e-006
402	-2.374e-006
403	0.
404	0.
405	0.
406	0.
407	0.
408	0.
409	0.
410	0.
411	0.
412	0.
413	0.
414	0.
415	4.5699e-009
416	8.6486e-006
417	2.5776e-007
418	1.0209e-006
419	1.8903e-005
420	9.4224e-008
421	1.3569e-006
422	2.6329e-007
423	-4.0111e-006
424	-1.6112e-006
425	-4.8474e-006
426	9.6724e-007
427	3.1352e-006
428	-2.4074e-007
429	-9.8244e-006
430	3.8802e-006
431	6.0895e-006
432	1.0735e-005
433	3.9867e-006
434	4.4362e-007
435	2.7678e-006
436	2.7771e-006
437	-1.7569e-006
438	1.2971e-006
439	1.2559e-006
440	1.0633e-005
441	-8.5333e-006
442	1.6962e-005
443	1.07e-005
444	4.1409e-006
445	9.6791e-007
446	1.5859e-006
