Node Number	Directional Deformation (mm)
1	-1.7606e-004
2	-7.2343e-004
3	0.49746
4	0.48558
5	0.51824
6	0.58225
7	0.9435
8	1.325
9	1.7513
10	1.5332
11	-0.11877
12	-0.18796
13	0.14876
14	1.0361e-002
15	-2.0212e-002
16	1.6497e-003
17	1.043e-003
18	2.5467e-003
19	2.2876e-004
20	1.1658
21	-2.8675e-003
22	6.6625e-004
23	6.3346e-003
24	-3.1795e-003
25	-5.0851e-003
26	5.8244e-002
27	3.6893e-002
28	-0.88406
29	-2.2267
30	-1.4565
31	-9.0177e-002
32	0.62427
33	0.92245
34	0.91351
35	1.0405
36	1.1163
37	1.0267e-002
38	8.1891e-003
39	6.2656e-003
40	8.5685e-003
41	1.0655e-002
42	1.0229e-002
43	3.9786e-003
44	0.57118
45	1.0339e-002
46	6.8386e-003
47	1.8084e-003
48	-1.7676e-002
49	3.6172e-002
50	1.6709e-002
51	5.6514e-002
52	-0.11312
53	5.8132e-002
54	2.3123
55	1.9119
56	0.98731
57	0.47862
58	0.54267
59	0.52708
60	0.53144
61	0.57767
62	0.57231
63	0.52925
64	0.5088
65	0.48086
66	0.47886
67	8.556e-003
68	-9.7204e-004
69	6.1078e-003
70	6.1146e-003
71	7.4604e-003
72	6.6656e-003
73	8.2893e-003
74	1.1625
75	8.5688e-003
76	1.6242e-002
77	-3.7089e-002
78	8.9148e-002
79	-0.15319
80	-1.4146
81	-0.8988
82	0.40127
83	0.50714
84	0.92682
85	1.0821
86	1.1784
87	1.1544
88	1.1437
89	1.139
90	0.83835
91	-1.8258e-002
92	-6.9727e-002
93	-1.5686
94	1.2464e-002
95	-0.31486
96	0.65687
97	1.686e-002
98	-2.2467
99	1.0591
100	-6.0288e-002
101	-1.3983
102	0.29918
103	1.0256
104	-3.699e-002
105	1.0448
106	-0.12424
107	-4.6734e-002
108	4.0495e-002
109	0.8699
110	-1.9924e-002
111	-0.36022
112	0.63235
113	-1.2886e-003
114	1.568
115	4.9183e-002
116	6.2961e-003
117	0.42087
118	-2.0866e-002
119	5.6394e-003
120	1.1661e-002
121	0.5537
122	0.59892
123	0.56197
124	-2.4523e-003
125	-0.31891
126	0.93844
127	0.69319
128	-2.9312e-002
129	-1.2116e-002
130	1.2269e-002
131	0.48962
132	1.396
133	-2.8914e-002
134	-1.7071e-002
135	0.89066
136	0.
137	0.
138	0.
139	0.
140	-5.3663e-013
141	-1.7725e-012
142	-8.5843e-013
143	-1.55e-012
144	-2.1183e-012
145	-6.9595e-013
146	0.
147	0.
148	-4.2945e-013
149	-6.2924e-013
150	-6.1788e-013
151	-3.5527e-013
152	-3.0296e-013
153	-2.7678e-013
154	0.
155	0.
156	-1.0824e-012
157	1.2705e-012
158	5.9434e-013
159	-2.5005e-012
160	-2.5058e-012
161	-4.6723e-013
162	0.
163	0.
164	0.
165	0.
166	0.
167	0.
168	0.
169	0.
170	0.
171	0.
172	-9.923e-015
173	-2.1971e-014
174	-2.6094e-014
175	-2.9755e-014
176	-2.703e-014
177	-1.2391e-014
178	0.
179	0.
180	0.
181	0.
182	0.
183	0.
184	0.
185	0.
186	0.
187	0.
188	0.
189	-1.0346e-014
190	-2.3019e-014
191	-2.3388e-014
192	-1.9433e-014
193	-1.1418e-014
194	-6.3181e-015
195	0.
196	0.
197	0.
198	0.
199	0.
200	0.
201	0.
202	0.
203	0.
204	0.
205	0.
206	0.
207	0.
208	0.
209	0.
210	0.
211	0.
212	0.
213	0.
214	0.
215	0.
216	0.
217	0.
218	0.
219	0.
220	0.
221	0.
222	0.
223	0.
224	0.
225	0.
226	0.
227	0.
228	0.
229	0.
230	0.
231	0.
232	0.
233	0.
234	0.
235	0.
236	1.8433e-013
237	2.2747e-013
238	2.3495e-013
239	2.1076e-013
240	1.5401e-013
241	7.0133e-014
242	-4.2546e-012
243	2.099e-012
244	2.6323e-012
245	-4.3464e-012
246	-1.4737e-012
247	1.701e-012
248	0.
249	-5.7798e-013
250	8.1071e-013
251	3.2662e-013
252	2.1539e-013
253	1.8932e-012
254	-6.2798e-014
255	1.1998e-013
256	-2.246e-012
257	2.9667e-013
258	1.9408e-012
259	5.7045e-015
260	8.2109e-013
261	-2.2452e-015
262	-2.5609e-014
263	-8.4669e-015
264	3.7821e-013
265	6.2025e-014
266	-5.1785e-014
267	-1.1166e-013
268	-4.0505e-013
269	-8.143e-014
270	-9.0748e-014
271	-2.6043e-014
272	-3.6151e-013
273	-3.3545e-014
274	-3.3543e-013
275	-3.8746e-015
276	3.2723e-016
277	-2.4807e-012
278	0.
279	0.
280	1.5191e-014
281	-7.5722e-013
282	1.3052e-012
283	-1.1073e-012
284	1.6028e-012
285	-8.4598e-014
286	-4.1143e-014
287	1.1207e-013
288	-4.7007e-013
289	-1.6703e-003
290	-9.0521e-004
291	-1.419e-003
292	-1.3359e-003
293	-8.2975e-004
294	-1.0278e-003
295	-1.1526e-003
296	-1.2017e-003
297	-1.2508e-003
298	-1.353e-003
299	-3.2391e-003
300	-2.4836e-003
301	-3.1661e-003
302	-2.9151e-003
303	-2.568e-003
304	-2.4428e-003
305	-2.0549e-003
306	-1.7981e-003
307	0.
308	-7.5009e-004
309	-1.1621e-003
310	-1.6418e-003
311	-2.2182e-003
312	-2.9828e-003
313	-3.5042e-003
314	-3.5331e-003
315	-3.6786e-003
316	0.
317	0.
318	0.
319	0.
320	0.
321	0.
322	0.
323	-1.7539e-003
324	-1.7652e-003
325	-1.7557e-003
326	-1.5788e-003
327	-1.3871e-003
328	-1.2558e-003
329	-9.8053e-004
330	-5.5794e-004
331	-3.0967e-004
332	0.
333	0.
334	0.
335	0.
336	0.
337	0.
338	0.
339	0.
340	0.
341	0.
342	0.
343	2.4822e-003
344	-2.6358e-004
345	-2.5807e-004
346	-1.0851e-004
347	-2.1421e-004
348	-2.6616e-004
349	-2.2934e-004
350	-1.2711e-004
351	0.
352	0.
353	0.
354	6.888e-006
355	1.8761e-005
356	3.7932e-005
357	7.6981e-005
358	1.5284e-004
359	2.8799e-004
360	7.3803e-004
361	1.2937e-003
362	1.7178e-003
363	1.9183e-003
364	2.0833e-003
365	2.162e-003
366	2.0224e-003
367	1.8423e-003
368	1.6031e-003
369	1.3009e-003
370	9.6597e-004
371	4.1601e-004
372	0.
373	0.
374	0.
375	0.
376	0.
377	0.
378	0.
379	0.
380	0.
381	0.
382	0.
383	0.
384	0.
385	0.
386	0.
387	0.
388	0.
389	0.
390	0.
391	0.
392	0.
393	0.
394	0.
395	0.
396	0.
397	0.
398	0.
399	-4.4615e-004
400	-5.1216e-004
401	2.9416e-004
402	-7.0818e-004
403	0.
404	0.
405	0.
406	0.
407	0.
408	0.
409	0.
410	0.
411	0.
412	0.
413	0.
414	0.
415	1.2301e-005
416	3.4321e-004
417	1.5612e-005
418	6.6656e-005
419	2.1913e-003
420	1.41e-004
421	-1.3944e-003
422	-2.0981e-003
423	-2.729e-003
424	-1.5064e-003
425	-2.8542e-003
426	-4.5525e-004
427	-2.1992e-003
428	-7.3716e-004
429	-3.3568e-003
430	-1.7139e-003
431	2.2342e-003
432	2.0734e-003
433	1.5899e-003
434	7.2759e-006
435	4.0941e-004
436	-1.7779e-004
437	2.1328e-003
438	2.6078e-003
439	1.4195e-003
440	-2.4935e-004
441	-8.2998e-004
442	9.9806e-004
443	4.2281e-004
444	5.6227e-004
445	-2.1461e-004
446	-1.4871e-004
