Node Number	Directional Deformation (mm)
1	2.3766e-003
2	3.8059e-003
3	1.0091
4	1.0407
5	1.165
6	1.3899
7	1.7353
8	1.8223
9	1.8001
10	1.3508
11	0.36018
12	-0.1284
13	4.8908e-002
14	1.5233e-002
15	1.2462e-002
16	1.3174e-002
17	6.9534e-003
18	2.6785e-003
19	2.2855e-003
20	1.0925
21	4.4584e-003
22	4.8313e-003
23	4.4213e-003
24	7.0452e-003
25	2.1291e-002
26	5.7405e-002
27	-0.10064
28	-0.75353
29	-1.4006
30	-1.067
31	-0.38498
32	0.19069
33	0.58266
34	0.759
35	1.0385
36	1.0795
37	-5.5505e-003
38	-4.4936e-003
39	-2.2986e-003
40	-2.5708e-003
41	-1.3581e-003
42	-1.1313e-003
43	7.2357e-004
44	1.0117
45	-6.7011e-003
46	-8.3646e-003
47	-5.719e-003
48	9.9439e-003
49	2.6876e-002
50	-2.1175e-002
51	-4.5045e-002
52	-0.20777
53	0.12402
54	1.3298
55	1.7414
56	1.5162
57	1.1461
58	1.157
59	1.0794
60	1.0116
61	1.0394
62	1.0897
63	1.0021
64	1.0072
65	0.99725
66	0.98368
67	-4.9814e-003
68	3.0648e-003
69	1.1636e-003
70	1.539e-004
71	-1.4787e-003
72	-1.0381e-003
73	-3.7137e-003
74	1.028
75	-6.1872e-003
76	-1.6912e-002
77	-7.6886e-003
78	0.10292
79	-0.25374
80	-1.3389
81	-1.2131
82	-0.29809
83	0.10161
84	0.6572
85	0.94744
86	1.0335
87	0.96118
88	1.0056
89	1.0401
90	0.64236
91	3.0101e-002
92	1.3534e-002
93	-1.3649
94	-3.1168e-003
95	-0.28851
96	0.22993
97	1.6872e-003
98	-1.8404
99	0.86016
100	7.0613e-002
101	-1.016
102	-0.25776
103	0.97954
104	-2.7874e-003
105	1.6431
106	2.3057e-002
107	1.1007e-002
108	-4.4759e-002
109	1.7097
110	3.4651e-002
111	3.4926e-002
112	1.3449
113	1.0617e-002
114	1.4618
115	-1.2107e-002
116	-8.3776e-004
117	1.0745
118	-2.0004e-002
119	4.0125e-002
120	5.5062e-004
121	1.1135
122	1.0407
123	1.2197
124	5.757e-003
125	0.34711
126	1.352
127	0.59516
128	-7.8127e-002
129	2.1755e-002
130	-1.7748e-003
131	0.98495
132	1.5939
133	-4.3829e-002
134	3.0872e-002
135	1.6417
136	0.
137	0.
138	0.
139	0.
140	1.8981e-012
141	-7.2539e-013
142	-9.9908e-013
143	2.2008e-012
144	2.6642e-012
145	2.2743e-012
146	0.
147	0.
148	2.4237e-012
149	2.7719e-012
150	3.0413e-012
151	3.8354e-012
152	1.822e-012
153	1.8111e-012
154	0.
155	0.
156	4.6224e-012
157	1.2006e-012
158	1.4758e-011
159	7.314e-012
160	1.3824e-011
161	3.4499e-012
162	0.
163	0.
164	0.
165	0.
166	0.
167	0.
168	0.
169	0.
170	0.
171	0.
172	2.2856e-014
173	1.6969e-013
174	7.32e-014
175	7.6077e-014
176	1.4491e-013
177	1.7112e-013
178	0.
179	0.
180	0.
181	0.
182	0.
183	0.
184	0.
185	0.
186	0.
187	0.
188	0.
189	-1.9971e-013
190	-4.0562e-013
191	-6.5313e-013
192	-7.8017e-013
193	-5.9977e-013
194	-3.9242e-013
195	0.
196	0.
197	0.
198	0.
199	0.
200	0.
201	0.
202	0.
203	0.
204	0.
205	0.
206	0.
207	0.
208	0.
209	0.
210	0.
211	0.
212	0.
213	0.
214	0.
215	0.
216	0.
217	0.
218	0.
219	0.
220	0.
221	0.
222	0.
223	0.
224	0.
225	0.
226	0.
227	0.
228	0.
229	0.
230	0.
231	0.
232	0.
233	0.
234	0.
235	0.
236	-4.6554e-013
237	-4.481e-013
238	-4.8619e-013
239	-4.4637e-013
240	-4.9636e-013
241	-3.4431e-013
242	4.0038e-012
243	-2.4254e-012
244	1.1229e-011
245	4.6398e-012
246	6.5174e-012
247	-1.176e-012
248	0.
249	-4.329e-013
250	-3.8767e-012
251	-1.5473e-012
252	-5.912e-013
253	-1.8417e-012
254	-1.134e-012
255	-2.6148e-012
256	2.7543e-012
257	-8.3522e-013
258	-5.816e-012
259	-3.4762e-013
260	-2.7727e-012
261	-7.023e-013
262	-1.0381e-012
263	-5.373e-013
264	-1.4597e-012
265	-1.9377e-012
266	1.0413e-012
267	1.9373e-012
268	6.5886e-012
269	9.8817e-013
270	1.3204e-012
271	3.1546e-013
272	4.4722e-012
273	1.0357e-013
274	2.3922e-012
275	-2.3527e-013
276	7.0613e-012
277	1.4435e-011
278	0.
279	0.
280	-1.6017e-012
281	2.2282e-012
282	1.0376e-011
283	6.3948e-012
284	6.6842e-012
285	-1.8002e-012
286	4.6601e-013
287	-1.7366e-013
288	2.1595e-012
289	-0.48889
290	-0.32824
291	-0.48642
292	-0.33694
293	-0.35552
294	-0.34344
295	-0.32788
296	-0.31643
297	-0.31177
298	-0.35036
299	-0.56969
300	-0.51903
301	-0.51852
302	-0.52593
303	-0.51063
304	-0.50657
305	-0.50065
306	-0.51502
307	0.
308	-9.0245e-002
309	-0.13933
310	-0.20948
311	-0.28411
312	-0.38362
313	-0.47435
314	-0.49659
315	-0.53697
316	0.
317	0.
318	0.
319	0.
320	0.
321	0.
322	0.
323	-0.43369
324	-0.38153
325	-0.33818
326	-0.28332
327	-0.23479
328	-0.2028
329	-0.15179
330	-8.3923e-002
331	-9.1621e-002
332	0.
333	0.
334	0.
335	0.
336	0.
337	0.
338	0.
339	0.
340	0.
341	0.
342	0.
343	0.39347
344	-0.11007
345	-9.9522e-002
346	-4.2357e-002
347	-9.9734e-002
348	-0.1078
349	-0.12733
350	-0.1258
351	0.
352	0.
353	0.
354	2.4649e-003
355	6.6969e-003
356	1.3728e-002
357	2.8128e-002
358	5.7015e-002
359	0.10425
360	0.26985
361	0.53644
362	0.51104
363	0.47095
364	0.42141
365	0.36
366	0.30093
367	0.2663
368	0.22143
369	0.17593
370	0.12844
371	5.5034e-002
372	0.
373	0.
374	0.
375	0.
376	0.
377	0.
378	0.
379	0.
380	0.
381	0.
382	0.
383	0.
384	0.
385	0.
386	0.
387	0.
388	0.
389	0.
390	0.
391	0.
392	0.
393	0.
394	0.
395	0.
396	0.
397	0.
398	0.
399	-0.14541
400	-0.11202
401	1.9341e-002
402	-7.5073e-002
403	0.
404	0.
405	0.
406	0.
407	0.
408	0.
409	0.
410	0.
411	0.
412	0.
413	0.
414	0.
415	4.6189e-003
416	0.13053
417	5.6183e-003
418	2.4961e-002
419	0.50189
420	5.0416e-002
421	-0.21554
422	-0.32662
423	-0.46686
424	-0.19787
425	-0.39007
426	-6.5236e-002
427	-0.40709
428	-9.3793e-002
429	-0.5014
430	-0.30116
431	0.29946
432	0.32857
433	0.21409
434	6.7786e-003
435	0.14826
436	-3.2649e-002
437	0.22278
438	0.30193
439	0.17984
440	-7.1482e-002
441	-0.17889
442	0.24984
443	9.8958e-002
444	8.919e-002
445	-3.0457e-002
446	-2.7039e-002
