Node Number	Directional Deformation (mm)
1	-1.3595e-003
2	-6.2796e-004
3	0.31086
4	0.27284
5	0.28432
6	0.32751
7	0.68029
8	1.0603
9	1.496
10	1.3508
11	-0.15488
12	-0.17335
13	0.11473
14	5.867e-003
15	-2.161e-002
16	5.2673e-004
17	1.1647e-003
18	2.2845e-003
19	-5.0412e-004
20	1.1686
21	-3.0956e-003
22	-3.905e-004
23	4.9783e-003
24	-2.8742e-003
25	-6.2126e-003
26	4.6426e-002
27	3.507e-002
28	-0.83493
29	-2.1573
30	-1.4627
31	-0.16146
32	0.53016
33	0.82831
34	0.83788
35	0.99181
36	1.0927
37	8.5913e-003
38	7.0165e-003
39	5.7598e-003
40	8.2157e-003
41	9.9483e-003
42	8.793e-003
43	2.7449e-003
44	0.36615
45	9.3983e-003
46	7.7449e-003
47	2.7401e-003
48	-1.725e-002
49	2.9595e-002
50	1.2845e-002
51	5.4748e-002
52	-9.7483e-002
53	5.0708e-003
54	2.0696
55	1.6143
56	0.69752
57	0.19634
58	0.27863
59	0.27922
60	0.3022
61	0.37229
62	0.37188
63	0.32787
64	0.30734
65	0.28333
66	0.28529
67	7.661e-003
68	-1.2911e-003
69	5.34e-003
70	5.7184e-003
71	7.2437e-003
72	5.8259e-003
73	7.1106e-003
74	1.1701
75	7.5447e-003
76	1.719e-002
77	-3.4005e-002
78	7.5504e-002
79	-0.13966
80	-1.2937
81	-0.9402
82	0.28088
83	0.4034
84	0.85961
85	1.0501
86	1.1785
87	1.1489
88	1.1354
89	1.1345
90	0.7503
91	-2.1968e-002
92	-6.0783e-002
93	-1.5558
94	1.3207e-002
95	-0.28462
96	0.57459
97	1.5313e-002
98	-2.1617
99	1.0068
100	-6.1771e-002
101	-1.3007
102	0.21408
103	0.97637
104	-2.9283e-002
105	0.78235
106	-0.1181
107	-4.1137e-002
108	3.8351e-002
109	0.59998
110	-2.0624e-002
111	-0.38171
112	0.37539
113	2.3675e-003
114	1.3338
115	4.2565e-002
116	6.4342e-003
117	0.17479
118	-2.4715e-002
119	-5.5435e-003
120	1.0856e-002
121	0.31066
122	0.41624
123	0.29134
124	1.431e-003
125	-0.38316
126	0.70039
127	0.60826
128	-1.9282e-002
129	-1.4854e-002
130	1.241e-002
131	0.26167
132	1.1282
133	-1.594e-002
134	-1.8079e-002
135	0.61962
136	0.
137	0.
138	0.
139	0.
140	-5.3047e-013
141	-1.5476e-012
142	-6.1841e-013
143	-1.3447e-012
144	-1.8495e-012
145	-5.9812e-013
146	0.
147	0.
148	-3.5165e-013
149	-5.3488e-013
150	-5.2588e-013
151	-2.6294e-013
152	-2.423e-013
153	-2.2849e-013
154	0.
155	0.
156	-1.0145e-012
157	1.4684e-012
158	8.0626e-013
159	-2.023e-012
160	-2.3549e-012
161	-3.9512e-013
162	0.
163	0.
164	0.
165	0.
166	0.
167	0.
168	0.
169	0.
170	0.
171	0.
172	-8.3563e-015
173	-1.7999e-014
174	-2.1932e-014
175	-2.5225e-014
176	-2.2915e-014
177	-1.0632e-014
178	0.
179	0.
180	0.
181	0.
182	0.
183	0.
184	0.
185	0.
186	0.
187	0.
188	0.
189	-9.4313e-015
190	-2.047e-014
191	-2.1625e-014
192	-1.8595e-014
193	-1.1651e-014
194	-6.5334e-015
195	0.
196	0.
197	0.
198	0.
199	0.
200	0.
201	0.
202	0.
203	0.
204	0.
205	0.
206	0.
207	0.
208	0.
209	0.
210	0.
211	0.
212	0.
213	0.
214	0.
215	0.
216	0.
217	0.
218	0.
219	0.
220	0.
221	0.
222	0.
223	0.
224	0.
225	0.
226	0.
227	0.
228	0.
229	0.
230	0.
231	0.
232	0.
233	0.
234	0.
235	0.
236	1.6372e-013
237	2.0989e-013
238	2.1361e-013
239	1.8582e-013
240	1.3346e-013
241	4.4456e-014
242	-2.9463e-012
243	6.0202e-013
244	2.5385e-012
245	-3.6468e-012
246	-1.3418e-012
247	1.4309e-012
248	0.
249	-5.5521e-013
250	6.2477e-013
251	2.7309e-013
252	1.9946e-013
253	1.2763e-012
254	-1.0393e-013
255	-6.8577e-014
256	-1.8827e-012
257	2.5369e-013
258	1.6581e-012
259	-9.2203e-015
260	7.1699e-013
261	-5.0479e-015
262	-2.4876e-014
263	-9.2444e-015
264	2.9936e-013
265	3.7608e-014
266	-3.8521e-014
267	-8.626e-014
268	-3.0783e-013
269	-6.4275e-014
270	-7.4298e-014
271	-2.0916e-014
272	-2.7808e-013
273	-2.8568e-014
274	-2.7798e-013
275	-5.1207e-015
276	6.9344e-014
277	-2.0966e-012
278	0.
279	0.
280	-5.492e-015
281	-6.5372e-013
282	1.2112e-012
283	-9.5606e-013
284	1.2959e-012
285	-1.1296e-013
286	-4.3965e-014
287	9.6844e-014
288	-4.0554e-013
289	7.8194e-006
290	1.0092e-005
291	8.5725e-006
292	4.0398e-006
293	1.3997e-005
294	1.0011e-005
295	2.6575e-006
296	1.2527e-005
297	2.5629e-006
298	-4.8693e-006
299	-1.3274e-005
300	-8.2321e-006
301	-1.0169e-005
302	-8.2725e-006
303	-7.5422e-006
304	-4.1988e-006
305	1.5726e-006
306	4.866e-006
307	0.
308	-1.4084e-006
309	-2.3046e-006
310	-3.6868e-006
311	-5.2029e-006
312	-8.0994e-006
313	-1.096e-005
314	-1.2651e-005
315	-1.4748e-005
316	0.
317	0.
318	0.
319	0.
320	0.
321	0.
322	0.
323	7.827e-006
324	6.8599e-006
325	6.0731e-006
326	5.1853e-006
327	4.1949e-006
328	3.0845e-006
329	2.1662e-006
330	1.0305e-006
331	8.9239e-006
332	0.
333	0.
334	0.
335	0.
336	0.
337	0.
338	0.
339	0.
340	0.
341	0.
342	0.
343	4.7055e-006
344	9.9853e-006
345	1.231e-005
346	1.9286e-005
347	1.2566e-005
348	6.9933e-006
349	9.7225e-006
350	9.4725e-006
351	0.
352	0.
353	0.
354	1.0301e-007
355	2.5771e-007
356	4.9171e-007
357	9.0094e-007
358	1.6473e-006
359	4.3955e-006
360	8.4366e-006
361	1.7496e-005
362	1.9948e-005
363	1.9514e-005
364	1.7313e-005
365	1.4544e-005
366	1.1909e-005
367	9.6479e-006
368	7.4137e-006
369	5.2333e-006
370	3.3903e-006
371	1.4069e-006
372	0.
373	0.
374	0.
375	0.
376	0.
377	0.
378	0.
379	0.
380	0.
381	0.
382	0.
383	0.
384	0.
385	0.
386	0.
387	0.
388	0.
389	0.
390	0.
391	0.
392	0.
393	0.
394	0.
395	0.
396	0.
397	0.
398	0.
399	-1.3657e-005
400	-1.0484e-005
401	2.8914e-006
402	-2.374e-006
403	0.
404	0.
405	0.
406	0.
407	0.
408	0.
409	0.
410	0.
411	0.
412	0.
413	0.
414	0.
415	4.5699e-009
416	8.6486e-006
417	2.5776e-007
418	1.0209e-006
419	1.8903e-005
420	9.4224e-008
421	1.3569e-006
422	2.6329e-007
423	-4.0111e-006
424	-1.6112e-006
425	-4.8474e-006
426	9.6724e-007
427	3.1352e-006
428	-2.4074e-007
429	-9.8244e-006
430	3.8802e-006
431	6.0895e-006
432	1.0735e-005
433	3.9867e-006
434	4.4362e-007
435	2.7678e-006
436	2.7771e-006
437	-1.7569e-006
438	1.2971e-006
439	1.2559e-006
440	1.0633e-005
441	-8.5333e-006
442	1.6962e-005
443	1.07e-005
444	4.1409e-006
445	9.6791e-007
446	1.5859e-006
