Node Number	Directional Deformation (mm)
1	1.4523e-003
2	-3.3208e-004
3	-13.407
4	-14.618
5	-15.646
6	-16.552
7	-16.977
8	-16.523
9	-15.222
10	-10.363
11	-2.2329
12	0.97008
13	-0.46626
14	-0.21268
15	5.6919e-002
16	-7.3578e-003
17	-1.9191e-002
18	-1.3865e-002
19	-5.117e-003
20	-13.462
21	-9.1493e-003
22	-1.6208e-002
23	-1.482e-002
24	-2.7518e-003
25	3.5976e-002
26	-0.1809
27	-2.5613e-002
28	0.32835
29	-3.6326
30	-11.348
31	-15.439
32	-16.679
33	-17.087
34	-16.643
35	-15.685
36	-14.648
37	-2.4585e-003
38	-3.2412e-003
39	1.5624e-003
40	4.5817e-003
41	3.7193e-003
42	-8.8173e-004
43	-4.9633e-003
44	-13.611
45	-5.6212e-003
46	-5.7394e-003
47	4.1371e-002
48	0.13167
49	-6.9296e-002
50	-9.8312e-002
51	-0.28457
52	0.4861
53	-0.44849
54	-11.094
55	-15.539
56	-17.113
57	-17.198
58	-16.507
59	-15.75
60	-14.748
61	-13.754
62	-13.848
63	-13.871
64	-13.892
65	-13.81
66	-13.658
67	-4.4901e-003
68	-7.0741e-003
69	-2.4149e-003
70	6.5367e-004
71	6.5284e-003
72	-1.3817e-003
73	-4.3612e-003
74	-13.653
75	-1.3244e-002
76	3.9735e-002
77	0.12319
78	-0.40382
79	-0.18183
80	-4.2325e-002
81	-11.321
82	-16.751
83	-17.513
84	-16.463
85	-15.225
86	-13.829
87	-13.904
88	-13.927
89	-13.756
90	-17.411
91	-0.45361
92	0.10812
93	-10.185
94	1.335e-002
95	1.1071
96	-17.05
97	-3.458e-003
98	-9.8964
99	-15.957
100	-0.24167
101	0.57534
102	-16.4
103	-15.742
104	7.3731e-002
105	-16.816
106	-2.7093e-002
107	9.1005e-002
108	-0.30665
109	-17.319
110	-3.8984e-002
111	-4.7518
112	-16.609
113	2.4584e-002
114	-14.281
115	-0.45669
116	-6.9427e-003
117	-16.052
118	1.8177
119	0.24206
120	-1.2819e-002
121	-15.603
122	-13.157
123	-16.978
124	6.097e-002
125	-8.2385
126	-15.354
127	-4.0281
128	0.50411
129	-9.7836e-002
130	1.5536e-003
131	-15.078
132	-15.936
133	5.771e-002
134	-1.1019e-002
135	-17.27
136	0.
137	0.
138	2.8786e-005
139	1.1996e-004
140	1.5569e-004
141	1.3765e-004
142	1.0411e-004
143	5.6837e-005
144	0.
145	0.
146	3.9385e-005
147	1.226e-004
148	1.6356e-004
149	1.3112e-004
150	1.2128e-004
151	5.826e-005
152	0.
153	0.
154	0.
155	0.
156	0.
157	0.
158	0.
159	0.
160	0.
161	0.
162	0.
163	0.
164	0.
165	0.
166	0.
167	0.
168	0.
169	0.
170	0.
171	0.
172	0.
173	0.
174	0.
175	0.
176	0.
177	0.
178	0.
179	0.
180	0.
181	0.
182	0.
183	0.
184	0.
185	0.
186	0.
187	0.
188	0.
189	0.
190	0.
191	0.
192	0.
193	0.
194	0.
195	0.
196	0.
197	0.
198	0.
199	0.
200	0.
201	0.
202	0.
203	0.
204	0.
205	0.
206	0.
207	0.
208	0.
209	0.
210	0.
211	0.
212	0.
213	0.
214	0.
215	0.
216	-1.0152e-003
217	-2.3303e-003
218	-2.4731e-003
219	-2.9706e-003
220	-1.8709e-003
221	-9.4612e-004
222	-4.3873e-003
223	-6.5231e-003
224	-1.6941e-002
225	1.1588e-003
226	-2.0562e-004
227	6.7278e-004
228	-1.4204e-003
229	-9.8354e-004
230	2.0391e-004
231	3.484e-004
232	7.2626e-005
233	-1.7829e-004
234	2.7727e-003
235	3.1361e-002
236	8.845e-002
237	8.49e-002
238	1.6924e-002
239	-7.3978e-004
240	-1.9722e-002
241	-1.1152e-002
242	-7.3243e-002
243	1.821e-003
244	-1.238e-002
245	-1.6568e-003
246	0.
247	0.
248	-5.8389e-003
249	-3.9502e-002
250	-3.3674e-003
251	8.4973e-004
252	-2.5179e-002
253	-5.8002e-003
254	8.578e-003
255	8.7176e-002
256	-1.4853e-003
257	-5.0561e-003
258	-2.4901e-003
259	8.6068e-004
260	-3.9435e-004
261	-1.1828e-003
262	-2.6226e-003
263	-2.6166e-004
264	-7.0892e-004
265	-1.8275e-003
266	1.0503e-004
267	-1.1245e-003
268	6.1577e-005
269	-7.6165e-004
270	-3.012e-004
271	8.9191e-005
272	4.7594e-005
273	-3.4445e-003
274	-1.3043e-003
275	-9.8316e-003
276	0.
277	8.5164e-003
278	-1.2551e-003
279	0.
280	5.5903e-003
281	5.6035e-003
282	3.6562e-003
283	-1.082e-003
284	1.9619e-002
285	-5.1726e-004
286	-3.8539e-003
287	-4.6467e-003
288	-2.9872e-004
289	-18.045
290	-18.045
291	-18.045
292	-18.045
293	-18.045
294	-18.045
295	-18.045
296	-18.045
297	-18.045
298	-18.045
299	-18.045
300	-18.045
301	-18.045
302	-18.045
303	-18.045
304	-18.045
305	-18.045
306	-18.045
307	-18.045
308	-18.045
309	-18.045
310	-18.045
311	-18.045
312	-18.045
313	-18.045
314	-18.045
315	-18.045
316	-18.045
317	-18.045
318	-18.045
319	-18.045
320	-18.045
321	-18.045
322	-18.045
323	-18.045
324	-18.045
325	-18.045
326	-18.045
327	-18.045
328	-18.045
329	-18.045
330	-18.045
331	-18.045
332	-18.045
333	-18.045
334	-18.045
335	-18.045
336	-18.045
337	-18.045
338	-18.045
339	-18.045
340	-18.045
341	-18.045
342	-18.045
343	-18.045
344	-18.045
345	-18.045
346	-18.045
347	-18.045
348	-18.045
349	-18.045
350	-18.045
351	-18.045
352	-18.045
353	-18.045
354	-18.045
355	-18.045
356	-18.045
357	-18.045
358	-18.045
359	-18.045
360	-18.045
361	-18.045
362	-18.045
363	-18.045
364	-18.045
365	-18.045
366	-18.045
367	-18.045
368	-18.045
369	-18.045
370	-18.045
371	-18.045
372	-18.045
373	-18.045
374	-18.045
375	-18.045
376	-18.045
377	-18.045
378	-18.045
379	-18.045
380	-18.045
381	-18.045
382	-18.045
383	-18.045
384	-18.045
385	-18.045
386	-18.045
387	-18.045
388	-18.045
389	-18.045
390	-18.045
391	-18.045
392	-18.045
393	-18.045
394	-18.045
395	-18.045
396	-18.045
397	-18.045
398	-18.045
399	-18.045
400	-18.045
401	-18.045
402	-18.045
403	-18.045
404	-18.045
405	-18.045
406	-18.045
407	-18.045
408	-18.045
409	-18.045
410	-18.045
411	-18.045
412	-18.045
413	-18.045
414	-18.045
415	-18.045
416	-18.045
417	-18.045
418	-18.045
419	-18.045
420	-18.045
421	-18.045
422	-18.045
423	-18.045
424	-18.045
425	-18.045
426	-18.045
427	-18.045
428	-18.045
429	-18.045
430	-18.045
431	-18.045
432	-18.045
433	-18.045
434	-18.045
435	-18.045
436	-18.045
437	-18.045
438	-18.045
439	-18.045
440	-18.045
441	-18.045
442	-18.045
443	-18.045
444	-18.045
445	-18.045
446	-18.045
