Node Number	Equivalent (von-Mises) Stress (MPa)
1	3.7384
2	0.89487
3	0.99636
4	1.5713
5	4.8881
6	6.4659
7	10.558
8	14.654
9	19.989
10	38.234
11	81.474
12	106.45
13	126.27
14	104.27
15	29.736
16	19.459
17	7.6081
18	4.7866
19	6.6055
20	1.2009
21	0.94059
22	2.7264
23	8.792
24	16.005
25	18.197
26	32.21
27	84.212
28	101.54
29	63.855
30	57.791
31	19.225
32	14.437
33	12.668
34	8.9208
35	6.9343
36	2.1326
37	6.0152
38	3.0689
39	2.1766
40	2.4136
41	6.2078
42	5.7544
43	5.2254
44	2.3466
45	3.0524
46	11.76
47	11.932
48	34.423
49	54.466
50	47.451
51	87.486
52	183.53
53	112.29
54	42.566
55	47.057
56	43.426
57	29.514
58	12.954
59	9.0124
60	4.1021
61	2.7804
62	5.165
63	5.1526
64	5.7622
65	3.5799
66	1.6898
67	3.7749
68	3.2076
69	1.8589
70	2.8511
71	3.8476
72	3.0261
73	1.7654
74	3.2113
75	4.2658
76	13.139
77	29.113
78	18.591
79	57.419
80	134.61
81	60.91
82	55.035
83	43.882
84	19.107
85	7.9322
86	4.5587
87	6.8228
88	7.0931
89	2.608
90	14.114
91	36.17
92	11.386
93	43.929
94	6.611
95	47.814
96	18.605
97	7.4375
98	57.72
99	7.5191
100	30.031
101	39.527
102	17.757
103	4.3486
104	16.563
105	24.399
106	94.168
107	27.13
108	154.41
109	16.641
110	15.947
111	109.77
112	11.981
113	9.8547
114	33.493
115	129.99
116	4.0901
117	5.9804
118	107.99
119	88.501
120	2.9652
121	7.1879
122	45.162
123	17.9
124	9.3929
125	64.355
126	36.628
127	64.671
128	76.973
129	25.486
130	3.1918
131	5.4357
132	39.811
133	101.26
134	32.883
135	9.6803
136	45.203
137	30.336
138	33.856
139	15.789
140	39.159
141	137.1
142	230.39
143	153.01
144	62.569
145	17.858
146	33.993
147	24.962
148	22.821
149	20.981
150	22.314
151	46.65
152	33.123
153	30.628
154	39.363
155	28.112
156	45.04
157	139.14
158	261.7
159	458.41
160	430.66
161	249.
162	53.542
163	30.073
164	1.2433
165	1.3004
166	1.86
167	2.4142
168	4.8192
169	7.0106
170	6.9745
171	10.588
172	18.727
173	2.3601
174	1.6078
175	1.3276
176	0.91061
177	0.83431
178	1.0236
179	1.3063
180	28.513
181	17.779
182	10.251
183	10.251
184	5.4678
185	3.7901
186	1.7907
187	1.5711
188	1.4053
189	1.9965
190	1.3337
191	1.0256
192	0.67454
193	0.79244
194	1.2356
195	1.4408
196	60.373
197	5.0986
198	5.2321
199	5.5094
200	16.579
201	34.769
202	30.814
203	27.969
204	41.215
205	2.3672
206	17.18
207	2.3768
208	2.3466
209	9.9323
210	29.263
211	29.263
212	17.019
213	27.914
214	31.65
215	35.355
216	27.192
217	28.851
218	22.813
219	14.631
220	10.188
221	6.8578
222	6.3966
223	3.778
224	2.0243
225	1.4311
226	2.0501
227	2.6753
228	97.177
229	2.3496
230	2.2679
231	17.162
232	25.166
233	35.306
234	23.988
235	66.592
236	4.4417
237	5.1145
238	3.8474
239	4.1263
240	5.0426
241	2.911
242	178.11
243	237.45
244	575.03
245	345.85
246	238.7
247	57.249
248	29.651
249	49.193
250	41.262
251	23.426
252	10.617
253	123.42
254	17.647
255	79.682
256	261.74
257	6.9801
258	20.504
259	4.922
260	35.745
261	2.6808
262	0.87085
263	1.3264
264	18.872
265	4.7055
266	2.1127
267	3.8559
268	2.5484
269	11.126
270	5.3097
271	15.363
272	1.1413
273	11.703
274	1.0677
275	6.9309
276	8.6663
277	22.666
278	10.528
279	4.0859
280	9.0308
281	11.596
282	22.468
283	71.721
284	102.38
285	41.384
286	5.8035
287	24.131
288	50.812
289	30.611
290	25.796
291	2.6015e-003
292	8.5827e-003
293	4.854e-003
294	2.3755e-002
295	5.3974e-003
296	1.5697e-002
297	3.2285e-002
298	5.9525e-002
299	7.7718e-002
300	7.9098e-002
301	2.8038e-002
302	3.0008e-002
303	2.3284e-002
304	1.8636e-002
305	8.0346e-003
306	1.0113e-002
307	6.6891e-003
308	4.1749e-003
309	1.6616e-003
310	1.047e-003
311	3.7853e-004
312	1.347e-003
313	1.9632e-003
314	6.1714e-003
315	4.7292e-003
316	7.1209e-003
317	1.4904e-002
318	5.7799e-003
319	5.1101e-003
320	4.0734e-003
321	3.4713e-003
322	2.7684e-003
323	1.9897e-003
324	9.5979e-004
325	3.6014e-003
326	4.8633e-003
327	5.6738e-003
328	6.1849e-003
329	5.9994e-003
330	5.4587e-003
331	5.085e-003
332	5.4977e-003
333	0.13247
334	0.12164
335	6.1859e-002
336	6.0084e-004
337	2.0174e-002
338	1.821e-002
339	1.821e-002
340	1.821e-002
341	7.2164e-003
342	1.3126e-003
343	5.1618e-004
344	2.7271e-003
345	1.8001e-003
346	2.3373e-002
347	8.7496e-002
348	1.137e-002
349	0.17266
350	0.10906
351	6.2486e-002
352	4.8337e-002
353	4.0437e-002
354	3.7167e-002
355	4.892e-003
356	5.8209e-003
357	5.7971e-003
358	2.3481e-004
359	5.9506e-004
360	1.1228e-003
361	2.0869e-003
362	3.6064e-003
363	7.6299e-003
364	1.0705e-002
365	2.4307e-002
366	1.9825e-002
367	6.3244e-003
368	1.0333e-003
369	2.859e-003
370	4.0414e-003
371	5.2959e-003
372	6.0737e-003
373	6.6469e-003
374	6.4167e-003
375	5.7793e-003
376	5.5821e-003
377	1.8848e-004
378	4.0995e-002
379	1.6706e-002
380	6.8363e-003
381	3.7502e-003
382	2.5584e-003
383	1.2116e-003
384	7.026e-004
385	3.3227e-004
386	8.0759e-004
387	5.9016e-004
388	1.9195e-004
389	1.4686e-004
390	2.4233e-004
391	3.246e-004
392	6.3708e-002
393	8.4379e-002
394	0.13299
395	0.11749
396	4.2976e-002
397	7.8651e-003
398	3.4096e-004
399	2.4996e-004
400	1.627e-004
401	1.0159e-004
402	8.1762e-005
403	1.0071e-004
404	2.7504e-002
405	8.1728e-003
406	8.3115e-002
407	8.0007e-004
408	1.7625e-003
409	5.3814e-003
410	1.303e-003
411	7.8486e-004
412	1.5074e-002
413	1.7505e-003
414	1.2943e-002
415	2.0063e-002
416	1.9231e-004
417	1.4775e-002
418	3.6019e-004
419	9.4981e-003
420	7.5773e-004
421	3.1674e-002
422	9.7212e-004
423	3.8633e-003
424	6.7872e-003
425	5.8526e-003
426	5.0063e-003
427	4.5701e-003
428	4.9062e-003
429	1.8846e-003
430	6.274e-003
431	2.7123e-003
432	6.2798e-003
433	3.9203e-003
434	4.9559e-003
435	1.4394e-003
436	5.7669e-003
437	4.9174e-003
438	5.3442e-003
439	4.9635e-003
440	3.7657e-003
441	4.9557e-002
442	6.1053e-003
443	2.495e-003
444	3.3737e-003
445	1.81e-003
446	5.66e-003
447	1.0273e-002
448	3.9398e-003
449	4.0107e-002
450	2.4207e-003
451	7.8538e-002
452	1.6833e-002
453	3.9964e-003
454	5.8408e-003
455	9.9286e-003
