Node Number	Equivalent (von-Mises) Stress (MPa)
1	8.6497
2	5.4006
3	2.5246
4	4.6323
5	13.163
6	11.272
7	22.749
8	39.777
9	27.598
10	58.362
11	131.88
12	165.42
13	170.18
14	163.58
15	62.662
16	39.138
17	15.352
18	9.3687
19	7.458
20	2.717
21	3.0971
22	9.7946
23	20.871
24	38.88
25	47.624
26	50.4
27	116.14
28	185.23
29	111.38
30	115.78
31	30.918
32	24.648
33	27.455
34	21.929
35	18.682
36	4.5233
37	9.5308
38	3.9246
39	5.6331
40	7.4793
41	9.6708
42	8.153
43	7.13
44	5.4219
45	2.7158
46	25.45
47	26.432
48	79.594
49	66.573
50	75.387
51	98.748
52	206.37
53	160.44
54	53.308
55	58.322
56	73.337
57	65.059
58	20.931
59	18.83
60	8.8246
61	5.7634
62	13.383
63	12.576
64	12.977
65	9.075
66	5.0211
67	3.1116
68	3.9193
69	8.5598
70	7.6914
71	10.412
72	9.2798
73	2.5739
74	7.2954
75	11.733
76	21.941
77	75.953
78	40.381
79	113.05
80	158.65
81	101.95
82	83.002
83	89.809
84	39.32
85	16.73
86	9.8711
87	17.649
88	18.535
89	7.2294
90	27.612
91	68.789
92	30.272
93	61.155
94	10.475
95	53.105
96	24.317
97	18.152
98	67.535
99	13.251
100	64.028
101	45.478
102	23.124
103	8.9835
104	44.614
105	48.609
106	115.02
107	64.277
108	217.22
109	23.685
110	26.098
111	146.94
112	23.687
113	22.194
114	39.803
115	188.61
116	8.8339
117	11.177
118	144.26
119	132.12
120	11.01
121	13.854
122	91.866
123	35.823
124	25.449
125	87.985
126	61.267
127	87.285
128	101.48
129	51.609
130	9.3599
131	10.958
132	61.33
133	131.52
134	51.192
135	15.274
136	77.23
137	54.251
138	58.463
139	37.601
140	71.76
141	169.28
142	279.62
143	189.97
144	80.541
145	30.078
146	60.022
147	49.161
148	41.248
149	36.808
150	40.678
151	69.628
152	50.055
153	51.963
154	88.066
155	61.229
156	86.609
157	236.07
158	348.79
159	552.31
160	528.56
161	347.34
162	80.714
163	58.566
164	1.9762
165	2.0918
166	3.0305
167	3.9541
168	8.599
169	12.645
170	11.882
171	18.693
172	32.689
173	4.106
174	2.6908
175	2.2083
176	1.5845
177	1.4812
178	1.7308
179	2.1121
180	49.467
181	31.413
182	18.083
183	18.083
184	9.4502
185	6.5529
186	2.7088
187	2.6219
188	2.3078
189	3.4041
190	2.1765
191	1.7283
192	1.163
193	1.3942
194	2.0734
195	2.4614
196	106.85
197	4.9153
198	7.3467
199	8.9466
200	27.147
201	53.357
202	39.669
203	31.664
204	56.582
205	4.7089
206	32.204
207	4.0623
208	3.2378
209	14.679
210	42.889
211	42.889
212	25.125
213	56.581
214	63.517
215	66.169
216	53.233
217	52.104
218	40.116
219	25.706
220	17.873
221	12.035
222	11.129
223	6.6885
224	3.4276
225	2.4351
226	2.9447
227	4.595
228	185.07
229	3.7394
230	3.8203
231	24.952
232	37.551
233	47.463
234	20.551
235	109.12
236	7.3506
237	10.816
238	6.5059
239	5.6538
240	7.7431
241	3.9648
242	312.15
243	359.06
244	789.51
245	488.67
246	366.73
247	88.453
248	50.191
249	75.051
250	58.381
251	33.851
252	15.551
253	176.68
254	26.436
255	123.82
256	376.07
257	10.425
258	33.346
259	7.8505
260	50.189
261	4.5187
262	1.2996
263	2.1175
264	25.093
265	7.9174
266	3.4322
267	6.4855
268	4.3394
269	19.875
270	8.9394
271	26.777
272	1.9091
273	19.55
274	1.7735
275	12.096
276	12.638
277	34.964
278	16.98
279	7.4382
280	15.856
281	19.099
282	33.402
283	103.79
284	142.38
285	81.362
286	7.931
287	31.031
288	85.283
289	45.399
290	46.244
291	2.6015e-003
292	8.5827e-003
293	4.854e-003
294	2.3755e-002
295	5.3974e-003
296	1.5697e-002
297	3.2285e-002
298	5.9525e-002
299	7.7718e-002
300	7.9098e-002
301	2.8038e-002
302	3.0008e-002
303	2.3284e-002
304	1.8636e-002
305	8.0346e-003
306	1.0113e-002
307	6.6891e-003
308	4.1749e-003
309	1.6616e-003
310	1.047e-003
311	3.7853e-004
312	1.347e-003
313	1.9632e-003
314	6.1714e-003
315	4.7292e-003
316	7.1209e-003
317	1.4904e-002
318	5.7799e-003
319	5.1101e-003
320	4.0734e-003
321	3.4713e-003
322	2.7684e-003
323	1.9897e-003
324	9.5979e-004
325	3.6014e-003
326	4.8633e-003
327	5.6738e-003
328	6.1849e-003
329	5.9994e-003
330	5.4587e-003
331	5.085e-003
332	5.4977e-003
333	0.13247
334	0.12164
335	6.1859e-002
336	6.0084e-004
337	2.0174e-002
338	1.821e-002
339	1.821e-002
340	1.821e-002
341	7.2164e-003
342	1.3126e-003
343	5.1618e-004
344	2.7271e-003
345	1.8001e-003
346	2.3373e-002
347	8.7496e-002
348	1.137e-002
349	0.17266
350	0.10906
351	6.2486e-002
352	4.8337e-002
353	4.0437e-002
354	3.7167e-002
355	4.892e-003
356	5.8209e-003
357	5.7971e-003
358	2.3481e-004
359	5.9506e-004
360	1.1228e-003
361	2.0869e-003
362	3.6064e-003
363	7.6299e-003
364	1.0705e-002
365	2.4307e-002
366	1.9825e-002
367	6.3244e-003
368	1.0333e-003
369	2.859e-003
370	4.0414e-003
371	5.2959e-003
372	6.0737e-003
373	6.6469e-003
374	6.4167e-003
375	5.7793e-003
376	5.5821e-003
377	1.8848e-004
378	4.0995e-002
379	1.6706e-002
380	6.8363e-003
381	3.7502e-003
382	2.5584e-003
383	1.2116e-003
384	7.026e-004
385	3.3227e-004
386	8.0759e-004
387	5.9016e-004
388	1.9195e-004
389	1.4686e-004
390	2.4233e-004
391	3.246e-004
392	6.3708e-002
393	8.4379e-002
394	0.13299
395	0.11749
396	4.2976e-002
397	7.8651e-003
398	3.4096e-004
399	2.4996e-004
400	1.627e-004
401	1.0159e-004
402	8.1762e-005
403	1.0071e-004
404	2.7504e-002
405	8.1728e-003
406	8.3115e-002
407	8.0007e-004
408	1.7625e-003
409	5.3814e-003
410	1.303e-003
411	7.8486e-004
412	1.5074e-002
413	1.7505e-003
414	1.2943e-002
415	2.0063e-002
416	1.9231e-004
417	1.4775e-002
418	3.6019e-004
419	9.4981e-003
420	7.5773e-004
421	3.1674e-002
422	9.7212e-004
423	3.8633e-003
424	6.7872e-003
425	5.8526e-003
426	5.0063e-003
427	4.5701e-003
428	4.9062e-003
429	1.8846e-003
430	6.274e-003
431	2.7123e-003
432	6.2798e-003
433	3.9203e-003
434	4.9559e-003
435	1.4394e-003
436	5.7669e-003
437	4.9174e-003
438	5.3442e-003
439	4.9635e-003
440	3.7657e-003
441	4.9557e-002
442	6.1053e-003
443	2.495e-003
444	3.3737e-003
445	1.81e-003
446	5.66e-003
447	1.0273e-002
448	3.9398e-003
449	4.0107e-002
450	2.4207e-003
451	7.8538e-002
452	1.6833e-002
453	3.9964e-003
454	5.8408e-003
455	9.9286e-003
