Node Number	Equivalent (von-Mises) Stress (MPa)
1	3.7886
2	0.96814
3	0.99481
4	1.5754
5	4.9306
6	6.418
7	10.484
8	14.542
9	19.867
10	38.195
11	83.123
12	107.74
13	126.84
14	105.32
15	30.162
16	19.722
17	7.7091
18	4.7414
19	6.6535
20	1.2027
21	0.94915
22	2.771
23	8.9557
24	16.289
25	18.584
26	32.656
27	84.877
28	102.85
29	65.153
30	58.678
31	19.042
32	14.246
33	12.655
34	8.9283
35	7.0073
36	2.1402
37	6.1274
38	3.1042
39	2.2268
40	2.4719
41	6.2787
42	5.8021
43	5.2936
44	2.3367
45	3.0662
46	11.986
47	12.15
48	35.082
49	54.664
50	47.778
51	88.271
52	188.02
53	114.28
54	41.34
55	46.409
56	43.118
57	29.501
58	12.817
59	9.0118
60	4.1004
61	2.7609
62	5.1689
63	5.1369
64	5.7689
65	3.5908
66	1.704
67	3.8043
68	3.2186
69	1.91
70	2.8993
71	3.911
72	3.0941
73	1.7598
74	3.2131
75	4.3736
76	13.217
77	29.535
78	18.733
79	58.315
80	137.61
81	60.418
82	54.602
83	43.851
84	19.116
85	7.9438
86	4.5528
87	6.858
88	7.1622
89	2.6293
90	14.099
91	36.538
92	11.549
93	43.723
94	6.6813
95	48.318
96	18.437
97	7.5671
98	58.211
99	7.4798
100	30.48
101	39.63
102	17.568
103	4.3596
104	16.876
105	24.384
106	94.847
107	27.467
108	155.51
109	16.536
110	16.008
111	111.
112	11.947
113	10.01
114	33.411
115	130.59
116	4.1634
117	5.9709
118	108.37
119	89.728
120	3.0562
121	7.1529
122	45.562
123	17.849
124	9.5533
125	64.501
126	36.511
127	65.343
128	77.175
129	25.873
130	3.2671
131	5.4066
132	39.425
133	101.95
134	33.135
135	9.5457
136	45.748
137	30.691
138	34.268
139	16.021
140	39.355
141	137.3
142	230.93
143	153.34
144	63.072
145	18.031
146	34.409
147	25.289
148	23.093
149	21.267
150	22.598
151	46.94
152	33.286
153	30.962
154	39.481
155	28.412
156	45.634
157	139.45
158	262.87
159	459.79
160	432.95
161	250.72
162	53.962
163	30.479
164	1.246
165	1.3048
166	1.8672
167	2.4217
168	4.8688
169	7.0907
170	7.0231
171	10.703
172	18.927
173	2.3836
174	1.618
175	1.3355
176	0.92035
177	0.84479
178	1.0312
179	1.3108
180	28.859
181	17.999
182	10.368
183	10.368
184	5.5181
185	3.8232
186	1.7869
187	1.5805
188	1.4135
189	2.0121
190	1.3396
191	1.0324
192	0.68038
193	0.80187
194	1.2442
195	1.4523
196	61.098
197	5.0808
198	5.2472
199	5.5341
200	16.742
201	35.092
202	31.035
203	28.125
204	41.504
205	2.3932
206	17.418
207	2.3998
208	2.3674
209	10.04
210	29.529
211	29.529
212	17.086
213	28.094
214	31.958
215	35.872
216	27.678
217	29.273
218	23.112
219	14.802
220	10.302
221	6.9317
222	6.4599
223	3.8179
224	2.0358
225	1.4422
226	2.0323
227	2.7069
228	97.225
229	2.3769
230	2.3149
231	17.327
232	25.396
233	35.564
234	24.148
235	66.757
236	4.4598
237	5.1812
238	3.8905
239	4.1738
240	5.1007
241	2.9345
242	179.21
243	239.46
244	579.52
245	348.72
246	241.07
247	57.716
248	29.988
249	49.686
250	41.525
251	23.632
252	10.712
253	124.3
254	17.809
255	80.062
256	263.98
257	7.0622
258	20.715
259	4.9864
260	36.039
261	2.6976
262	0.86663
263	1.3298
264	18.948
265	4.7354
266	2.1203
267	3.8811
268	2.5663
269	11.263
270	5.3442
271	15.541
272	1.1487
273	11.776
274	1.074
275	7.0026
276	8.7382
277	22.825
278	10.595
279	4.1327
280	9.1123
281	11.712
282	22.69
283	72.296
284	103.24
285	41.476
286	5.8635
287	24.281
288	51.343
289	30.858
290	26.111
291	2.6015e-003
292	8.5827e-003
293	4.854e-003
294	2.3755e-002
295	5.3974e-003
296	1.5697e-002
297	3.2285e-002
298	5.9525e-002
299	7.7718e-002
300	7.9098e-002
301	2.8038e-002
302	3.0008e-002
303	2.3284e-002
304	1.8636e-002
305	8.0346e-003
306	1.0113e-002
307	6.6891e-003
308	4.1749e-003
309	1.6616e-003
310	1.047e-003
311	3.7853e-004
312	1.347e-003
313	1.9632e-003
314	6.1714e-003
315	4.7292e-003
316	7.1209e-003
317	1.4904e-002
318	5.7799e-003
319	5.1101e-003
320	4.0734e-003
321	3.4713e-003
322	2.7684e-003
323	1.9897e-003
324	9.5979e-004
325	3.6014e-003
326	4.8633e-003
327	5.6738e-003
328	6.1849e-003
329	5.9994e-003
330	5.4587e-003
331	5.085e-003
332	5.4977e-003
333	0.13247
334	0.12164
335	6.1859e-002
336	6.0084e-004
337	2.0174e-002
338	1.821e-002
339	1.821e-002
340	1.821e-002
341	7.2164e-003
342	1.3126e-003
343	5.1618e-004
344	2.7271e-003
345	1.8001e-003
346	2.3373e-002
347	8.7496e-002
348	1.137e-002
349	0.17266
350	0.10906
351	6.2486e-002
352	4.8337e-002
353	4.0437e-002
354	3.7167e-002
355	4.892e-003
356	5.8209e-003
357	5.7971e-003
358	2.3481e-004
359	5.9506e-004
360	1.1228e-003
361	2.0869e-003
362	3.6064e-003
363	7.6299e-003
364	1.0705e-002
365	2.4307e-002
366	1.9825e-002
367	6.3244e-003
368	1.0333e-003
369	2.859e-003
370	4.0414e-003
371	5.2959e-003
372	6.0737e-003
373	6.6469e-003
374	6.4167e-003
375	5.7793e-003
376	5.5821e-003
377	1.8848e-004
378	4.0995e-002
379	1.6706e-002
380	6.8363e-003
381	3.7502e-003
382	2.5584e-003
383	1.2116e-003
384	7.026e-004
385	3.3227e-004
386	8.0759e-004
387	5.9016e-004
388	1.9195e-004
389	1.4686e-004
390	2.4233e-004
391	3.246e-004
392	6.3708e-002
393	8.4379e-002
394	0.13299
395	0.11749
396	4.2976e-002
397	7.8651e-003
398	3.4096e-004
399	2.4996e-004
400	1.627e-004
401	1.0159e-004
402	8.1762e-005
403	1.0071e-004
404	2.7504e-002
405	8.1728e-003
406	8.3115e-002
407	8.0007e-004
408	1.7625e-003
409	5.3814e-003
410	1.303e-003
411	7.8486e-004
412	1.5074e-002
413	1.7505e-003
414	1.2943e-002
415	2.0063e-002
416	1.9231e-004
417	1.4775e-002
418	3.6019e-004
419	9.4981e-003
420	7.5773e-004
421	3.1674e-002
422	9.7212e-004
423	3.8633e-003
424	6.7872e-003
425	5.8526e-003
426	5.0063e-003
427	4.5701e-003
428	4.9062e-003
429	1.8846e-003
430	6.274e-003
431	2.7123e-003
432	6.2798e-003
433	3.9203e-003
434	4.9559e-003
435	1.4394e-003
436	5.7669e-003
437	4.9174e-003
438	5.3442e-003
439	4.9635e-003
440	3.7657e-003
441	4.9557e-002
442	6.1053e-003
443	2.495e-003
444	3.3737e-003
445	1.81e-003
446	5.66e-003
447	1.0273e-002
448	3.9398e-003
449	4.0107e-002
450	2.4207e-003
451	7.8538e-002
452	1.6833e-002
453	3.9964e-003
454	5.8408e-003
455	9.9286e-003
