Node Number	Equivalent (von-Mises) Stress (MPa)
1	4.552
2	2.5279
3	1.5466
4	2.2795
5	4.5557
6	7.5711
7	11.399
8	17.255
9	21.947
10	38.836
11	59.092
12	83.79
13	94.82
14	84.711
15	24.023
16	18.167
17	7.019
18	3.1153
19	5.3078
20	1.473
21	1.0968
22	3.1228
23	8.9049
24	16.181
25	16.678
26	28.426
27	70.572
28	86.132
29	60.35
30	45.214
31	19.523
32	14.917
33	10.99
34	7.41
35	4.8309
36	2.0306
37	6.013
38	2.2535
39	2.4875
40	2.9987
41	5.0773
42	4.6468
43	4.8733
44	1.7295
45	1.848
46	13.77
47	13.807
48	46.81
49	48.124
50	68.423
51	117.48
52	91.96
53	83.807
54	51.017
55	49.831
56	38.37
57	23.492
58	11.844
59	7.5049
60	3.0925
61	2.2651
62	4.3386
63	4.1937
64	4.4318
65	2.5672
66	1.563
67	2.408
68	2.1748
69	3.092
70	3.1498
71	4.3416
72	3.7677
73	1.0221
74	2.291
75	5.6524
76	11.396
77	43.378
78	29.327
79	82.284
80	96.144
81	58.876
82	49.947
83	34.981
84	14.893
85	6.033
86	3.5137
87	4.7172
88	4.4311
89	1.6611
90	11.607
91	32.101
92	12.169
93	34.972
94	4.3373
95	35.56
96	17.056
97	7.5481
98	43.019
99	6.4451
100	29.871
101	40.106
102	15.318
103	3.7234
104	14.676
105	21.088
106	51.827
107	22.471
108	117.17
109	16.413
110	12.183
111	100.72
112	10.486
113	10.1
114	30.039
115	95.813
116	3.9989
117	5.4611
118	96.183
119	41.154
120	4.1711
121	6.2646
122	34.117
123	15.137
124	9.107
125	47.609
126	29.941
127	42.166
128	57.723
129	25.334
130	3.9633
131	4.6817
132	38.102
133	81.889
134	27.452
135	11.753
136	7.5846
137	12.754
138	13.319
139	20.078
140	35.122
141	89.102
142	131.57
143	76.993
144	68.148
145	24.582
146	7.6628
147	10.232
148	8.3638
149	13.673
150	16.969
151	24.216
152	23.696
153	15.111
154	26.924
155	19.064
156	66.699
157	157.18
158	340.37
159	279.77
160	222.81
161	84.999
162	0.78657
163	0.65627
164	0.68208
165	0.84114
166	1.5846
167	2.2797
168	3.4535
169	4.6622
170	6.4461
171	0.76682
172	0.61773
173	0.37475
174	0.24142
175	0.36077
176	0.35708
177	0.54147
178	6.2293
179	3.2374
180	2.5248
181	2.5248
182	1.4234
183	1.267
184	0.99381
185	0.70277
186	0.7187
187	0.70462
188	0.97184
189	0.6189
190	0.45472
191	0.38189
192	0.25172
193	0.32046
194	0.67417
195	0.85063
196	42.046
197	3.9596
198	4.3432
199	6.1343
200	12.232
201	33.885
202	27.095
203	39.485
204	41.365
205	1.6079
206	6.0722
207	2.0902
208	1.556
209	6.1582
210	23.164
211	23.164
212	21.527
213	20.739
214	42.632
215	22.583
216	11.546
217	9.4595
218	5.7121
219	2.8492
220	2.547
221	2.1448
222	1.5653
223	1.5653
224	1.1186
225	0.7906
226	1.4423
227	1.8021
228	84.651
229	1.9791
230	2.5401
231	12.293
232	21.225
233	27.435
234	11.766
235	63.46
236	4.723
237	5.2884
238	3.0068
239	1.5629
240	2.7678
241	1.1651
242	105.32
243	203.99
244	432.63
245	162.82
246	174.24
247	105.83
248	12.798
249	25.329
250	40.298
251	10.77
252	5.48
253	125.16
254	11.538
255	69.739
256	182.82
257	2.9973
258	54.298
259	2.3979
260	20.741
261	1.1461
262	0.53765
263	0.59221
264	5.1969
265	1.4415
266	0.98114
267	1.5749
268	5.6657
269	0.7224
270	1.921
271	0.36937
272	5.359
273	0.29079
274	5.9701
275	2.2046
276	18.563
277	30.081
278	9.5729
279	2.0117
280	2.6535
281	10.666
282	94.349
283	52.086
284	53.803
285	18.998
286	6.1248
287	1.3355
288	23.653
289	6.8628e-003
290	2.9037e-002
291	5.0518e-003
292	7.0843e-002
293	4.5549e-002
294	3.768e-002
295	1.9836e-002
296	6.4128e-002
297	7.4516e-002
298	6.9596e-002
299	7.1923e-003
300	3.8337e-002
301	1.2486e-002
302	2.6833e-002
303	1.2899e-002
304	1.5609e-002
305	5.8041e-003
306	6.285e-003
307	7.5813e-003
308	5.6063e-003
309	3.3612e-003
310	4.6692e-003
311	4.5761e-003
312	7.6025e-003
313	5.2842e-003
314	6.2095e-003
315	1.0615e-002
316	4.7895e-003
317	4.4127e-003
318	4.3815e-003
319	2.3334e-003
320	1.8368e-003
321	2.5099e-003
322	4.6052e-003
323	7.0611e-003
324	6.1876e-003
325	6.5969e-003
326	7.1449e-003
327	6.3907e-003
328	5.9045e-003
329	5.3784e-003
330	5.8532e-003
331	9.1995e-002
332	5.2716e-002
333	3.4927e-004
334	8.9945e-003
335	8.5365e-003
336	8.5365e-003
337	8.5365e-003
338	3.6515e-003
339	6.9267e-004
340	3.0464e-004
341	1.4534e-003
342	9.7685e-004
343	1.4246e-002
344	5.9495e-002
345	0.13602
346	6.0316e-002
347	0.12339
348	6.101e-002
349	5.9492e-002
350	7.4294e-002
351	4.7045e-003
352	5.1081e-003
353	2.5569e-004
354	6.8588e-004
355	1.2498e-003
356	2.3556e-003
357	3.8972e-003
358	1.015e-002
359	1.564e-002
360	3.517e-002
361	1.5703e-002
362	1.1478e-002
363	4.8739e-003
364	4.6623e-003
365	5.1809e-003
366	7.1927e-003
367	7.1264e-003
368	7.6346e-003
369	6.9088e-003
370	8.1347e-003
371	6.6978e-003
372	1.6711e-004
373	3.0517e-002
374	2.4506e-002
375	8.5147e-003
376	4.0891e-003
377	2.869e-003
378	1.3514e-003
379	8.0342e-004
380	3.6288e-004
381	4.5569e-004
382	3.1395e-004
383	2.9656e-005
384	2.9786e-005
385	2.4643e-004
386	3.7507e-004
387	5.682e-002
388	5.5638e-002
389	5.8428e-002
390	4.2591e-002
391	2.12e-002
392	1.3267e-002
393	1.4439e-004
394	6.5308e-005
395	3.1405e-005
396	3.1818e-005
397	6.3539e-005
398	6.4346e-005
399	3.6643e-002
400	6.5205e-003
401	9.3446e-002
402	3.1928e-003
403	1.0293e-003
404	6.681e-003
405	1.1738e-003
406	4.4933e-004
407	6.8271e-003
408	2.0124e-003
409	1.788e-002
410	1.8933e-002
411	1.3903e-004
412	6.2353e-003
413	4.0532e-004
414	4.5863e-003
415	4.6853e-004
416	1.8699e-002
417	1.1053e-003
418	4.6523e-003
419	5.3145e-003
420	3.8479e-003
421	3.362e-003
422	3.1844e-003
423	3.4352e-003
424	1.5408e-003
425	2.9621e-003
426	2.5083e-003
427	7.0546e-003
428	1.8848e-003
429	8.4143e-003
430	6.3009e-003
431	3.8084e-003
432	6.3995e-003
433	5.3397e-003
434	1.9721e-003
435	2.6651e-002
436	2.5298e-003
437	4.0352e-003
438	3.0315e-003
439	1.2355e-003
440	6.4268e-003
441	1.8404e-002
442	9.7242e-003
443	2.9019e-002
444	5.6238e-002
445	2.0406e-003
446	5.179e-003
