Node Number	Equivalent (von-Mises) Stress (MPa)
1	5.6458
2	3.3544
3	2.6533
4	3.8015
5	6.8172
6	11.262
7	16.047
8	25.169
9	32.202
10	51.981
11	70.055
12	104.73
13	81.005
14	76.857
15	29.969
16	25.83
17	9.5637
18	4.5577
19	5.3184
20	2.3989
21	1.9006
22	4.8876
23	12.518
24	24.063
25	20.848
26	28.846
27	69.871
28	98.964
29	86.529
30	65.48
31	29.124
32	21.765
33	14.881
34	10.129
35	6.4956
36	2.94
37	5.7686
38	1.8065
39	2.9577
40	4.1814
41	5.7748
42	5.0959
43	5.17
44	2.5125
45	1.3263
46	16.44
47	19.401
48	67.138
49	66.036
50	115.76
51	175.92
52	144.6
53	116.56
54	70.474
55	65.174
56	50.715
57	30.883
58	15.697
59	10.359
60	4.2096
61	3.2166
62	6.234
63	6.0494
64	6.2332
65	3.6899
66	2.5719
67	1.8295
68	2.4653
69	5.064
70	4.4473
71	6.3627
72	5.559
73	1.5012
74	3.1361
75	7.1824
76	18.4
77	73.539
78	59.501
79	140.
80	125.9
81	81.26
82	65.142
83	46.14
84	19.673
85	8.0851
86	4.8124
87	6.5165
88	5.8072
89	2.3131
90	15.244
91	43.64
92	22.27
93	37.383
94	5.5772
95	54.057
96	21.278
97	10.505
98	54.893
99	8.4473
100	47.572
101	52.987
102	18.879
103	5.1931
104	22.158
105	27.246
106	47.874
107	36.264
108	138.28
109	21.79
110	18.627
111	140.45
112	13.675
113	12.933
114	38.465
115	93.532
116	4.817
117	7.6503
118	136.47
119	61.838
120	6.3374
121	8.4933
122	43.551
123	19.816
124	10.957
125	63.525
126	38.402
127	44.205
128	61.626
129	41.211
130	5.2794
131	6.4527
132	49.538
133	112.19
134	33.389
135	16.831
136	9.2616
137	14.855
138	14.694
139	20.894
140	37.28
141	98.329
142	149.62
143	91.204
144	82.097
145	29.589
146	8.3592
147	11.196
148	9.4668
149	15.728
150	19.259
151	29.872
152	29.018
153	17.998
154	38.024
155	21.354
156	67.716
157	166.04
158	359.23
159	307.52
160	267.88
161	103.82
162	1.1496
163	0.95586
164	1.022
165	1.2266
166	2.0183
167	2.7969
168	4.2298
169	5.5467
170	7.1144
171	1.1319
172	0.9247
173	0.56594
174	0.33798
175	0.48902
176	0.50511
177	0.79983
178	7.6618
179	4.1811
180	3.1269
181	3.1269
182	1.9749
183	1.7991
184	1.49
185	1.0597
186	1.0177
187	1.0259
188	1.3922
189	0.89154
190	0.63747
191	0.51974
192	0.33519
193	0.47195
194	0.97418
195	1.2369
196	51.861
197	4.2266
198	5.0763
199	7.498
200	14.966
201	41.059
202	30.374
203	46.848
204	49.947
205	2.3343
206	6.6314
207	3.2534
208	2.3724
209	7.3706
210	28.296
211	28.296
212	26.436
213	22.808
214	54.684
215	28.371
216	13.398
217	11.541
218	7.3406
219	3.5509
220	3.2413
221	2.7982
222	2.1136
223	2.1136
224	1.5954
225	1.156
226	2.6783
227	2.794
228	85.33
229	3.1336
230	4.1074
231	14.749
232	25.681
233	34.852
234	18.378
235	68.263
236	5.4956
237	6.1424
238	3.3513
239	1.803
240	3.4072
241	2.1944
242	116.73
243	254.65
244	478.32
245	176.73
246	206.49
247	129.21
248	14.74
249	30.91
250	45.602
251	12.29
252	6.5182
253	139.05
254	13.377
255	83.148
256	213.3
257	3.2715
258	66.11
259	3.3076
260	24.639
261	1.6617
262	0.80188
263	0.87186
264	6.5045
265	2.0894
266	1.4646
267	2.2463
268	6.885
269	1.067
270	2.5717
271	0.55037
272	7.0229
273	0.4436
274	6.8672
275	2.9107
276	21.119
277	33.181
278	9.2295
279	2.5694
280	3.5478
281	13.848
282	100.27
283	64.68
284	67.044
285	23.406
286	8.2574
287	0.91739
288	25.449
289	6.8628e-003
290	2.9037e-002
291	5.0518e-003
292	7.0843e-002
293	4.5549e-002
294	3.768e-002
295	1.9836e-002
296	6.4128e-002
297	7.4516e-002
298	6.9596e-002
299	7.1923e-003
300	3.8337e-002
301	1.2486e-002
302	2.6833e-002
303	1.2899e-002
304	1.5609e-002
305	5.8041e-003
306	6.285e-003
307	7.5813e-003
308	5.6063e-003
309	3.3612e-003
310	4.6692e-003
311	4.5761e-003
312	7.6025e-003
313	5.2842e-003
314	6.2095e-003
315	1.0615e-002
316	4.7895e-003
317	4.4127e-003
318	4.3815e-003
319	2.3334e-003
320	1.8368e-003
321	2.5099e-003
322	4.6052e-003
323	7.0611e-003
324	6.1876e-003
325	6.5969e-003
326	7.1449e-003
327	6.3907e-003
328	5.9045e-003
329	5.3784e-003
330	5.8532e-003
331	9.1995e-002
332	5.2716e-002
333	3.4927e-004
334	8.9945e-003
335	8.5365e-003
336	8.5365e-003
337	8.5365e-003
338	3.6515e-003
339	6.9267e-004
340	3.0464e-004
341	1.4534e-003
342	9.7685e-004
343	1.4246e-002
344	5.9495e-002
345	0.13602
346	6.0316e-002
347	0.12339
348	6.101e-002
349	5.9492e-002
350	7.4294e-002
351	4.7045e-003
352	5.1081e-003
353	2.5569e-004
354	6.8588e-004
355	1.2498e-003
356	2.3556e-003
357	3.8972e-003
358	1.015e-002
359	1.564e-002
360	3.517e-002
361	1.5703e-002
362	1.1478e-002
363	4.8739e-003
364	4.6623e-003
365	5.1809e-003
366	7.1927e-003
367	7.1264e-003
368	7.6346e-003
369	6.9088e-003
370	8.1347e-003
371	6.6978e-003
372	1.6711e-004
373	3.0517e-002
374	2.4506e-002
375	8.5147e-003
376	4.0891e-003
377	2.869e-003
378	1.3514e-003
379	8.0342e-004
380	3.6288e-004
381	4.5569e-004
382	3.1395e-004
383	2.9656e-005
384	2.9786e-005
385	2.4643e-004
386	3.7507e-004
387	5.682e-002
388	5.5638e-002
389	5.8428e-002
390	4.2591e-002
391	2.12e-002
392	1.3267e-002
393	1.4439e-004
394	6.5308e-005
395	3.1405e-005
396	3.1818e-005
397	6.3539e-005
398	6.4346e-005
399	3.6643e-002
400	6.5205e-003
401	9.3446e-002
402	3.1928e-003
403	1.0293e-003
404	6.681e-003
405	1.1738e-003
406	4.4933e-004
407	6.8271e-003
408	2.0124e-003
409	1.788e-002
410	1.8933e-002
411	1.3903e-004
412	6.2353e-003
413	4.0532e-004
414	4.5863e-003
415	4.6853e-004
416	1.8699e-002
417	1.1053e-003
418	4.6523e-003
419	5.3145e-003
420	3.8479e-003
421	3.362e-003
422	3.1844e-003
423	3.4352e-003
424	1.5408e-003
425	2.9621e-003
426	2.5083e-003
427	7.0546e-003
428	1.8848e-003
429	8.4143e-003
430	6.3009e-003
431	3.8084e-003
432	6.3995e-003
433	5.3397e-003
434	1.9721e-003
435	2.6651e-002
436	2.5298e-003
437	4.0352e-003
438	3.0315e-003
439	1.2355e-003
440	6.4268e-003
441	1.8404e-002
442	9.7242e-003
443	2.9019e-002
444	5.6238e-002
445	2.0406e-003
446	5.179e-003
