Node Number	Directional Deformation (mm)
1	-4.0706e-003
2	4.1829e-004
3	0.44921
4	0.42428
5	0.45746
6	0.53738
7	0.9565
8	1.4074
9	1.8565
10	1.6172
11	-0.17951
12	-0.1633
13	9.5663e-002
14	1.2615e-002
15	-2.2072e-002
16	2.4621e-003
17	4.3936e-003
18	2.9643e-003
19	-2.0169e-003
20	1.2279
21	-2.8857e-003
22	-8.382e-004
23	5.0801e-003
24	-1.4497e-003
25	4.7296e-004
26	5.4436e-002
27	5.5827e-002
28	-0.80112
29	-2.3156
30	-1.4182
31	-0.11693
32	0.6113
33	0.9227
34	0.91705
35	1.0725
36	1.164
37	4.5319e-003
38	4.6178e-003
39	5.8969e-003
40	8.8185e-003
41	8.1005e-003
42	4.9604e-003
43	-6.511e-004
44	0.90327
45	7.4762e-003
46	1.22e-002
47	9.3097e-003
48	-1.1752e-002
49	1.1073e-002
50	2.2865e-002
51	3.7981e-002
52	-8.7487e-002
53	0.21561
54	2.7578
55	2.3428
56	1.3799
57	0.78302
58	0.85736
59	0.83989
60	0.84877
61	0.85428
62	0.80193
63	0.6921
64	0.61232
65	0.5316
66	0.47668
67	6.0286e-003
68	-2.0156e-003
69	3.78e-003
70	4.5062e-003
71	8.3536e-003
72	4.2415e-003
73	4.2324e-003
74	1.6458
75	5.7369e-003
76	2.5264e-002
77	-2.2456e-003
78	6.7919e-002
79	-0.25916
80	-1.5067
81	-0.65227
82	0.73421
83	0.86238
84	1.3346
85	1.5322
86	1.5713
87	1.4522
88	1.3541
89	1.2708
90	0.91771
91	-4.5543e-002
92	-4.3993e-002
93	-1.7356
94	2.0749e-002
95	-0.48327
96	0.90139
97	1.4224e-002
98	-2.1398
99	1.3355
100	-5.9827e-002
101	-1.4532
102	0.19863
103	1.1335
104	-1.762e-002
105	1.276
106	-0.10142
107	-3.5739e-002
108	1.8727e-002
109	0.96789
110	-1.6791e-002
111	-0.22877
112	0.798
113	1.5991e-002
114	1.569
115	3.5131e-002
116	9.6046e-003
117	0.45069
118	-1.1895e-002
119	1.5856e-002
120	9.0848e-003
121	0.79461
122	0.87745
123	0.82224
124	1.5218e-002
125	-0.25667
126	1.0622
127	0.5872
128	-2.5937e-002
129	-2.6642e-002
130	1.4193e-002
131	0.62786
132	1.7432
133	-1.657e-002
134	-1.5631e-002
135	0.93333
136	0.
137	0.
138	0.
139	0.
140	-5.8781e-013
141	-8.6496e-013
142	-2.0754e-012
143	-4.2821e-013
144	-1.3688e-014
145	-5.1359e-014
146	0.
147	0.
148	-2.2236e-013
149	-2.3461e-013
150	-2.9248e-013
151	-7.2847e-013
152	-4.0382e-013
153	-3.4906e-013
154	0.
155	0.
156	-1.7978e-012
157	3.9125e-013
158	-2.7574e-012
159	1.6554e-012
160	2.6555e-012
161	8.2146e-013
162	0.
163	0.
164	0.
165	0.
166	0.
167	0.
168	0.
169	0.
170	0.
171	0.
172	-9.0103e-015
173	-3.5425e-014
174	-4.2626e-014
175	-3.4072e-014
176	-2.8489e-014
177	-1.3757e-014
178	0.
179	0.
180	0.
181	0.
182	0.
183	0.
184	0.
185	0.
186	0.
187	0.
188	-7.671e-015
189	-1.8844e-014
190	-1.2466e-014
191	-7.9847e-015
192	6.7861e-015
193	9.3039e-015
194	0.
195	0.
196	0.
197	0.
198	0.
199	0.
200	0.
201	0.
202	0.
203	0.
204	0.
205	0.
206	0.
207	0.
208	0.
209	0.
210	0.
211	0.
212	0.
213	0.
214	0.
215	0.
216	0.
217	0.
218	0.
219	0.
220	0.
221	0.
222	0.
223	0.
224	0.
225	0.
226	0.
227	0.
228	0.
229	0.
230	0.
231	0.
232	0.
233	0.
234	1.0601e-013
235	1.5513e-013
236	1.8872e-013
237	1.0807e-013
238	8.5703e-014
239	-1.2685e-014
240	-2.2469e-012
241	4.1386e-013
242	8.2917e-014
243	1.6313e-012
244	5.1059e-014
245	2.033e-012
246	0.
247	-7.6041e-013
248	-1.1212e-013
249	-1.143e-013
250	1.0888e-013
251	5.5078e-013
252	-9.1667e-014
253	1.8748e-012
254	3.5967e-013
255	1.1236e-013
256	9.8306e-013
257	-2.3679e-014
258	3.6763e-013
259	-1.4345e-014
260	-1.4958e-015
261	8.6485e-015
262	2.3366e-013
263	1.0262e-013
264	-1.1777e-013
265	-1.5403e-013
266	-5.7161e-013
267	-1.0418e-013
268	-7.8655e-014
269	-4.7685e-013
270	-5.5001e-014
271	-1.6087e-013
272	-3.1111e-014
273	-1.2138e-013
274	1.6659e-013
275	-1.3948e-012
276	0.
277	0.
278	1.7136e-013
279	-8.278e-014
280	3.343e-013
281	-2.2184e-014
282	-1.5083e-013
283	-1.9801e-013
284	5.9512e-013
285	9.4865e-006
286	1.0227e-005
287	9.6446e-006
288	-2.5359e-006
289	9.775e-006
290	1.0992e-005
291	8.2545e-006
292	7.6777e-006
293	-5.2842e-006
294	-4.5383e-006
295	-1.3135e-005
296	-9.9351e-006
297	-1.0912e-005
298	-3.8574e-006
299	-2.5693e-006
300	2.8059e-006
301	6.7226e-006
302	7.2547e-006
303	0.
304	-1.4507e-006
305	-2.6455e-006
306	-4.0714e-006
307	-5.6165e-006
308	-8.2181e-006
309	-1.0784e-005
310	-1.299e-005
311	-1.4527e-005
312	0.
313	0.
314	0.
315	0.
316	0.
317	0.
318	0.
319	9.7145e-006
320	9.2404e-006
321	8.2823e-006
322	7.1584e-006
323	5.8324e-006
324	4.4197e-006
325	3.4119e-006
326	1.9426e-006
327	8.6656e-006
328	0.
329	0.
330	0.
331	0.
332	0.
333	0.
334	0.
335	0.
336	0.
337	0.
338	0.
339	-4.5816e-006
340	1.2014e-005
341	1.62e-005
342	2.2667e-005
343	1.9632e-005
344	1.0549e-005
345	1.123e-005
346	1.0369e-005
347	0.
348	0.
349	0.
350	0.
351	1.0151e-007
352	2.528e-007
353	4.8163e-007
354	8.9602e-007
355	1.6197e-006
356	4.3871e-006
357	7.8904e-006
358	1.5045e-005
359	1.7047e-005
360	1.5597e-005
361	1.3394e-005
362	1.1594e-005
363	9.666e-006
364	7.8286e-006
365	5.8243e-006
366	3.8719e-006
367	2.1252e-006
368	9.1554e-007
369	0.
370	0.
371	0.
372	0.
373	0.
374	0.
375	0.
376	0.
377	0.
378	0.
379	0.
380	0.
381	0.
382	0.
383	0.
384	0.
385	0.
386	0.
387	0.
388	0.
389	0.
390	0.
391	0.
392	0.
393	0.
394	0.
395	0.
396	-2.3026e-005
397	-1.8963e-005
398	-5.3518e-006
399	-3.7921e-006
400	0.
401	0.
402	0.
403	0.
404	0.
405	0.
406	0.
407	0.
408	0.
409	0.
410	0.
411	0.
412	2.5424e-008
413	8.594e-006
414	2.5378e-007
415	9.898e-007
416	1.2342e-005
417	1.6213e-007
418	0.
419	2.3597e-006
420	1.5886e-006
421	-8.3647e-008
422	-1.3119e-006
423	-4.0777e-006
424	5.9943e-006
425	1.1357e-006
426	-1.0631e-005
427	-2.2292e-007
428	5.2396e-006
429	2.2388e-006
430	7.3012e-006
431	1.8397e-006
432	8.2102e-007
433	4.2116e-006
434	3.5128e-006
435	-6.9074e-006
436	-5.7923e-006
437	-1.6321e-006
438	-1.6118e-005
439	9.4402e-006
440	1.4678e-005
441	6.4574e-006
442	-1.3294e-006
443	-2.2242e-005
444	8.1148e-007
445	5.1961e-006
446	1.3034e-005
