Node Number	Directional Deformation (mm)
1	-4.0144e-003
2	3.8029e-004
3	0.45759
4	0.43332
5	0.46705
6	0.54748
7	0.96692
8	1.4177
9	1.8664
10	1.6253
11	-0.17659
12	-0.16424
13	9.7169e-002
14	1.2679e-002
15	-2.2199e-002
16	2.456e-003
17	4.3802e-003
18	2.9941e-003
19	-1.9831e-003
20	1.2317
21	-2.9272e-003
22	-8.2669e-004
23	5.1353e-003
24	-1.4501e-003
25	4.6508e-004
26	5.4604e-002
27	5.5664e-002
28	-0.80378
29	-2.318
30	-1.4156
31	-0.11197
32	0.61699
33	0.92866
34	0.9227
35	1.0775
36	1.1685
37	4.7692e-003
38	4.8249e-003
39	6.0711e-003
40	9.0291e-003
41	8.3425e-003
42	5.1789e-003
43	-5.3205e-004
44	0.90247
45	7.6849e-003
46	1.2299e-002
47	9.3264e-003
48	-1.1846e-002
49	1.1405e-002
50	2.2798e-002
51	3.7817e-002
52	-8.822e-002
53	0.21235
54	2.7585
55	2.3449
56	1.3817
57	0.78438
58	0.8582
59	0.84025
60	0.84861
61	0.85485
62	0.80383
63	0.69533
64	0.61692
65	0.5375
66	0.48386
67	6.1865e-003
68	-2.0142e-003
69	3.8832e-003
70	4.6545e-003
71	8.5068e-003
72	4.3931e-003
73	4.4018e-003
74	1.6404
75	5.8934e-003
76	2.5433e-002
77	-2.4416e-003
78	6.7911e-002
79	-0.25978
80	-1.5119
81	-0.65599
82	0.73236
83	0.85978
84	1.3309
85	1.5277
86	1.5678
87	1.4505
88	1.3544
89	1.2729
90	0.92083
91	-4.5451e-002
92	-4.4397e-002
93	-1.735
94	2.0932e-002
95	-0.48258
96	0.90011
97	1.4443e-002
98	-2.1458
99	1.3346
100	-6.0263e-002
101	-1.4562
102	0.20162
103	1.1365
104	-1.7914e-002
105	1.2799
106	-0.10159
107	-3.6039e-002
108	1.8943e-002
109	0.97524
110	-1.6975e-002
111	-0.23182
112	0.80253
113	1.5926e-002
114	1.5753
115	3.5471e-002
116	9.7544e-003
117	0.45757
118	-1.1933e-002
119	1.6884e-002
120	9.2459e-003
121	0.79659
122	0.87817
123	0.82462
124	1.503e-002
125	-0.25717
126	1.0667
127	0.59141
128	-2.6257e-002
129	-2.6736e-002
130	1.4415e-002
131	0.63187
132	1.7456
133	-1.692e-002
134	-1.581e-002
135	0.94235
136	0.
137	0.
138	0.
139	0.
140	-5.9524e-013
141	-8.6626e-013
142	-2.0739e-012
143	-4.2906e-013
144	-1.1619e-014
145	-5.031e-014
146	0.
147	0.
148	-2.2437e-013
149	-2.3615e-013
150	-2.9437e-013
151	-7.3211e-013
152	-4.0507e-013
153	-3.5126e-013
154	0.
155	0.
156	-1.8284e-012
157	4.0121e-013
158	-2.7342e-012
159	1.6533e-012
160	2.6635e-012
161	8.3021e-013
162	0.
163	0.
164	0.
165	0.
166	0.
167	0.
168	0.
169	0.
170	0.
171	0.
172	-8.9943e-015
173	-3.565e-014
174	-4.2896e-014
175	-3.4245e-014
176	-2.8634e-014
177	-1.3828e-014
178	0.
179	0.
180	0.
181	0.
182	0.
183	0.
184	0.
185	0.
186	0.
187	0.
188	-7.6392e-015
189	-1.8832e-014
190	-1.2299e-014
191	-7.735e-015
192	7.1875e-015
193	9.6036e-015
194	0.
195	0.
196	0.
197	0.
198	0.
199	0.
200	0.
201	0.
202	0.
203	0.
204	0.
205	0.
206	0.
207	0.
208	0.
209	0.
210	0.
211	0.
212	0.
213	0.
214	0.
215	0.
216	0.
217	0.
218	0.
219	0.
220	0.
221	0.
222	0.
223	0.
224	0.
225	0.
226	0.
227	0.
228	0.
229	0.
230	0.
231	0.
232	0.
233	0.
234	1.0635e-013
235	1.553e-013
236	1.8886e-013
237	1.0763e-013
238	8.5599e-014
239	-1.2606e-014
240	-2.3776e-012
241	4.5688e-013
242	9.8323e-014
243	1.627e-012
244	4.4365e-014
245	2.0502e-012
246	0.
247	-7.6951e-013
248	-1.0777e-013
249	-1.17e-013
250	1.0755e-013
251	5.7199e-013
252	-9.3269e-014
253	1.8875e-012
254	3.5693e-013
255	1.1246e-013
256	9.9269e-013
257	-2.4348e-014
258	3.7038e-013
259	-1.407e-014
260	-1.0972e-015
261	9.1004e-015
262	2.3662e-013
263	1.0507e-013
264	-1.1897e-013
265	-1.5529e-013
266	-5.7774e-013
267	-1.0529e-013
268	-7.9435e-014
269	-4.8129e-013
270	-5.5439e-014
271	-1.6218e-013
272	-3.1237e-014
273	-1.2238e-013
274	1.6463e-013
275	-1.4095e-012
276	0.
277	0.
278	1.7398e-013
279	-8.5437e-014
280	3.2861e-013
281	-2.3634e-014
282	-1.6105e-013
283	-2.0093e-013
284	5.9856e-013
285	9.4865e-006
286	1.0227e-005
287	9.6446e-006
288	-2.5359e-006
289	9.775e-006
290	1.0992e-005
291	8.2545e-006
292	7.6777e-006
293	-5.2842e-006
294	-4.5383e-006
295	-1.3135e-005
296	-9.9351e-006
297	-1.0912e-005
298	-3.8574e-006
299	-2.5693e-006
300	2.8059e-006
301	6.7226e-006
302	7.2547e-006
303	0.
304	-1.4507e-006
305	-2.6455e-006
306	-4.0714e-006
307	-5.6165e-006
308	-8.2181e-006
309	-1.0784e-005
310	-1.299e-005
311	-1.4527e-005
312	0.
313	0.
314	0.
315	0.
316	0.
317	0.
318	0.
319	9.7145e-006
320	9.2404e-006
321	8.2823e-006
322	7.1584e-006
323	5.8324e-006
324	4.4197e-006
325	3.4119e-006
326	1.9426e-006
327	8.6656e-006
328	0.
329	0.
330	0.
331	0.
332	0.
333	0.
334	0.
335	0.
336	0.
337	0.
338	0.
339	-4.5816e-006
340	1.2014e-005
341	1.62e-005
342	2.2667e-005
343	1.9632e-005
344	1.0549e-005
345	1.123e-005
346	1.0369e-005
347	0.
348	0.
349	0.
350	0.
351	1.0151e-007
352	2.528e-007
353	4.8163e-007
354	8.9602e-007
355	1.6197e-006
356	4.3871e-006
357	7.8904e-006
358	1.5045e-005
359	1.7047e-005
360	1.5597e-005
361	1.3394e-005
362	1.1594e-005
363	9.666e-006
364	7.8286e-006
365	5.8243e-006
366	3.8719e-006
367	2.1252e-006
368	9.1554e-007
369	0.
370	0.
371	0.
372	0.
373	0.
374	0.
375	0.
376	0.
377	0.
378	0.
379	0.
380	0.
381	0.
382	0.
383	0.
384	0.
385	0.
386	0.
387	0.
388	0.
389	0.
390	0.
391	0.
392	0.
393	0.
394	0.
395	0.
396	-2.3026e-005
397	-1.8963e-005
398	-5.3518e-006
399	-3.7921e-006
400	0.
401	0.
402	0.
403	0.
404	0.
405	0.
406	0.
407	0.
408	0.
409	0.
410	0.
411	0.
412	2.5424e-008
413	8.594e-006
414	2.5378e-007
415	9.898e-007
416	1.2342e-005
417	1.6213e-007
418	0.
419	2.3597e-006
420	1.5886e-006
421	-8.3647e-008
422	-1.3119e-006
423	-4.0777e-006
424	5.9943e-006
425	1.1357e-006
426	-1.0631e-005
427	-2.2292e-007
428	5.2396e-006
429	2.2388e-006
430	7.3012e-006
431	1.8397e-006
432	8.2102e-007
433	4.2116e-006
434	3.5128e-006
435	-6.9074e-006
436	-5.7923e-006
437	-1.6321e-006
438	-1.6118e-005
439	9.4402e-006
440	1.4678e-005
441	6.4574e-006
442	-1.3294e-006
443	-2.2242e-005
444	8.1148e-007
445	5.1961e-006
446	1.3034e-005
