Node Number	Directional Deformation (mm)
1	4.1785e-003
2	3.0998e-004
3	1.2164
4	1.2281
5	1.2979
6	1.4267
7	1.9068
8	2.3732
9	2.8016
10	2.2944
11	0.17018
12	-0.33224
13	0.26043
14	7.4429e-002
15	7.687e-003
16	1.3475e-002
17	3.3039e-004
18	5.1327e-004
19	2.8783e-003
20	1.7179
21	3.8703e-004
22	2.9454e-003
23	4.6305e-003
24	-6.7304e-003
25	2.1505e-002
26	0.17818
27	9.1109e-002
28	-1.1103
29	-2.5565
30	-1.2409
31	0.29757
32	1.1454
33	1.5194
34	1.4871
35	1.6232
36	1.6857
37	7.7217e-003
38	4.3595e-003
39	5.3277e-004
40	-1.6619e-003
41	1.1546e-003
42	6.0559e-003
43	5.4725e-003
44	1.0358
45	4.5974e-003
46	-6.0839e-003
47	-7.4282e-003
48	-2.1229e-002
49	3.6555e-002
50	1.6243e-002
51	-6.1268e-003
52	-0.22272
53	0.19792
54	2.9303
55	2.7097
56	1.7125
57	1.0555
58	1.0837
59	1.034
60	1.017
61	1.0816
62	1.1278
63	1.102
64	1.1178
65	1.1252
66	1.1582
67	4.5135e-003
68	3.3168e-004
69	1.8773e-003
70	-1.6285e-003
71	-2.5664e-003
72	2.8128e-003
73	5.0063e-003
74	1.5006
75	4.3099e-003
76	-1.0296e-002
77	-7.1389e-002
78	0.10745
79	-0.35311
80	-2.0456
81	-0.87591
82	0.72023
83	0.84306
84	1.27
85	1.432
86	1.5467
87	1.5447
88	1.5887
89	1.6345
90	1.3064
91	9.8789e-002
92	-0.10882
93	-1.8074
94	-7.7789e-003
95	-0.47717
96	0.90174
97	7.3805e-003
98	-2.7559
99	1.4527
100	-1.8167e-002
101	-1.8615
102	0.48556
103	1.5325
104	-8.6117e-002
105	1.7235
106	-0.15965
107	-4.9419e-002
108	5.5521e-002
109	1.7007
110	-2.2254e-003
111	-0.24444
112	1.2841
113	-2.8303e-002
114	2.1812
115	0.12694
116	-1.9486e-003
117	1.0929
118	-0.14428
119	0.12421
120	7.1932e-003
121	1.103
122	0.9261
123	1.1346
124	-3.1359e-002
125	-6.1452e-002
126	1.5343
127	0.97103
128	-9.7328e-002
129	1.0049e-002
130	-2.335e-003
131	1.0763
132	2.0474
133	-9.0971e-002
134	-6.3959e-003
135	1.7869
136	0.
137	0.
138	0.
139	0.
140	9.3543e-012
141	1.4232e-011
142	1.2474e-011
143	2.0202e-011
144	8.6967e-012
145	1.0375e-011
146	0.
147	0.
148	8.9246e-012
149	8.9152e-012
150	1.1989e-011
151	1.475e-011
152	5.9725e-012
153	5.1678e-012
154	0.
155	0.
156	9.0522e-012
157	6.4143e-011
158	1.7891e-010
159	1.7396e-011
160	2.4097e-011
161	1.7768e-011
162	0.
163	0.
164	0.
165	0.
166	0.
167	0.
168	0.
169	0.
170	0.
171	0.
172	2.3242e-013
173	1.2e-012
174	1.4397e-012
175	1.168e-012
176	1.0181e-012
177	5.1832e-013
178	0.
179	0.
180	0.
181	0.
182	0.
183	0.
184	0.
185	0.
186	0.
187	0.
188	1.2778e-013
189	4.0616e-013
190	7.7205e-015
191	-2.5351e-013
192	-7.9377e-013
193	-6.5159e-013
194	0.
195	0.
196	0.
197	0.
198	0.
199	0.
200	0.
201	0.
202	0.
203	0.
204	0.
205	0.
206	0.
207	0.
208	0.
209	0.
210	0.
211	0.
212	0.
213	0.
214	0.
215	0.
216	0.
217	0.
218	0.
219	0.
220	0.
221	0.
222	0.
223	0.
224	0.
225	0.
226	0.
227	0.
228	0.
229	0.
230	0.
231	0.
232	0.
233	0.
234	-2.5459e-012
235	-1.9066e-012
236	-1.2867e-012
237	-1.1684e-012
238	-2.0102e-012
239	-1.2829e-012
240	4.3041e-012
241	6.2328e-011
242	7.8298e-011
243	-1.2018e-011
244	1.6846e-011
245	3.5039e-012
246	0.
247	2.5484e-012
248	-1.1303e-011
249	-4.4248e-012
250	-1.6128e-012
251	5.3201e-012
252	-2.6811e-012
253	5.5279e-012
254	-7.0665e-012
255	-3.0846e-012
256	-4.6057e-012
257	-7.1859e-013
258	-2.8816e-012
259	-2.6629e-013
260	-6.1394e-013
261	-9.2351e-013
262	-2.7557e-012
263	-5.4803e-012
264	4.4338e-012
265	5.266e-012
266	1.994e-011
267	4.4617e-012
268	4.4148e-012
269	1.3079e-011
270	1.9414e-012
271	6.3825e-012
272	1.09e-012
273	3.429e-012
274	3.4105e-011
275	4.9056e-011
276	0.
277	0.
278	-4.9046e-012
279	2.2624e-011
280	4.6646e-011
281	1.5893e-013
282	2.4412e-011
283	3.8468e-012
284	1.6859e-012
285	-0.88647
286	-0.69865
287	-0.88586
288	-0.96635
289	-0.7682
290	-0.85544
291	-0.84973
292	-0.99322
293	-1.0973
294	-1.1078
295	-1.1365
296	-1.1003
297	-1.1278
298	-1.082
299	-1.0369
300	-0.99625
301	-0.94491
302	-0.93901
303	0.
304	-0.15526
305	-0.25609
306	-0.39843
307	-0.55039
308	-0.73777
309	-0.91746
310	-0.98533
311	-1.0697
312	0.
313	0.
314	0.
315	0.
316	0.
317	0.
318	0.
319	-0.76211
320	-0.65865
321	-0.58077
322	-0.48469
323	-0.38223
324	-0.31632
325	-0.23737
326	-0.15881
327	-0.30476
328	0.
329	0.
330	0.
331	0.
332	0.
333	0.
334	0.
335	0.
336	0.
337	0.
338	0.
339	0.45946
340	-0.28936
341	-0.34569
342	-0.22989
343	-0.12016
344	-0.22927
345	-0.30476
346	-0.28668
347	0.
348	0.
349	0.
350	0.
351	4.5636e-003
352	1.2287e-002
353	2.5116e-002
354	5.125e-002
355	0.1031
356	0.18691
357	0.47615
358	0.94165
359	0.82725
360	0.78983
361	0.70777
362	0.63085
363	0.54132
364	0.45728
365	0.35712
366	0.27698
367	0.16827
368	8.7821e-002
369	0.
370	0.
371	0.
372	0.
373	0.
374	0.
375	0.
376	0.
377	0.
378	0.
379	0.
380	0.
381	0.
382	0.
383	0.
384	0.
385	0.
386	0.
387	0.
388	0.
389	0.
390	0.
391	0.
392	0.
393	0.
394	0.
395	0.
396	-0.53057
397	-0.39889
398	-0.15195
399	-0.18107
400	0.
401	0.
402	0.
403	0.
404	0.
405	0.
406	0.
407	0.
408	0.
409	0.
410	0.
411	0.
412	1.0848e-002
413	0.2371
414	1.0317e-002
415	4.5542e-002
416	0.69769
417	0.10579
418	0.
419	-0.38259
420	-0.59864
421	-0.84058
422	-0.37163
423	-0.73078
424	-0.7398
425	-0.14889
426	-0.9715
427	-0.17718
428	-0.57921
429	0.4324
430	0.49478
431	0.3146
432	-3.3363e-003
433	0.34139
434	-2.7147e-002
435	0.27714
436	0.38278
437	0.24276
438	-0.37996
439	-0.22263
440	0.19993
441	-0.13489
442	-0.14804
443	-0.61018
444	-4.1215e-002
445	-8.8714e-002
446	0.11408
