Node Number	Directional Deformation (mm)
1	7.2278e-003
2	5.9155e-003
3	0.90883
4	0.90367
5	0.92273
6	0.94382
7	1.1697
8	1.552
9	2.1302
10	1.7207
11	1.4704
12	-0.23633
13	0.31597
14	5.0552e-002
15	-1.8678e-003
16	1.6679e-002
17	7.8041e-003
18	5.1726e-003
19	6.5554e-003
20	1.3737
21	6.5209e-003
22	6.9497e-003
23	5.163e-003
24	1.0696e-004
25	1.8845e-003
26	0.12069
27	-5.1618e-002
28	-1.4517
29	-2.0901
30	-0.97067
31	0.32937
32	1.099
33	1.2555
34	1.2154
35	1.2917
36	1.3502
37	9.9598e-003
38	2.8036e-003
39	-4.3446e-003
40	-7.9217e-003
41	-6.1571e-003
42	-2.1152e-003
43	2.8167e-003
44	5.9058e-002
45	8.9148e-003
46	1.4714e-003
47	-4.7576e-003
48	-2.9838e-002
49	2.2231e-002
50	-6.8159e-002
51	0.20825
52	-0.26978
53	0.64641
54	1.7371
55	1.1777
56	0.41369
57	4.5911e-002
58	5.8014e-002
59	3.6611e-002
60	3.5261e-002
61	0.19279
62	0.32524
63	0.41146
64	0.52467
65	0.64239
66	0.76979
67	8.261e-003
68	2.6418e-003
69	-2.0295e-003
70	-6.5119e-003
71	-9.3178e-003
72	-1.8456e-003
73	5.5191e-003
74	0.56501
75	1.0637e-002
76	-3.0917e-003
77	-3.6232e-002
78	0.25505
79	-0.10072
80	-2.4187
81	-0.78593
82	0.17822
83	0.15008
84	0.38562
85	0.5036
86	0.74153
87	0.88093
88	1.0415
89	1.2028
90	0.94197
91	4.5994e-003
92	-2.1629e-002
93	-1.4469
94	-2.2982e-002
95	-1.2097
96	0.35768
97	-4.4779e-003
98	-2.2346
99	0.77417
100	3.6899e-002
101	-1.9111
102	0.82746
103	1.1062
104	-4.5582e-002
105	0.68677
106	5.4688e-002
107	-5.3379e-003
108	2.9195e-002
109	0.88186
110	5.0152e-004
111	0.2484
112	0.48374
113	-1.9701e-002
114	2.0529
115	-2.4319e-002
116	-1.0691e-002
117	0.58333
118	-2.9632e-002
119	-9.0706e-002
120	-2.4772e-003
121	0.22119
122	1.7821e-002
123	0.1885
124	-2.1034e-002
125	0.58791
126	0.89674
127	1.0691
128	-0.1046
129	5.28e-002
130	-1.397e-002
131	0.39719
132	0.75334
133	-2.8969e-002
134	4.3521e-003
135	1.0389
136	0.
137	0.
138	0.
139	0.
140	7.5361e-003
141	-2.4423e-003
142	1.4235e-003
143	1.7577e-003
144	7.2344e-005
145	7.9065e-003
146	0.
147	0.
148	1.8872e-003
149	1.3719e-003
150	3.0602e-003
151	1.9642e-003
152	9.7736e-007
153	1.1539e-003
154	0.
155	0.
156	5.1496e-002
157	4.8502e-002
158	1.448e-002
159	6.3844e-004
160	1.8575e-002
161	2.9571e-002
162	0.
163	0.
164	-4.5921e-003
165	-1.8861e-002
166	-2.5873e-003
167	5.477e-003
168	2.5536e-003
169	5.9624e-002
170	0.
171	0.
172	0.
173	0.
174	0.
175	0.
176	0.
177	0.
178	0.
179	0.
180	0.
181	0.
182	0.
183	0.
184	0.
185	0.
186	0.
187	0.
188	0.
189	0.
190	0.
191	0.
192	0.
193	0.
194	0.
195	0.
196	0.
197	0.
198	0.
199	0.
200	0.
201	0.
202	0.
203	0.
204	0.
205	0.
206	0.
207	0.
208	0.
209	0.
210	0.
211	0.
212	0.
213	0.
214	0.
215	-7.0251e-004
216	-9.2777e-004
217	-1.3772e-003
218	-8.4937e-004
219	-9.0486e-004
220	-1.0151e-003
221	0.
222	0.
223	0.
224	0.
225	0.
226	0.
227	0.
228	0.
229	0.
230	0.
231	0.
232	0.
233	0.
234	1.8511e-004
235	3.3905e-004
236	4.8927e-004
237	5.4034e-004
238	4.5996e-004
239	2.3763e-004
240	1.4887e-004
241	2.6949e-004
242	3.6668e-004
243	3.8003e-004
244	2.7611e-004
245	1.6228e-004
246	0.
247	0.
248	4.2288e-004
249	-1.1417e-003
250	2.0313e-004
251	2.2673e-004
252	9.9946e-004
253	3.1249e-004
254	1.0916e-003
255	2.8747e-003
256	5.2137e-003
257	8.5927e-004
258	1.2105e-003
259	2.6076e-003
260	7.6662e-004
261	2.1436e-003
262	5.1262e-004
263	1.2381e-003
264	4.0636e-004
265	3.2395e-003
266	1.5032e-003
267	2.7994e-004
268	-8.9284e-004
269	-1.9446e-003
270	-3.7486e-003
271	1.9801e-004
272	-7.9124e-003
273	-1.7034e-003
274	-3.9663e-004
275	-3.093e-002
276	7.2468e-003
277	-1.0728e-003
278	1.7888e-003
279	0.
280	1.2526e-002
281	2.0713e-005
282	-1.7513e-003
283	0.
284	-2.3397e-004
285	5.2548e-004
286	4.3441e-003
287	-5.2614e-004
288	1.5606e-002
289	1.8531e-003
290	2.3302e-002
291	8.4865e-003
292	-2.413e-004
293	2.3101e-004
294	0.
295	-9.5005e-004
296	-1.0132e-002
297	-1.2237e-003
298	-3.2576e-003
299	-5.0701e-003
300	-7.1547e-003
301	-8.1722e-003
302	-8.447e-003
303	0.
304	0.
305	0.
306	0.
307	0.
308	0.
309	0.
310	-7.0335e-003
311	-2.5361e-002
312	-2.6195e-002
313	-2.2005e-002
314	-1.8037e-002
315	-1.4174e-002
316	-1.2194e-002
317	-9.2435e-003
318	-3.7075e-002
319	-3.5863e-002
320	-1.7659e-002
321	-1.3694e-002
322	-1.9578e-002
323	-2.2786e-002
324	-2.4045e-002
325	-2.7154e-002
326	-3.0012e-002
327	-3.4135e-002
328	0.
329	-6.7646e-003
330	-1.0168e-002
331	-1.3734e-002
332	-1.7759e-002
333	-2.2379e-002
334	-2.6351e-002
335	-2.8967e-002
336	-3.1636e-002
337	-3.4064e-002
338	0.
339	0.
340	0.
341	1.4555e-004
342	4.327e-004
343	8.3472e-004
344	1.5312e-003
345	3.6162e-003
346	7.5212e-003
347	1.8333e-002
348	2.1301e-002
349	2.0025e-002
350	1.7401e-002
351	1.5111e-002
352	1.3094e-002
353	1.2597e-002
354	1.1379e-002
355	9.562e-003
356	8.5707e-003
357	7.5639e-003
358	4.1125e-003
359	0.
360	0.
361	0.
362	0.
363	0.
364	0.
365	0.
366	0.
367	-1.8885e-002
368	-1.802e-002
369	-1.6971e-002
370	-1.5877e-002
371	-1.3165e-002
372	-9.8439e-003
373	-6.9939e-003
374	-5.9482e-003
375	-3.83e-003
376	0.
377	0.
378	0.
379	0.
380	0.
381	0.
382	0.
383	0.
384	0.
385	0.
386	0.
387	0.
388	0.
389	0.
390	0.
391	1.979e-002
392	0.
393	0.
394	0.
395	0.
396	0.
397	0.
398	0.
399	0.
400	0.
401	0.
402	0.
403	0.
404	-1.366e-003
405	2.765e-003
406	-4.8981e-003
407	5.3226e-004
408	8.8448e-004
409	4.3489e-005
410	2.7748e-004
411	1.5799e-002
412	1.2719e-002
413	0.
414	0.
415	0.
416	0.
417	0.
418	0.
419	0.
420	0.
421	0.
422	0.
423	-1.0484e-002
424	-1.6577e-002
425	-2.4874e-002
426	-1.1805e-002
427	-2.1399e-002
428	-1.8513e-002
429	-7.931e-003
430	-2.6199e-002
431	-4.5269e-003
432	-1.4972e-002
433	-7.5992e-003
434	-2.1801e-002
435	-2.935e-002
436	-7.9839e-003
437	1.3582e-002
438	1.808e-002
439	5.5659e-004
440	-2.2608e-003
441	-6.3979e-004
442	-8.6082e-003
443	-1.353e-002
444	-2.4756e-003
445	-1.0558e-002
