Node Number	Directional Deformation (mm)
1	-9.0965e-003
2	-1.2359e-002
3	1.3945
4	1.3887
5	1.4214
6	1.4649
7	1.7677
8	2.185
9	2.7768
10	2.2918
11	1.7824
12	-0.34033
13	0.18333
14	6.2494e-002
15	-7.7776e-003
16	4.2484e-004
17	-6.5741e-003
18	-1.3176e-002
19	-9.2145e-003
20	1.9998
21	-1.2111e-002
22	-1.4648e-002
23	-2.0322e-002
24	-2.3982e-002
25	-2.1768e-002
26	5.2262e-002
27	-0.23584
28	-1.8661
29	-2.1716
30	-0.71191
31	0.75546
32	1.5723
33	1.7961
34	1.7618
35	1.8806
36	1.9574
37	-9.666e-003
38	-1.3993e-002
39	-2.178e-002
40	-2.7807e-002
41	-2.5045e-002
42	-2.2124e-002
43	-1.5681e-002
44	0.58191
45	-9.4179e-003
46	-2.2382e-002
47	-1.6987e-002
48	-1.879e-002
49	4.3666e-002
50	-1.141e-004
51	0.23902
52	-0.53006
53	1.2343
54	2.3462
55	1.7923
56	0.98581
57	0.57819
58	0.58953
59	0.55985
60	0.54881
61	0.72128
62	0.85337
63	0.93241
64	1.0424
65	1.1459
66	1.2615
67	-1.8353e-002
68	-2.0235e-002
69	-3.0476e-002
70	-3.7134e-002
71	-4.0135e-002
72	-3.0556e-002
73	-2.1813e-002
74	1.1723
75	-1.4138e-002
76	-4.6475e-002
77	-3.9436e-002
78	0.31483
79	-0.19157
80	-2.7063
81	-0.43131
82	0.59509
83	0.63387
84	0.94044
85	1.089
86	1.3578
87	1.4962
88	1.6574
89	1.8196
90	1.5157
91	-5.5595e-002
92	-3.8155e-002
93	-1.1188
94	-6.1679e-002
95	-1.3589
96	0.90017
97	-3.7493e-002
98	-1.9142
99	1.3673
100	5.8052e-002
101	-2.0723
102	1.2994
103	1.6999
104	-5.3195e-002
105	1.2835
106	0.36798
107	-1.7497e-002
108	-5.5286e-002
109	1.481
110	1.4528e-002
111	0.80343
112	1.0282
113	-2.5033e-002
114	2.6471
115	-1.989e-003
116	-2.8898e-002
117	1.0853
118	0.2384
119	-1.0274e-002
120	-2.2051e-002
121	0.74798
122	0.57025
123	0.72864
124	-2.0079e-002
125	1.1543
126	1.4738
127	1.6456
128	-0.11854
129	3.9152e-002
130	-3.397e-002
131	0.91027
132	1.3471
133	-7.3738e-002
134	1.9147e-002
135	1.6546
136	0.
137	0.
138	0.
139	0.
140	5.1117e-002
141	5.2676e-002
142	0.12311
143	9.3368e-002
144	5.1008e-002
145	4.2213e-002
146	0.
147	0.
148	2.4158e-002
149	3.2592e-002
150	5.611e-002
151	7.0119e-002
152	3.934e-002
153	5.286e-002
154	0.
155	0.
156	0.19954
157	0.20048
158	0.33692
159	0.19348
160	0.37075
161	0.13003
162	0.
163	0.
164	5.0095e-002
165	0.14467
166	0.13216
167	0.16266
168	0.13019
169	5.0593e-002
170	0.
171	0.
172	0.
173	0.
174	0.
175	0.
176	0.
177	0.
178	0.
179	0.
180	0.
181	0.
182	0.
183	0.
184	0.
185	0.
186	0.
187	0.
188	0.
189	0.
190	0.
191	0.
192	0.
193	0.
194	0.
195	0.
196	0.
197	0.
198	0.
199	0.
200	0.
201	0.
202	0.
203	0.
204	0.
205	0.
206	0.
207	0.
208	0.
209	0.
210	0.
211	0.
212	0.
213	0.
214	0.
215	-1.1995e-002
216	-1.526e-002
217	-1.7612e-002
218	-1.3865e-002
219	-1.7029e-002
220	-1.9139e-002
221	0.
222	0.
223	0.
224	0.
225	0.
226	0.
227	0.
228	0.
229	0.
230	0.
231	0.
232	0.
233	0.
234	2.6735e-003
235	4.8249e-003
236	7.1093e-003
237	7.7896e-003
238	6.5745e-003
239	3.2068e-003
240	1.8506e-003
241	3.2239e-003
242	4.4041e-003
243	4.3569e-003
244	2.8642e-003
245	1.4893e-003
246	0.
247	0.
248	4.8496e-003
249	-2.5565e-002
250	1.2259e-003
251	2.431e-005
252	-8.7226e-003
253	2.4836e-003
254	1.4996e-002
255	4.0145e-002
256	7.0703e-002
257	1.4178e-002
258	2.0098e-002
259	3.1261e-002
260	1.1194e-002
261	3.6235e-002
262	7.459e-003
263	1.8078e-002
264	5.1753e-003
265	4.4525e-002
266	3.5103e-002
267	4.1865e-003
268	-1.4352e-002
269	-2.652e-002
270	-3.875e-002
271	-3.0092e-002
272	-2.0938e-002
273	-2.8299e-002
274	7.529e-003
275	-2.5774e-002
276	1.6535e-004
277	-2.1549e-002
278	0.10491
279	0.
280	0.23838
281	-5.979e-004
282	-2.3478e-002
283	0.
284	2.4458e-002
285	-1.6215e-003
286	0.14909
287	-8.9328e-003
288	0.20417
289	1.505e-002
290	0.10939
291	0.18236
292	5.3983e-002
293	2.4977e-003
294	0.
295	-0.19398
296	-0.31109
297	-0.20527
298	-0.18347
299	-0.24888
300	-0.3031
301	-0.29901
302	-0.28535
303	0.
304	0.
305	0.
306	0.
307	0.
308	0.
309	0.
310	-0.96021
311	-0.73721
312	-0.79155
313	-0.73918
314	-0.70646
315	-0.65003
316	-0.6555
317	-0.6417
318	-0.93266
319	-0.91596
320	-0.83858
321	-0.81869
322	-0.81996
323	-0.85454
324	-0.86617
325	-0.897
326	-0.90261
327	-0.92633
328	0.
329	-0.15542
330	-0.22642
331	-0.30405
332	-0.39032
333	-0.50266
334	-0.6026
335	-0.67497
336	-0.75528
337	-0.84576
338	0.
339	0.
340	0.
341	5.0325e-003
342	1.5063e-002
343	2.7219e-002
344	4.7813e-002
345	0.11135
346	0.24332
347	0.5819
348	0.6505
349	0.54703
350	0.46691
351	0.37865
352	0.30697
353	0.27518
354	0.24941
355	0.2092
356	0.1951
357	0.17741
358	9.6799e-002
359	0.
360	0.
361	0.
362	0.
363	0.
364	0.
365	0.
366	0.
367	-0.77777
368	-0.69045
369	-0.61091
370	-0.54445
371	-0.42792
372	-0.30918
373	-0.21458
374	-0.17292
375	-0.10755
376	0.
377	0.
378	0.
379	0.
380	0.
381	0.
382	0.
383	0.
384	0.
385	0.
386	0.
387	0.
388	0.
389	0.
390	0.
391	0.59786
392	0.
393	0.
394	0.
395	0.
396	0.
397	0.
398	0.
399	0.
400	0.
401	0.
402	0.
403	0.
404	-0.28168
405	-0.23437
406	-0.30469
407	-4.0033e-002
408	2.9361e-002
409	2.4115e-003
410	9.5206e-003
411	0.36888
412	0.46994
413	0.
414	0.
415	0.
416	0.
417	0.
418	0.
419	0.
420	0.
421	0.
422	0.
423	-0.28472
424	-0.44944
425	-0.7258
426	-0.28982
427	-0.52908
428	-0.60316
429	-0.20399
430	-0.65255
431	-0.11139
432	-0.46222
433	-0.20901
434	-0.77109
435	-0.78479
436	-0.18789
437	0.26627
438	0.39025
439	1.3611e-002
440	-0.12837
441	-2.7966e-002
442	-0.50466
443	-0.39986
444	-6.1345e-002
445	-0.27705
