Node Number	Directional Deformation (mm)
1	7.859e-003
2	5.9636e-003
3	1.4608
4	1.4558
5	1.4849
6	1.5183
7	1.7789
8	2.1705
9	2.7837
10	2.2944
11	1.879
12	-0.2831
13	0.33322
14	5.1718e-002
15	-1.5644e-002
16	1.0792e-002
17	6.8825e-003
18	5.1394e-003
19	7.0458e-003
20	2.0413
21	6.457e-003
22	6.9714e-003
23	5.3157e-003
24	1.4389e-004
25	-9.6005e-003
26	6.0534e-002
27	-0.18483
28	-1.7222
29	-2.0662
30	-0.64571
31	0.83762
32	1.6676
33	1.8556
34	1.8234
35	1.93
36	2.0016
37	1.116e-002
38	4.4999e-003
39	-2.161e-003
40	-4.8785e-003
41	-2.9163e-003
42	3.1805e-004
43	4.1748e-003
44	0.45492
45	1.0311e-002
46	1.65e-003
47	-4.7934e-003
48	-3.0801e-002
49	2.6347e-002
50	-7.4755e-002
51	0.22598
52	-0.29335
53	0.91923
54	2.2251
55	1.6599
56	0.85195
57	0.45869
58	0.46472
59	0.43633
60	0.42544
61	0.61817
62	0.77309
63	0.87999
64	1.0201
65	1.1543
66	1.3005
67	8.6346e-003
68	2.953e-003
69	-1.1413e-003
70	-5.3042e-003
71	-7.823e-003
72	-1.1152e-003
73	6.2008e-003
74	1.0049
75	1.1748e-002
76	-2.2015e-003
77	-3.8293e-002
78	0.27403
79	-0.12599
80	-2.4963
81	-0.51259
82	0.53855
83	0.52205
84	0.79257
85	0.93078
86	1.2262
87	1.4043
88	1.6123
89	1.8213
90	1.5089
91	-1.7018e-002
92	-1.8728e-002
93	-1.0718
94	-2.0847e-002
95	-1.3555
96	0.79889
97	-3.2459e-003
98	-2.0163
99	1.2724
100	5.7707e-002
101	-1.9651
102	1.4141
103	1.7037
104	-3.4652e-002
105	1.1818
106	0.25748
107	-1.6281e-003
108	4.0762e-002
109	1.4392
110	1.069e-002
111	0.5448
112	0.96999
113	-1.6576e-002
114	2.7458
115	2.092e-002
116	-8.3403e-003
117	1.0952
118	9.1301e-002
119	-6.406e-002
120	-6.6349e-004
121	0.65573
122	0.45302
123	0.62504
124	-1.43e-002
125	1.0669
126	1.4412
127	1.5584
128	-6.5403e-002
129	6.1266e-002
130	-1.0812e-002
131	0.8626
132	1.2308
133	-3.6966e-002
134	1.2007e-002
135	1.6307
136	0.
137	0.
138	0.
139	0.
140	2.4703e-002
141	2.1188e-002
142	4.2952e-002
143	4.8616e-002
144	3.6918e-002
145	3.1948e-002
146	0.
147	0.
148	1.5631e-002
149	2.3886e-002
150	3.2395e-002
151	2.934e-002
152	1.6381e-002
153	1.3725e-002
154	0.
155	0.
156	0.11779
157	0.16024
158	0.14171
159	6.5867e-002
160	5.344e-002
161	5.6888e-002
162	0.
163	0.
164	1.4189e-002
165	1.2907e-002
166	5.706e-002
167	9.5119e-002
168	0.10415
169	0.1098
170	0.
171	0.
172	0.
173	0.
174	0.
175	0.
176	0.
177	0.
178	0.
179	0.
180	0.
181	0.
182	0.
183	0.
184	0.
185	0.
186	0.
187	0.
188	0.
189	0.
190	0.
191	0.
192	0.
193	0.
194	0.
195	0.
196	0.
197	0.
198	0.
199	0.
200	0.
201	0.
202	0.
203	0.
204	0.
205	0.
206	0.
207	0.
208	0.
209	0.
210	0.
211	0.
212	0.
213	0.
214	0.
215	-4.4068e-004
216	5.6639e-004
217	6.2921e-004
218	1.9947e-003
219	8.1772e-004
220	-9.849e-004
221	0.
222	0.
223	0.
224	0.
225	0.
226	0.
227	0.
228	0.
229	0.
230	0.
231	0.
232	0.
233	0.
234	1.517e-003
235	2.678e-003
236	3.5958e-003
237	3.8729e-003
238	3.3287e-003
239	1.915e-003
240	1.4066e-003
241	2.4469e-003
242	3.2711e-003
243	3.4624e-003
244	2.6422e-003
245	1.6457e-003
246	0.
247	0.
248	3.9041e-003
249	1.8392e-003
250	2.4787e-003
251	4.0551e-003
252	1.9353e-002
253	4.9864e-003
254	6.8558e-003
255	1.4403e-002
256	2.5938e-002
257	5.2158e-003
258	6.831e-003
259	1.6351e-002
260	5.0515e-003
261	1.1885e-002
262	3.7992e-003
263	7.2231e-003
264	3.1078e-003
265	2.418e-002
266	1.222e-002
267	2.1554e-003
268	7.2831e-003
269	4.0995e-003
270	1.3851e-002
271	7.9195e-004
272	1.0664e-002
273	-6.6123e-004
274	4.6141e-003
275	4.7156e-003
276	1.5414e-002
277	2.6051e-004
278	3.0173e-002
279	0.
280	6.4767e-002
281	1.1705e-003
282	-4.0893e-004
283	0.
284	9.7682e-003
285	3.8663e-003
286	2.9629e-002
287	1.9568e-003
288	7.8313e-002
289	1.0953e-002
290	6.0574e-002
291	5.9325e-002
292	2.7046e-002
293	2.1447e-003
294	0.
295	-1.4126e-002
296	-8.3018e-002
297	-1.7165e-002
298	-3.165e-002
299	-4.8222e-002
300	-8.1026e-002
301	-0.10639
302	-7.853e-002
303	0.
304	0.
305	0.
306	0.
307	0.
308	0.
309	0.
310	-7.0016e-002
311	-0.19353
312	-0.20851
313	-0.2091
314	-0.19378
315	-0.1288
316	-0.1099
317	-8.427e-002
318	-0.23787
319	-0.23553
320	-0.13101
321	-0.11012
322	-0.14419
323	-0.16403
324	-0.17777
325	-0.20033
326	-0.21389
327	-0.2244
328	0.
329	-3.4885e-002
330	-5.4051e-002
331	-7.4101e-002
332	-9.5225e-002
333	-0.12243
334	-0.14687
335	-0.16718
336	-0.18996
337	-0.21456
338	0.
339	0.
340	0.
341	8.8025e-004
342	2.7058e-003
343	4.7199e-003
344	8.559e-003
345	2.1387e-002
346	4.8223e-002
347	0.11833
348	0.11948
349	8.2356e-002
350	6.0723e-002
351	4.205e-002
352	2.9318e-002
353	2.7315e-002
354	2.6896e-002
355	2.4118e-002
356	2.5301e-002
357	2.5453e-002
358	1.4143e-002
359	0.
360	0.
361	0.
362	0.
363	0.
364	0.
365	0.
366	0.
367	-0.13375
368	-0.12018
369	-0.10833
370	-9.8319e-002
371	-7.8165e-002
372	-5.6514e-002
373	-3.8434e-002
374	-3.137e-002
375	-1.9496e-002
376	0.
377	0.
378	0.
379	0.
380	0.
381	0.
382	0.
383	0.
384	0.
385	0.
386	0.
387	0.
388	0.
389	0.
390	0.
391	0.12523
392	0.
393	0.
394	0.
395	0.
396	0.
397	0.
398	0.
399	0.
400	0.
401	0.
402	0.
403	0.
404	-2.2939e-002
405	5.0765e-003
406	-4.3047e-002
407	-4.4201e-003
408	4.7089e-003
409	3.7294e-004
410	1.6757e-003
411	4.5779e-002
412	8.8569e-002
413	0.
414	0.
415	0.
416	0.
417	0.
418	0.
419	0.
420	0.
421	0.
422	0.
423	-5.831e-002
424	-9.5104e-002
425	-0.15778
426	-6.5426e-002
427	-0.12073
428	-0.11903
429	-4.0786e-002
430	-0.15334
431	-2.4854e-002
432	-8.9494e-002
433	-4.019e-002
434	-0.15514
435	-0.18833
436	-4.3242e-002
437	5.5044e-002
438	6.951e-002
439	3.0503e-003
440	-1.874e-002
441	-3.4436e-002
442	-7.6418e-002
443	-0.11943
444	-1.6496e-002
445	-9.0251e-002
