Node Number	Directional Deformation (mm)
1	-6.6475e-003
2	-1.1099e-002
3	1.5034
4	1.4896
5	1.5138
6	1.5415
7	1.8203
8	2.2363
9	2.8778
10	2.3932
11	1.9291
12	-0.41089
13	0.27379
14	5.5239e-002
15	-1.2589e-002
16	1.7594e-003
17	-5.1189e-003
18	-1.0744e-002
19	-6.9723e-003
20	2.1802
21	-1.0787e-002
22	-1.2195e-002
23	-1.6736e-002
24	-2.1196e-002
25	-2.4594e-002
26	5.7835e-002
27	-0.19156
28	-1.8667
29	-2.1819
30	-0.63952
31	0.90022
32	1.7426
33	1.949
34	1.9234
35	2.0436
36	2.1294
37	-1.4108e-003
38	-7.717e-003
39	-1.6881e-002
40	-2.315e-002
41	-2.0555e-002
42	-1.7657e-002
43	-1.2372e-002
44	0.55984
45	-1.2322e-003
46	-1.5095e-002
47	-1.0555e-002
48	-2.4693e-002
49	4.3265e-002
50	-3.076e-002
51	0.35326
52	-0.57122
53	1.0759
54	2.3837
55	1.773
56	0.93501
57	0.53549
58	0.54822
59	0.52403
60	0.51834
61	0.71502
62	0.86217
63	0.95873
64	1.0875
65	1.2117
66	1.3489
67	-1.0937e-002
68	-1.8137e-002
69	-2.6814e-002
70	-3.3204e-002
71	-3.5906e-002
72	-2.517e-002
73	-1.4908e-002
74	1.2227
75	-5.5878e-003
76	-3.5643e-002
77	-4.663e-002
78	0.33151
79	-8.41e-002
80	-2.6826
81	-0.40875
82	0.66026
83	0.67008
84	0.97176
85	1.128
86	1.4312
87	1.5935
88	1.7809
89	1.972
90	1.6316
91	-3.3046e-002
92	-3.9984e-002
93	-1.0415
94	-5.7353e-002
95	-1.3906
96	0.95675
97	-3.2458e-002
98	-1.939
99	1.4429
100	5.2638e-002
101	-2.0535
102	1.5033
103	1.8338
104	-5.42e-002
105	1.2615
106	0.36268
107	-9.3076e-003
108	-1.2803e-002
109	1.4895
110	1.447e-002
111	0.72437
112	1.0296
113	-2.4881e-002
114	2.8201
115	1.3542e-002
116	-2.4115e-002
117	1.1318
118	0.19667
119	-5.2667e-002
120	-1.8532e-002
121	0.73364
122	0.5298
123	0.69658
124	-2.1351e-002
125	1.1923
126	1.5109
127	1.6983
128	-9.5412e-002
129	5.2506e-002
130	-3.0354e-002
131	0.92953
132	1.3233
133	-6.0005e-002
134	1.5289e-002
135	1.681
136	0.
137	0.
138	0.
139	0.
140	5.0766e-002
141	5.8528e-002
142	0.12374
143	9.4843e-002
144	5.5461e-002
145	4.829e-002
146	0.
147	0.
148	2.6299e-002
149	3.5893e-002
150	5.9282e-002
151	7.2084e-002
152	4.2271e-002
153	5.2926e-002
154	0.
155	0.
156	0.22571
157	0.20609
158	0.33355
159	0.18736
160	0.39535
161	0.12198
162	0.
163	0.
164	2.6843e-002
165	0.12638
166	0.13282
167	0.16362
168	0.14052
169	7.1014e-002
170	0.
171	0.
172	0.
173	0.
174	0.
175	0.
176	0.
177	0.
178	0.
179	0.
180	0.
181	0.
182	0.
183	0.
184	0.
185	0.
186	0.
187	0.
188	0.
189	0.
190	0.
191	0.
192	0.
193	0.
194	0.
195	0.
196	0.
197	0.
198	0.
199	0.
200	0.
201	0.
202	0.
203	0.
204	0.
205	0.
206	0.
207	0.
208	0.
209	0.
210	0.
211	0.
212	0.
213	0.
214	0.
215	-1.0798e-002
216	-1.2968e-002
217	-1.4804e-002
218	-1.0574e-002
219	-1.4315e-002
220	-1.7485e-002
221	0.
222	0.
223	0.
224	0.
225	0.
226	0.
227	0.
228	0.
229	0.
230	0.
231	0.
232	0.
233	0.
234	2.793e-003
235	5.0586e-003
236	7.3181e-003
237	7.9424e-003
238	6.7064e-003
239	3.3639e-003
240	2.1327e-003
241	3.773e-003
242	5.1316e-003
243	5.1901e-003
244	3.5807e-003
245	1.9701e-003
246	0.
247	0.
248	5.8631e-003
249	-2.1686e-002
250	2.0959e-003
251	1.5947e-003
252	-3.1479e-003
253	4.4909e-003
254	1.514e-002
255	3.9927e-002
256	7.1897e-002
257	1.3772e-002
258	1.9768e-002
259	3.4429e-002
260	1.1203e-002
261	3.7004e-002
262	7.7155e-003
263	1.7599e-002
264	5.4929e-003
265	4.7727e-002
266	3.6077e-002
267	4.3077e-003
268	-6.1867e-003
269	-1.9344e-002
270	-2.1529e-002
271	-2.5535e-002
272	-4.5851e-003
273	-2.4679e-002
274	9.4765e-003
275	-5.9477e-003
276	6.6977e-003
277	-1.8616e-002
278	0.1062
279	0.
280	0.22863
281	9.3114e-005
282	-2.0489e-002
283	0.
284	2.7808e-002
285	7.9621e-004
286	0.14441
287	-6.6341e-003
288	0.20093
289	1.8166e-002
290	0.11378
291	0.18021
292	5.7501e-002
293	2.9461e-003
294	0.
295	-0.19102
296	-0.29736
297	-0.1987
298	-0.17441
299	-0.23485
300	-0.28921
301	-0.28956
302	-0.2732
303	0.
304	0.
305	0.
306	0.
307	0.
308	0.
309	0.
310	-0.94925
311	-0.69138
312	-0.74496
313	-0.70026
314	-0.67238
315	-0.60944
316	-0.61896
317	-0.60617
318	-0.86651
319	-0.853
320	-0.78489
321	-0.76682
322	-0.76687
323	-0.7973
324	-0.80644
325	-0.83315
326	-0.83932
327	-0.86448
328	0.
329	-0.14392
330	-0.21042
331	-0.28291
332	-0.36333
333	-0.46758
334	-0.56027
335	-0.62776
336	-0.70266
337	-0.78664
338	0.
339	0.
340	0.
341	4.5627e-003
342	1.369e-002
343	2.4539e-002
344	4.308e-002
345	0.10112
346	0.22236
347	0.53395
348	0.58737
349	0.48886
350	0.41647
351	0.33611
352	0.27143
353	0.24334
354	0.22076
355	0.18528
356	0.17392
357	0.15931
358	8.7073e-002
359	0.
360	0.
361	0.
362	0.
363	0.
364	0.
365	0.
366	0.
367	-0.72846
368	-0.64693
369	-0.57229
370	-0.50971
371	-0.40115
372	-0.29053
373	-0.20215
374	-0.1622
375	-0.10046
376	0.
377	0.
378	0.
379	0.
380	0.
381	0.
382	0.
383	0.
384	0.
385	0.
386	0.
387	0.
388	0.
389	0.
390	0.
391	0.53099
392	0.
393	0.
394	0.
395	0.
396	0.
397	0.
398	0.
399	0.
400	0.
401	0.
402	0.
403	0.
404	-0.27417
405	-0.23996
406	-0.29365
407	-4.3434e-002
408	2.634e-002
409	2.1845e-003
410	8.6287e-003
411	0.32571
412	0.43038
413	0.
414	0.
415	0.
416	0.
417	0.
418	0.
419	0.
420	0.
421	0.
422	0.
423	-0.26714
424	-0.42116
425	-0.67593
426	-0.27053
427	-0.49272
428	-0.56449
429	-0.19017
430	-0.60786
431	-0.10405
432	-0.43297
433	-0.19588
434	-0.71942
435	-0.73104
436	-0.17483
437	0.23501
438	0.34523
439	1.2595e-002
440	-0.11668
441	-4.041e-002
442	-0.47825
443	-0.38097
444	-5.8439e-002
445	-0.26566
