Node Number	Directional Deformation (mm)
1	-6.9649e-003
2	-1.1299e-002
3	1.4888
4	1.4761
5	1.5014
6	1.5311
7	1.8128
8	2.2293
9	2.8643
10	2.3805
11	1.9093
12	-0.40281
13	0.25944
14	5.6382e-002
15	-1.2172e-002
16	1.4553e-003
17	-5.3509e-003
18	-1.1076e-002
19	-7.2729e-003
20	2.156
21	-1.0979e-002
22	-1.2507e-002
23	-1.7184e-002
24	-2.1573e-002
25	-2.432e-002
26	5.6926e-002
27	-0.19744
28	-1.8683
29	-2.1829
30	-0.64902
31	0.88138
32	1.7201
33	1.9287
34	1.9018
35	2.0219
36	2.1064
37	-2.2476e-003
38	-8.3412e-003
39	-1.7391e-002
40	-2.3678e-002
41	-2.1099e-002
42	-1.8216e-002
43	-1.2794e-002
44	0.56013
45	-2.0891e-003
46	-1.5913e-002
47	-1.1304e-002
48	-2.3904e-002
49	4.3069e-002
50	-2.5668e-002
51	0.33788
52	-0.56719
53	1.0954
54	2.3764
55	1.7735
56	0.93958
57	0.53907
58	0.55141
59	0.5263
60	0.51982
61	0.71361
62	0.85913
63	0.9538
64	1.0805
65	1.2024
66	1.337
67	-1.1685e-002
68	-1.841e-002
69	-2.726e-002
70	-3.3664e-002
71	-3.6364e-002
72	-2.5716e-002
73	-1.5607e-002
74	1.2132
75	-6.479e-003
76	-3.6999e-002
77	-4.5786e-002
78	0.3298
79	-9.7665e-002
80	-2.6884
81	-0.41443
82	0.6488
83	0.66271
84	0.965
85	1.1201
86	1.4192
87	1.5789
88	1.7633
89	1.9512
90	1.6159
91	-3.5936e-002
92	-3.9739e-002
93	-1.0509
94	-5.7885e-002
95	-1.3868
96	0.94743
97	-3.3081e-002
98	-1.9381
99	1.4312
100	5.3379e-002
101	-2.0546
102	1.4766
103	1.8155
104	-5.3998e-002
105	1.2629
106	0.36411
107	-1.0154e-002
108	-1.8447e-002
109	1.4878
110	1.451e-002
111	0.73365
112	1.0281
113	-2.4906e-002
114	2.7965
115	1.2259e-002
116	-2.4647e-002
117	1.1251
118	0.20205
119	-4.7788e-002
120	-1.9007e-002
121	0.73355
122	0.53334
123	0.69886
124	-2.1183e-002
125	1.1855
126	1.505
127	1.6925
128	-9.7574e-002
129	5.104e-002
130	-3.0805e-002
131	0.92568
132	1.3246
133	-6.1612e-002
134	1.5787e-002
135	1.6773
136	0.
137	0.
138	0.
139	0.
140	5.0835e-002
141	5.7903e-002
142	0.12383
143	9.4788e-002
144	5.506e-002
145	4.7675e-002
146	0.
147	0.
148	2.6105e-002
149	3.5593e-002
150	5.903e-002
151	7.1967e-002
152	4.1985e-002
153	5.2971e-002
154	0.
155	0.
156	0.22287
157	0.2061
158	0.33429
159	0.18832
160	0.39257
161	0.12293
162	0.
163	0.
164	2.9437e-002
165	0.12852
166	0.13308
167	0.16385
168	0.13993
169	6.8871e-002
170	0.
171	0.
172	0.
173	0.
174	0.
175	0.
176	0.
177	0.
178	0.
179	0.
180	0.
181	0.
182	0.
183	0.
184	0.
185	0.
186	0.
187	0.
188	0.
189	0.
190	0.
191	0.
192	0.
193	0.
194	0.
195	0.
196	0.
197	0.
198	0.
199	0.
200	0.
201	0.
202	0.
203	0.
204	0.
205	0.
206	0.
207	0.
208	0.
209	0.
210	0.
211	0.
212	0.
213	0.
214	0.
215	-1.0926e-002
216	-1.3207e-002
217	-1.5097e-002
218	-1.0917e-002
219	-1.4601e-002
220	-1.766e-002
221	0.
222	0.
223	0.
224	0.
225	0.
226	0.
227	0.
228	0.
229	0.
230	0.
231	0.
232	0.
233	0.
234	2.786e-003
235	5.0417e-003
236	7.3069e-003
237	7.939e-003
238	6.7038e-003
239	3.3531e-003
240	2.1081e-003
241	3.7209e-003
242	5.0622e-003
243	5.1098e-003
244	3.5092e-003
245	1.9213e-003
246	0.
247	0.
248	5.7642e-003
249	-2.2148e-002
250	2.005e-003
251	1.4283e-003
252	-3.7494e-003
253	4.2854e-003
254	1.5145e-002
255	4.0008e-002
256	7.1884e-002
257	1.3832e-002
258	1.9815e-002
259	3.4122e-002
260	1.1221e-002
261	3.6995e-002
262	7.6991e-003
263	1.7685e-002
264	5.4676e-003
265	4.7443e-002
266	3.6032e-002
267	4.3037e-003
268	-7.0448e-003
269	-2.0102e-002
270	-2.3357e-002
271	-2.6017e-002
272	-6.4702e-003
273	-2.5067e-002
274	9.2742e-003
275	-7.8768e-003
276	6.0358e-003
277	-1.8929e-002
278	0.10618
279	0.
280	0.23011
281	2.888e-005
282	-2.0823e-002
283	0.
284	2.745e-002
285	5.4477e-004
286	0.14507
287	-6.8671e-003
288	0.20172
289	1.7862e-002
290	0.11348
291	0.18073
292	5.7295e-002
293	2.9025e-003
294	0.
295	-0.19126
296	-0.29934
297	-0.19937
298	-0.17548
299	-0.23647
300	-0.29126
301	-0.29119
302	-0.27473
303	0.
304	0.
305	0.
306	0.
307	0.
308	0.
309	0.
310	-0.95019
311	-0.69745
312	-0.75105
313	-0.70548
314	-0.67753
315	-0.61429
316	-0.62338
317	-0.61014
318	-0.87504
319	-0.86122
320	-0.7908
321	-0.77202
322	-0.77309
323	-0.80413
324	-0.81354
325	-0.84073
326	-0.84716
327	-0.87227
328	0.
329	-0.14533
330	-0.21241
331	-0.28556
332	-0.36672
333	-0.47198
334	-0.56558
335	-0.63372
336	-0.70937
337	-0.79423
338	0.
339	0.
340	0.
341	4.6167e-003
342	1.3851e-002
343	2.4837e-002
344	4.3606e-002
345	0.10231
346	0.22492
347	0.53988
348	0.59496
349	0.49561
350	0.4222
351	0.34084
352	0.27532
353	0.24682
354	0.22392
355	0.18794
356	0.1763
357	0.16136
358	8.8177e-002
359	0.
360	0.
361	0.
362	0.
363	0.
364	0.
365	0.
366	0.
367	-0.73418
368	-0.65197
369	-0.57677
370	-0.51375
371	-0.40426
372	-0.29269
373	-0.20358
374	-0.16344
375	-0.10128
376	0.
377	0.
378	0.
379	0.
380	0.
381	0.
382	0.
383	0.
384	0.
385	0.
386	0.
387	0.
388	0.
389	0.
390	0.
391	0.53889
392	0.
393	0.
394	0.
395	0.
396	0.
397	0.
398	0.
399	0.
400	0.
401	0.
402	0.
403	0.
404	-0.2747
405	-0.23915
406	-0.29482
407	-4.2983e-002
408	2.6664e-002
409	2.2088e-003
410	8.7312e-003
411	0.33046
412	0.43534
413	0.
414	0.
415	0.
416	0.
417	0.
418	0.
419	0.
420	0.
421	0.
422	0.
423	-0.26924
424	-0.42457
425	-0.68194
426	-0.27291
427	-0.49719
428	-0.56908
429	-0.19181
430	-0.61341
431	-0.10495
432	-0.43641
433	-0.19742
434	-0.72559
435	-0.73777
436	-0.17645
437	0.23877
438	0.35051
439	1.2721e-002
440	-0.11805
441	-3.9228e-002
442	-0.48132
443	-0.38368
444	-5.8827e-002
445	-0.26741
