Node Number	Directional Deformation (mm)
1	7.2529e-003
2	4.2799e-003
3	3.6061e-002
4	-4.4173e-002
5	-8.7069e-002
6	-0.11831
7	7.0275e-002
8	0.41101
9	0.96569
10	0.75276
11	0.86962
12	-0.16591
13	0.19891
14	1.9898e-002
15	-1.5534e-002
16	1.1489e-002
17	5.8699e-003
18	5.2858e-003
19	6.5818e-003
20	1.0752
21	4.5514e-003
22	5.9735e-003
23	5.7204e-003
24	-8.2723e-004
25	-6.2307e-003
26	0.11046
27	1.6883e-002
28	-1.0984
29	-1.9741
30	-1.3406
31	-0.2726
32	0.47608
33	0.6708
34	0.68438
35	0.84361
36	0.97161
37	9.3389e-003
38	3.873e-003
39	-1.6277e-003
40	-1.8897e-003
41	6.3552e-004
42	4.0166e-003
43	5.6032e-003
44	-0.40391
45	9.4971e-003
46	6.8932e-003
47	-4.1031e-003
48	-2.6708e-002
49	9.7201e-003
50	-7.164e-002
51	0.12389
52	-0.19516
53	0.28327
54	1.0202
55	0.37082
56	-0.34952
57	-0.6776
58	-0.6054
59	-0.5681
60	-0.50451
61	-0.32877
62	-0.25395
63	-0.22501
64	-0.17214
65	-0.11715
66	-4.9217e-002
67	6.6796e-003
68	2.6003e-003
69	1.337e-003
70	-1.632e-003
71	-5.0671e-003
72	-1.5619e-003
73	4.5058e-003
74	0.64277
75	7.7446e-003
76	5.531e-003
77	-2.4157e-002
78	0.21018
79	-0.13742
80	-2.2792
81	-1.0004
82	-0.16255
83	-0.10503
84	0.25097
85	0.47114
86	0.73967
87	0.80163
88	0.88165
89	0.97016
90	0.49801
91	4.7767e-002
92	-2.1735e-002
93	-1.6717
94	-1.4983e-002
95	-1.0302
96	7.9018e-002
97	1.4926e-003
98	-2.2417
99	0.57209
100	8.0345e-003
101	-1.6185
102	0.31208
103	0.75712
104	-4.9681e-002
105	-0.13015
106	-8.4272e-002
107	4.8952e-003
108	4.3579e-002
109	-7.4056e-002
110	-1.8863e-002
111	5.5489e-003
112	-0.32145
113	-1.8078e-002
114	1.0778
115	1.186e-002
116	-8.262e-003
117	-0.30158
118	-7.3932e-002
119	-9.3148e-002
120	3.0209e-003
121	-0.43618
122	-0.63006
123	-0.55981
124	-2.5667e-002
125	2.6313e-002
126	3.3218e-002
127	0.4357
128	-7.5917e-002
129	4.7753e-002
130	-5.5734e-003
131	-0.32398
132	-2.5646e-002
133	2.4762e-003
134	-1.1968e-002
135	-1.4594e-002
136	0.
137	0.
138	0.
139	0.
140	1.0101e-003
141	-5.9155e-003
142	-5.158e-003
143	-4.4688e-003
144	-5.5568e-003
145	2.7835e-003
146	0.
147	0.
148	-6.1042e-004
149	-2.4328e-003
150	-2.5391e-003
151	-2.8159e-003
152	-2.4632e-003
153	-1.0989e-003
154	0.
155	0.
156	2.4546e-002
157	8.5834e-003
158	-8.5751e-003
159	-9.013e-003
160	1.0372e-002
161	1.3494e-002
162	0.
163	0.
164	-8.5179e-003
165	-1.9529e-002
166	-1.1285e-002
167	-6.4037e-003
168	-1.171e-002
169	2.6888e-002
170	0.
171	0.
172	0.
173	0.
174	0.
175	0.
176	0.
177	0.
178	0.
179	0.
180	0.
181	0.
182	0.
183	0.
184	0.
185	0.
186	0.
187	0.
188	0.
189	0.
190	0.
191	0.
192	0.
193	0.
194	0.
195	0.
196	0.
197	0.
198	0.
199	0.
200	0.
201	0.
202	0.
203	0.
204	0.
205	0.
206	0.
207	0.
208	0.
209	0.
210	0.
211	0.
212	0.
213	0.
214	0.
215	-3.9516e-004
216	-5.8966e-004
217	-7.413e-004
218	-4.8545e-004
219	-4.7666e-004
220	-5.7082e-004
221	0.
222	0.
223	0.
224	0.
225	0.
226	0.
227	0.
228	0.
229	0.
230	0.
231	0.
232	0.
233	0.
234	-9.352e-005
235	-1.5594e-004
236	-1.8286e-004
237	-1.8804e-004
238	-1.656e-004
239	-1.1677e-004
240	-1.0784e-004
241	-1.8011e-004
242	-2.3586e-004
243	-2.5792e-004
244	-2.09e-004
245	-1.3851e-004
246	0.
247	0.
248	-2.9508e-004
249	-1.1804e-003
250	-2.4273e-004
251	-4.7852e-004
252	-2.076e-003
253	-5.4732e-004
254	-2.4093e-004
255	-8.6011e-005
256	-1.5873e-004
257	-1.3353e-004
258	-1.0285e-004
259	-6.4676e-004
260	-1.9938e-004
261	-2.0306e-004
262	-1.9605e-004
263	-1.8627e-004
264	-1.7772e-004
265	-1.2472e-003
266	-8.3734e-004
267	-1.193e-004
268	6.3398e-005
269	2.9416e-005
270	1.0716e-003
271	-1.1715e-004
272	-2.548e-003
273	-6.9755e-004
274	-1.6554e-004
275	-1.1549e-002
276	4.9909e-003
277	-5.972e-004
278	1.9826e-004
279	0.
280	-1.4771e-003
281	-1.7748e-004
282	-1.1794e-003
283	0.
284	4.9217e-004
285	2.5569e-004
286	-9.1225e-004
287	-5.0091e-004
288	9.4935e-004
289	1.5907e-003
290	9.3583e-003
291	-2.4074e-003
292	-1.6707e-003
293	-1.6279e-004
294	0.
295	5.179e-006
296	5.6417e-006
297	5.1687e-006
298	8.5365e-007
299	7.2935e-007
300	1.0201e-006
301	4.4184e-006
302	4.5915e-006
303	0.
304	0.
305	0.
306	0.
307	0.
308	0.
309	0.
310	2.9116e-005
311	7.1499e-006
312	5.3651e-006
313	5.4561e-006
314	3.0176e-006
315	5.7831e-007
316	4.8782e-007
317	8.7106e-007
318	4.0412e-006
319	5.3311e-006
320	-7.4744e-007
321	4.2474e-006
322	-3.1937e-007
323	-1.6669e-006
324	-3.0768e-007
325	5.6626e-007
326	1.8531e-006
327	2.7595e-006
328	0.
329	2.4515e-007
330	7.1748e-007
331	1.1295e-006
332	1.4353e-006
333	1.7341e-006
334	2.0221e-006
335	2.3941e-006
336	2.8121e-006
337	3.3097e-006
338	0.
339	0.
340	0.
341	8.7101e-010
342	4.7795e-009
343	-6.1492e-008
344	-1.4761e-007
345	-2.282e-007
346	-4.0075e-007
347	1.4281e-006
348	6.3425e-006
349	7.5775e-006
350	6.4301e-006
351	5.3177e-006
352	4.3753e-006
353	3.6913e-006
354	3.0452e-006
355	2.3567e-006
356	1.8401e-006
357	1.3645e-006
358	7.125e-007
359	0.
360	0.
361	0.
362	0.
363	0.
364	0.
365	0.
366	0.
367	-2.2487e-006
368	-2.8403e-006
369	-2.4344e-006
370	-1.9875e-006
371	-1.398e-006
372	-9.513e-007
373	-7.0386e-007
374	-5.0684e-007
375	-3.1241e-007
376	0.
377	0.
378	0.
379	0.
380	0.
381	0.
382	0.
383	0.
384	0.
385	0.
386	0.
387	0.
388	0.
389	0.
390	0.
391	9.5358e-007
392	0.
393	0.
394	0.
395	0.
396	0.
397	0.
398	0.
399	0.
400	0.
401	0.
402	0.
403	0.
404	-7.6204e-006
405	-1.4938e-005
406	-2.6807e-006
407	-3.7995e-007
408	-4.0968e-009
409	9.1103e-008
410	1.0165e-008
411	3.8986e-006
412	3.3838e-007
413	0.
414	0.
415	0.
416	0.
417	0.
418	0.
419	0.
420	0.
421	0.
422	0.
423	-1.0324e-007
424	2.0882e-007
425	7.8312e-007
426	5.4628e-007
427	1.047e-006
428	-6.991e-007
429	-2.0994e-007
430	1.8254e-006
431	1.8725e-007
432	-8.7896e-007
433	-3.4776e-007
434	-1.068e-007
435	2.2212e-006
436	4.3284e-007
437	1.8792e-007
438	2.2353e-006
439	1.1658e-006
440	4.2072e-006
441	6.453e-006
442	-1.5843e-006
443	4.9071e-006
444	4.2179e-007
445	3.8841e-006
