Node Number	Directional Deformation (mm)
1	6.4678e-003
2	8.4261e-003
3	0.60709
4	0.53366
5	0.44909
6	0.36012
7	0.32588
8	0.31355
9	0.41972
10	0.44666
11	1.1247
12	1.2658
13	0.37078
14	-7.2173e-002
15	5.6198e-002
16	-3.327e-002
17	4.1989e-004
18	2.7961e-003
19	6.0332e-003
20	1.491
21	1.1828e-002
22	-2.8001e-004
23	-2.3802e-002
24	-4.6414e-002
25	-9.2038e-002
26	-0.54493
27	-1.6294
28	-1.2402
29	-0.50434
30	0.10038
31	0.72086
32	1.0387
33	1.1748
34	1.2653
35	1.351
36	1.4285
37	-3.0933e-003
38	7.4483e-004
39	6.9794e-004
40	-1.5778e-002
41	-2.3566e-002
42	-1.485e-002
43	-3.6193e-004
44	-0.43218
45	-6.2502e-003
46	-4.0086e-003
47	-3.6561e-002
48	-2.7225e-002
49	3.817e-002
50	4.8563e-002
51	-0.19267
52	0.87163
53	0.80879
54	-0.24933
55	-0.69304
56	-0.80994
57	-0.73969
58	-0.66302
59	-0.58079
60	-0.50226
61	-0.27341
62	-0.14158
63	1.6591e-002
64	0.16756
65	0.31302
66	0.46567
67	3.9354e-003
68	9.1687e-003
69	-9.1846e-003
70	-1.7066e-002
71	-1.6809e-002
72	2.4537e-003
73	7.5243e-004
74	0.38048
75	-1.0035e-002
76	-0.1216
77	-1.8532e-002
78	-0.22143
79	-1.5625
80	-1.7591
81	-0.47007
82	-7.5937e-002
83	7.2904e-002
84	0.20377
85	0.29887
86	0.63346
87	0.8812
88	1.1032
89	1.3062
90	0.95375
91	-0.94134
92	9.5215e-002
93	0.23039
94	-7.9496e-002
95	-2.0227
96	0.41088
97	-2.8972e-002
98	-0.59043
99	0.70199
100	0.25149
101	-2.2698
102	0.88887
103	1.1579
104	5.1987e-002
105	-0.36483
106	0.3997
107	4.1706e-002
108	-6.8699e-002
109	7.6628e-004
110	2.8227e-002
111	0.58879
112	-0.1974
113	-1.1484e-002
114	0.36954
115	-0.10316
116	-1.7098e-002
117	0.13997
118	-0.18793
119	3.3395e-002
120	-9.8337e-003
121	-0.34256
122	-0.81368
123	-0.54957
124	-4.5619e-003
125	0.46244
126	-0.22724
127	1.1673
128	-4.9548e-002
129	-1.6554e-002
130	-3.1078e-002
131	-4.2175e-002
132	-0.67356
133	-9.9697e-002
134	5.0975e-002
135	0.13017
136	0.
137	0.
138	0.
139	0.
140	-4.975e-004
141	-6.4617e-004
142	-6.2783e-004
143	-1.0391e-003
144	3.3779e-004
145	-1.9955e-004
146	0.
147	0.
148	3.455e-003
149	-2.9911e-005
150	1.3626e-003
151	7.7375e-005
152	-4.1881e-004
153	-1.6594e-003
154	0.
155	0.
156	0.
157	0.
158	0.
159	0.
160	0.
161	0.
162	0.
163	0.
164	0.
165	0.
166	-6.4806e-006
167	3.0781e-005
168	2.9859e-005
169	2.5376e-005
170	1.1329e-005
171	-3.9323e-006
172	0.
173	0.
174	0.
175	0.
176	0.
177	0.
178	0.
179	0.
180	0.
181	0.
182	0.
183	0.
184	0.
185	-1.6498e-003
186	-4.7466e-003
187	1.8968e-002
188	1.2098e-002
189	3.9339e-002
190	1.0542e-002
191	0.
192	7.5858e-004
193	1.4552e-002
194	-1.3323e-002
195	-1.7014e-003
196	-3.0313e-002
197	-3.1461e-003
198	0.
199	0.
200	0.
201	0.
202	0.
203	0.
204	0.
205	0.
206	0.
207	0.
208	0.
209	0.
210	0.
211	0.
212	0.
213	0.
214	0.
215	0.
216	0.
217	0.
218	0.
219	0.
220	0.
221	0.
222	0.
223	0.
224	0.
225	0.
226	0.
227	0.
228	0.
229	0.
230	0.
231	-1.8507e-003
232	-2.522e-003
233	-2.5823e-003
234	-1.4891e-003
235	-1.1588e-003
236	-8.8065e-004
237	0.
238	0.
239	0.
240	1.4981e-005
241	1.3893e-005
242	1.4241e-005
243	7.9038e-006
244	-3.5065e-006
245	-8.9217e-006
246	0.
247	0.
248	1.3933e-005
249	-3.9822e-004
250	-2.539e-005
251	-1.0839e-004
252	-2.127e-003
253	-2.1846e-004
254	-6.256e-004
255	-6.3208e-004
256	-3.6878e-003
257	-3.052e-003
258	-3.6613e-004
259	-4.3737e-004
260	-6.2547e-003
261	1.2867e-004
262	7.5234e-004
263	4.8176e-004
264	1.5379e-004
265	7.9541e-004
266	5.4755e-004
267	5.3406e-005
268	7.2483e-004
269	-7.6677e-004
270	4.8618e-005
271	1.7392e-004
272	1.0196e-005
273	6.0793e-004
274	5.6935e-004
275	0.
276	1.1396e-002
277	-5.3311e-005
278	-4.8811e-004
279	0.
280	1.5941e-003
281	-4.5342e-003
282	5.3542e-003
283	9.841e-003
284	-1.2414e-003
285	-4.0563e-004
286	-4.3412e-006
287	-1.4627e-003
288	8.6882e-003
289	-5.1296e-004
290	0.
291	0.
292	0.
293	0.
294	0.
295	0.
296	0.
297	0.
298	-3.9523e-004
299	-4.1841e-004
300	-4.0238e-004
301	-4.378e-004
302	-4.8146e-004
303	-4.4318e-004
304	-4.3315e-004
305	0.
306	0.
307	0.
308	0.
309	0.
310	0.
311	0.
312	0.
313	0.
314	0.
315	0.
316	0.
317	0.
318	0.
319	0.
320	0.
321	0.
322	0.
323	-2.9685e-003
324	-1.656e-003
325	-2.5376e-003
326	-1.5398e-003
327	-1.5894e-003
328	-1.6617e-003
329	-1.6958e-003
330	-1.6573e-003
331	-1.7022e-003
332	-1.6043e-003
333	-2.6761e-003
334	-2.3125e-003
335	-2.871e-003
336	-2.978e-003
337	-3.0443e-003
338	-3.1135e-003
339	-3.0217e-003
340	-3.0243e-003
341	0.
342	-7.5155e-004
343	-1.2248e-003
344	-1.5776e-003
345	-1.9979e-003
346	-2.2673e-003
347	-2.4666e-003
348	-2.6172e-003
349	-2.8031e-003
350	-2.9356e-003
351	-3.0005e-003
352	0.
353	0.
354	0.
355	8.4902e-006
356	1.5731e-005
357	4.8342e-005
358	1.1961e-004
359	3.7605e-004
360	9.5945e-004
361	1.4034e-003
362	1.6804e-003
363	1.8838e-003
364	1.9923e-003
365	2.0309e-003
366	2.0228e-003
367	2.0115e-003
368	1.9597e-003
369	1.8519e-003
370	1.6986e-003
371	1.4407e-003
372	7.2039e-004
373	0.
374	-2.8215e-003
375	-2.8545e-003
376	-2.8017e-003
377	-2.6145e-003
378	-2.577e-003
379	-2.3639e-003
380	-1.9942e-003
381	-1.4523e-003
382	-1.0363e-003
383	-7.0386e-004
384	0.
385	0.
386	0.
387	0.
388	0.
389	0.
390	0.
391	0.
392	3.471e-003
393	0.
394	0.
395	0.
396	0.
397	0.
398	0.
399	-1.1169e-004
400	-3.3125e-004
401	-5.7989e-004
402	1.0182e-003
403	1.8061e-004
404	-1.283e-004
405	-1.722e-005
406	8.7373e-005
407	-1.0643e-005
408	2.2701e-003
409	1.6499e-003
410	-1.6786e-003
411	-2.5931e-003
412	-2.8576e-003
413	-1.7437e-003
414	-2.3362e-003
415	-2.2043e-003
416	-2.9949e-003
417	-1.4149e-003
418	-7.3758e-004
419	-3.0294e-003
420	-2.4813e-003
421	-1.236e-003
422	-2.8874e-003
423	-2.5725e-003
424	0.
425	0.
426	0.
427	0.
428	0.
429	0.
430	2.5916e-003
431	2.4998e-003
432	3.8482e-004
433	4.1591e-004
434	-6.1239e-004
435	-5.2176e-004
436	-7.818e-004
437	-5.6463e-004
438	-2.2507e-004
439	2.1871e-004
440	-3.6058e-004
441	-6.0037e-004
442	-2.1536e-004
