Node Number	Directional Deformation (mm)
1	5.1497e-003
2	7.8389e-003
3	0.86255
4	0.8343
5	0.79144
6	0.74376
7	0.74224
8	0.761
9	0.89566
10	0.92177
11	1.5696
12	1.5348
13	0.4457
14	-7.2504e-002
15	5.8758e-002
16	-3.8016e-002
17	-3.9319e-003
18	1.0297e-003
19	4.8768e-003
20	1.3654
21	1.1007e-002
22	-1.7628e-003
23	-2.5713e-002
24	-4.9427e-002
25	-0.10642
26	-0.62385
27	-1.7484
28	-1.2028
29	-0.35706
30	0.26897
31	0.87666
32	1.1562
33	1.2484
34	1.2911
35	1.3216
36	1.3502
37	-4.9808e-003
38	-1.7116e-004
39	1.0202e-003
40	-1.4409e-002
41	-2.4063e-002
42	-1.5954e-002
43	-1.5047e-003
44	-0.20984
45	-7.7166e-003
46	-4.9985e-003
47	-4.1024e-002
48	-2.9988e-002
49	2.3334e-002
50	4.8077e-002
51	-0.21066
52	1.0825
53	1.1929
54	0.20036
55	-0.26023
56	-0.40489
57	-0.36244
58	-0.32416
59	-0.28081
60	-0.24005
61	-5.0243e-002
62	8.436e-002
63	0.24847
64	0.40461
65	0.55716
66	0.71613
67	3.2866e-003
68	8.7372e-003
69	-9.4358e-003
70	-1.6614e-002
71	-1.4761e-002
72	2.5344e-003
73	-1.0537e-004
74	0.22576
75	-1.1871e-002
76	-0.1226
77	-2.8211e-002
78	-0.31591
79	-1.7332
80	-1.7343
81	-0.33373
82	1.8072e-002
83	0.1105
84	0.17361
85	0.20304
86	0.48198
87	0.73643
88	0.96449
89	1.174
90	0.99047
91	-1.0618
92	8.4881e-002
93	0.38242
94	-7.5547e-002
95	-2.1133
96	0.4742
97	-2.9422e-002
98	-0.4081
99	0.64751
100	0.24002
101	-2.2715
102	1.0208
103	1.1067
104	5.0809e-002
105	4.6219e-002
106	0.75067
107	3.5263e-002
108	-7.075e-002
109	0.40292
110	2.5293e-002
111	0.99272
112	0.15362
113	-1.4826e-002
114	0.84437
115	-9.0363e-002
116	-1.7004e-002
117	0.47167
118	3.5876e-002
119	0.22461
120	-1.125e-002
121	-4.7539e-002
122	-0.34013
123	-0.16694
124	-7.7283e-003
125	0.94439
126	0.23027
127	1.6358
128	2.8863e-003
129	-2.7419e-002
130	-3.05e-002
131	0.24104
132	-0.23732
133	-9.47e-002
134	5.3889e-002
135	0.5628
136	0.
137	0.
138	0.
139	0.
140	-8.9564e-004
141	-1.2446e-003
142	-1.7266e-003
143	-2.3037e-003
144	-2.4924e-005
145	-3.7706e-004
146	0.
147	0.
148	4.9987e-003
149	-2.7624e-004
150	-1.3191e-003
151	-2.5715e-003
152	-1.9069e-004
153	-2.4095e-003
154	0.
155	0.
156	0.
157	0.
158	0.
159	0.
160	0.
161	0.
162	0.
163	0.
164	0.
165	0.
166	-2.8672e-005
167	4.051e-006
168	-7.0056e-006
169	-1.4118e-005
170	-2.5488e-005
171	-3.0203e-005
172	0.
173	0.
174	0.
175	0.
176	0.
177	0.
178	0.
179	0.
180	0.
181	0.
182	0.
183	0.
184	0.
185	3.3916e-003
186	-1.8982e-003
187	1.833e-002
188	1.1001e-002
189	5.6068e-002
190	1.3319e-002
191	0.
192	3.1885e-004
193	1.098e-002
194	-1.9469e-002
195	-2.7338e-003
196	-2.7135e-002
197	8.178e-005
198	0.
199	0.
200	0.
201	0.
202	0.
203	0.
204	0.
205	0.
206	0.
207	0.
208	0.
209	0.
210	0.
211	0.
212	0.
213	0.
214	0.
215	0.
216	0.
217	0.
218	0.
219	0.
220	0.
221	0.
222	0.
223	0.
224	0.
225	0.
226	0.
227	0.
228	0.
229	0.
230	0.
231	-2.5723e-003
232	-3.7337e-003
233	-4.0577e-003
234	-2.5194e-003
235	-1.8535e-003
236	-1.3409e-003
237	0.
238	0.
239	0.
240	1.8171e-007
241	-1.6014e-005
242	-2.9316e-005
243	-3.8876e-005
244	-4.4572e-005
245	-3.8609e-005
246	0.
247	0.
248	-3.9831e-005
249	-6.5934e-004
250	-7.5705e-005
251	-2.243e-004
252	-3.4394e-003
253	-3.9765e-004
254	-1.1798e-003
255	-7.4295e-004
256	-3.4432e-003
257	-4.6961e-003
258	-5.198e-004
259	-1.2093e-003
260	-6.0966e-003
261	1.0265e-004
262	8.5441e-004
263	5.9005e-004
264	1.623e-004
265	8.6126e-004
266	6.5583e-004
267	1.4697e-005
268	8.5573e-004
269	-1.3937e-003
270	1.9932e-005
271	-3.2601e-004
272	-2.6749e-005
273	6.3169e-004
274	1.3733e-003
275	0.
276	1.4843e-002
277	-9.9294e-005
278	-8.307e-004
279	0.
280	3.3208e-003
281	-4.1321e-003
282	7.5189e-003
283	1.2613e-002
284	-1.3277e-003
285	-1.0126e-003
286	-2.9062e-005
287	-2.2475e-003
288	1.2024e-002
289	-2.5658e-003
290	0.
291	0.
292	0.
293	0.
294	0.
295	0.
296	0.
297	0.
298	-1.5335e-003
299	-1.547e-003
300	-1.5227e-003
301	-1.6611e-003
302	-1.9869e-003
303	-2.0052e-003
304	-2.0436e-003
305	0.
306	0.
307	0.
308	0.
309	0.
310	0.
311	0.
312	0.
313	0.
314	0.
315	0.
316	0.
317	0.
318	0.
319	0.
320	0.
321	0.
322	0.
323	-1.3256e-002
324	-7.6338e-003
325	-1.1512e-002
326	-5.8669e-003
327	-7.4064e-003
328	-7.2033e-003
329	-7.0719e-003
330	-6.6445e-003
331	-6.4443e-003
332	-6.0398e-003
333	-1.0373e-002
334	-8.8283e-003
335	-1.1229e-002
336	-1.193e-002
337	-1.2595e-002
338	-1.3308e-002
339	-1.3212e-002
340	-1.3463e-002
341	0.
342	-3.2033e-003
343	-5.2291e-003
344	-6.79e-003
345	-8.7022e-003
346	-9.9689e-003
347	-1.0982e-002
348	-1.1835e-002
349	-1.2638e-002
350	-1.3152e-002
351	-1.3402e-002
352	0.
353	0.
354	0.
355	4.0068e-005
356	7.7568e-005
357	2.5262e-004
358	6.3951e-004
359	1.9887e-003
360	4.7594e-003
361	6.5045e-003
362	7.6474e-003
363	8.5654e-003
364	8.9271e-003
365	9.036e-003
366	8.9217e-003
367	8.753e-003
368	8.4521e-003
369	7.8819e-003
370	7.1865e-003
371	6.0817e-003
372	3.0338e-003
373	0.
374	-1.114e-002
375	-1.1478e-002
376	-1.1334e-002
377	-1.0759e-002
378	-1.0591e-002
379	-9.8143e-003
380	-8.3939e-003
381	-6.2931e-003
382	-4.4353e-003
383	-3.0009e-003
384	0.
385	0.
386	0.
387	0.
388	0.
389	0.
390	0.
391	0.
392	1.3108e-002
393	0.
394	0.
395	0.
396	0.
397	0.
398	0.
399	-7.0834e-004
400	-1.5398e-003
401	-2.4463e-003
402	3.5871e-003
403	6.2492e-004
404	-6.5897e-004
405	-3.2109e-005
406	3.3143e-004
407	-3.6131e-005
408	9.7016e-003
409	7.2378e-003
410	-7.2164e-003
411	-1.1467e-002
412	-1.1886e-002
413	-7.4617e-003
414	-1.005e-002
415	-9.1946e-003
416	-1.2869e-002
417	-6.0431e-003
418	-3.1383e-003
419	-1.2515e-002
420	-1.0604e-002
421	-5.31e-003
422	-1.2834e-002
423	-1.0597e-002
424	0.
425	0.
426	0.
427	0.
428	0.
429	0.
430	1.0366e-002
431	1.0474e-002
432	1.3783e-003
433	1.2395e-003
434	-2.8205e-003
435	-2.3356e-003
436	-3.0586e-003
437	-2.2285e-003
438	-9.7526e-004
439	7.9139e-004
440	-1.6923e-003
441	-2.6351e-003
442	-5.7891e-004
