Node Number	Directional Deformation (mm)
1	1.0324e-002
2	1.6261e-002
3	1.9122
4	1.8973
5	1.8795
6	1.8556
7	1.9241
8	1.9973
9	2.2008
10	2.2299
11	2.88
12	2.4377
13	0.67921
14	-0.11356
15	0.10058
16	-2.888e-002
17	4.6347e-003
18	1.1945e-002
19	1.2665e-002
20	2.3425
21	1.7439e-002
22	3.8771e-003
23	-1.4439e-002
24	-1.007e-002
25	-4.5975e-002
26	-0.72095
27	-1.962
28	-0.77689
29	0.35388
30	1.0976
31	1.7941
32	2.0973
33	2.2028
34	2.2522
35	2.3019
36	2.3351
37	-1.7812e-002
38	2.8188e-004
39	1.6044e-002
40	1.451e-002
41	-1.2884e-003
42	-4.0793e-003
43	4.7763e-003
44	0.75387
45	-1.6864e-002
46	-6.0334e-003
47	-5.7023e-002
48	-3.1347e-002
49	-1.4498e-002
50	8.4941e-002
51	-0.1206
52	1.9464
53	2.494
54	1.45
55	0.90372
56	0.68382
57	0.66201
58	0.68792
59	0.70816
60	0.72922
61	0.9302
62	1.0927
63	1.2599
64	1.4238
65	1.5893
66	1.7541
67	-1.0903e-002
68	1.4773e-002
69	-1.054e-003
70	-4.7547e-004
71	7.3895e-003
72	5.0649e-003
73	-9.3953e-003
74	1.1859
75	-3.3073e-002
76	-0.11398
77	-2.8527e-002
78	-0.55293
79	-2.0192
80	-1.249
81	0.54046
82	0.9289
83	1.0122
84	1.1075
85	1.1568
86	1.4517
87	1.7042
88	1.9312
89	2.1452
90	1.9569
91	-1.3091
92	0.13997
93	1.1812
94	-3.2915e-002
95	-2.2425
96	1.4265
97	-2.4349e-002
98	0.42364
99	1.6176
100	0.27996
101	-2.1236
102	1.9682
103	2.0771
104	0.12601
105	1.188
106	1.7596
107	7.3453e-002
108	-4.5209e-002
109	1.5459
110	4.5177e-002
111	2.2205
112	1.2249
113	1.2439e-002
114	2.1328
115	-4.3841e-002
116	-2.6216e-005
117	1.5205
118	0.65601
119	0.85047
120	-3.3695e-003
121	0.95666
122	0.79323
123	0.88468
124	1.7778e-002
125	2.2524
126	1.4034
127	3.0078
128	0.17701
129	-3.9972e-002
130	-1.2999e-003
131	1.2601
132	0.90771
133	-4.1758e-002
134	0.11672
135	1.7383
136	0.
137	0.
138	0.
139	0.
140	1.2979e-002
141	2.434e-002
142	3.5088e-002
143	3.557e-002
144	3.4817e-002
145	1.9533e-002
146	0.
147	0.
148	4.0658e-002
149	4.6274e-002
150	5.0129e-002
151	6.1837e-002
152	4.96e-002
153	2.425e-002
154	0.
155	0.
156	0.
157	0.
158	0.
159	0.
160	0.
161	0.
162	0.
163	0.
164	0.
165	0.
166	7.0237e-004
167	1.6527e-003
168	2.0539e-003
169	2.1041e-003
170	1.7071e-003
171	9.5542e-004
172	0.
173	0.
174	0.
175	0.
176	0.
177	0.
178	0.
179	0.
180	0.
181	0.
182	0.
183	0.
184	0.
185	0.14448
186	4.882e-002
187	9.8948e-002
188	8.5578e-002
189	0.37428
190	9.1512e-002
191	0.
192	7.026e-002
193	0.10235
194	3.9187e-002
195	5.0652e-002
196	-1.5309e-003
197	7.508e-002
198	0.
199	0.
200	0.
201	0.
202	0.
203	0.
204	0.
205	0.
206	0.
207	0.
208	0.
209	0.
210	0.
211	0.
212	0.
213	0.
214	0.
215	0.
216	0.
217	0.
218	0.
219	0.
220	0.
221	0.
222	0.
223	0.
224	0.
225	0.
226	0.
227	0.
228	0.
229	0.
230	0.
231	2.2721e-003
232	6.7718e-003
233	9.7774e-003
234	1.5896e-002
235	1.0326e-002
236	5.0606e-003
237	0.
238	0.
239	0.
240	9.3726e-004
241	1.5202e-003
242	2.0716e-003
243	2.0572e-003
244	1.6137e-003
245	1.0337e-003
246	0.
247	0.
248	2.4396e-003
249	1.9917e-003
250	1.5516e-003
251	2.4214e-003
252	-7.1625e-003
253	1.7038e-003
254	9.6794e-003
255	2.6102e-002
256	2.8198e-003
257	7.4029e-003
258	8.9301e-003
259	6.8853e-003
260	-6.0534e-005
261	4.2345e-003
262	1.4953e-002
263	6.3909e-003
264	2.9297e-003
265	1.6057e-002
266	9.2797e-003
267	2.7706e-003
268	1.1212e-002
269	1.1892e-002
270	2.0923e-003
271	3.0715e-002
272	1.7881e-003
273	1.8047e-002
274	7.2826e-002
275	0.
276	7.5279e-002
277	6.1734e-004
278	7.5399e-005
279	0.
280	5.0975e-002
281	3.2455e-002
282	8.6766e-002
283	3.7407e-002
284	9.7211e-003
285	1.9185e-002
286	8.5285e-004
287	6.5694e-003
288	5.8353e-002
289	-0.12463
290	0.
291	0.
292	0.
293	0.
294	0.
295	0.
296	0.
297	0.
298	-8.343e-002
299	-8.3175e-002
300	-8.8147e-002
301	-8.7283e-002
302	-8.2651e-002
303	-9.4193e-002
304	-8.8296e-002
305	0.
306	0.
307	0.
308	0.
309	0.
310	0.
311	0.
312	0.
313	0.
314	0.
315	0.
316	0.
317	0.
318	0.
319	0.
320	0.
321	0.
322	0.
323	-0.31922
324	-0.29817
325	-0.3183
326	-0.2864
327	-0.26937
328	-0.24099
329	-0.22805
330	-0.28763
331	-0.30605
332	-0.27349
333	-0.33422
334	-0.36146
335	-0.32492
336	-0.34408
337	-0.33475
338	-0.30023
339	-0.305
340	-0.30225
341	0.
342	-4.2866e-002
343	-7.2388e-002
344	-9.7013e-002
345	-0.12583
346	-0.15193
347	-0.17412
348	-0.20285
349	-0.23261
350	-0.26191
351	-0.29244
352	0.
353	0.
354	0.
355	-2.7019e-004
356	-1.069e-003
357	2.2946e-003
358	1.208e-002
359	5.7095e-002
360	0.13252
361	0.11991
362	9.4276e-002
363	8.4978e-002
364	8.4268e-002
365	8.2597e-002
366	7.4968e-002
367	7.1127e-002
368	6.8088e-002
369	6.2401e-002
370	6.1469e-002
371	5.5829e-002
372	2.7748e-002
373	0.
374	-0.28714
375	-0.25525
376	-0.21462
377	-0.1907
378	-0.1729
379	-0.1472
380	-0.12093
381	-9.3324e-002
382	-6.3665e-002
383	-4.0662e-002
384	0.
385	0.
386	0.
387	0.
388	0.
389	0.
390	0.
391	0.
392	0.13356
393	0.
394	0.
395	0.
396	0.
397	0.
398	0.
399	-0.11075
400	-9.1353e-002
401	-0.17267
402	9.9475e-003
403	1.6305e-002
404	-2.5917e-002
405	-1.0822e-002
406	9.7219e-003
407	-3.9214e-003
408	8.8389e-002
409	0.16207
410	-0.11102
411	-0.20354
412	-0.23803
413	-0.10651
414	-0.15648
415	-0.14903
416	-0.27204
417	-8.1426e-002
418	-4.407e-002
419	-0.29743
420	-0.17819
421	-7.6709e-002
422	-0.25179
423	-0.18451
424	0.
425	0.
426	0.
427	0.
428	0.
429	0.
430	7.8221e-002
431	7.9786e-002
432	2.8362e-002
433	3.9221e-002
434	-0.12485
435	-0.12968
436	-0.1825
437	-9.2379e-002
438	-1.9739e-002
439	1.3454e-003
440	-7.5072e-002
441	-0.11514
442	-8.9552e-002
