Node Number	Directional Deformation (mm)
1	6.5024e-003
2	8.359e-003
3	0.6256
4	0.55892
5	0.48068
6	0.39811
7	0.36879
8	0.36096
9	0.47115
10	0.49862
11	1.1739
12	1.2955
13	0.37937
14	-7.2058e-002
15	5.6364e-002
16	-3.373e-002
17	4.2458e-005
18	2.757e-003
19	6.0495e-003
20	1.4639
21	1.176e-002
22	-2.6998e-004
23	-2.3734e-002
24	-4.6562e-002
25	-9.358e-002
26	-0.55336
27	-1.6414
28	-1.236
29	-0.48844
30	0.11729
31	0.73507
32	1.0474
33	1.1771
34	1.2604
35	1.3382
36	1.4084
37	-3.0097e-003
38	9.3475e-004
39	9.9702e-004
40	-1.526e-002
41	-2.32e-002
42	-1.4621e-002
43	-2.6768e-004
44	-0.41562
45	-6.1463e-003
46	-3.9138e-003
47	-3.6696e-002
48	-2.7417e-002
49	3.6344e-002
50	4.8194e-002
51	-0.19499
52	0.89573
53	0.85241
54	-0.19764
55	-0.64374
56	-0.76472
57	-0.69867
58	-0.62807
59	-0.55183
60	-0.47932
61	-0.25693
62	-0.12539
63	3.3299e-002
64	0.18472
65	0.33061
66	0.48381
67	3.9954e-003
68	9.1736e-003
69	-8.9989e-003
70	-1.6718e-002
71	-1.6285e-002
72	2.6758e-003
73	8.8104e-004
74	0.34954
75	-9.9672e-003
76	-0.12104
77	-1.9646e-002
78	-0.23277
79	-1.5821
80	-1.7562
81	-0.45588
82	-6.8548e-002
83	7.1878e-002
84	0.19247
85	0.27736
86	0.60287
87	0.8516
88	1.0746
89	1.2784
90	0.95083
91	-0.95457
92	9.3818e-002
93	0.24585
94	-7.8567e-002
95	-2.0313
96	0.41276
97	-2.8638e-002
98	-0.57068
99	0.68613
100	0.24908
101	-2.2691
102	0.89985
103	1.1423
104	5.1675e-002
105	-0.3206
106	0.43933
107	4.0737e-002
108	-6.9009e-002
109	4.261e-002
110	2.7693e-002
111	0.63489
112	-0.16233
113	-1.173e-002
114	0.42184
115	-0.10159
116	-1.6778e-002
117	0.17101
118	-0.16119
119	5.6664e-002
120	-9.7387e-003
121	-0.31494
122	-0.75948
123	-0.50866
124	-4.8859e-003
125	0.51651
126	-0.17648
127	1.2192
128	-4.2982e-002
129	-1.7919e-002
130	-3.0596e-002
131	-1.7743e-002
132	-0.62446
133	-9.8538e-002
134	5.0848e-002
135	0.17588
136	0.
137	0.
138	0.
139	0.
140	-5.2385e-004
141	-6.7577e-004
142	-6.9197e-004
143	-1.1142e-003
144	3.4274e-004
145	-1.8495e-004
146	0.
147	0.
148	3.5646e-003
149	2.9984e-005
150	1.1672e-003
151	-9.3401e-005
152	-3.6775e-004
153	-1.7427e-003
154	0.
155	0.
156	0.
157	0.
158	0.
159	0.
160	0.
161	0.
162	0.
163	0.
164	0.
165	0.
166	-7.8094e-006
167	2.9627e-005
168	2.8143e-005
169	2.3474e-005
170	9.414e-006
171	-5.4481e-006
172	0.
173	0.
174	0.
175	0.
176	0.
177	0.
178	0.
179	0.
180	0.
181	0.
182	0.
183	0.
184	0.
185	-1.4378e-003
186	-4.3862e-003
187	1.9007e-002
188	1.2033e-002
189	4.1142e-002
190	1.0743e-002
191	0.
192	7.6823e-004
193	1.3866e-002
194	-1.3837e-002
195	-1.6578e-003
196	-2.9761e-002
197	-2.9648e-003
198	0.
199	0.
200	0.
201	0.
202	0.
203	0.
204	0.
205	0.
206	0.
207	0.
208	0.
209	0.
210	0.
211	0.
212	0.
213	0.
214	0.
215	0.
216	0.
217	0.
218	0.
219	0.
220	0.
221	0.
222	0.
223	0.
224	0.
225	0.
226	0.
227	0.
228	0.
229	0.
230	0.
231	-1.8738e-003
232	-2.5812e-003
233	-2.6657e-003
234	-1.5513e-003
235	-1.1945e-003
236	-8.9932e-004
237	0.
238	0.
239	0.
240	1.4384e-005
241	1.2465e-005
242	1.207e-005
243	5.4696e-006
244	-5.7541e-006
245	-1.0634e-005
246	0.
247	0.
248	1.1183e-005
249	-4.1766e-004
250	-2.8414e-005
251	-1.1607e-004
252	-2.2377e-003
253	-2.3146e-004
254	-6.9684e-004
255	-7.1909e-004
256	-3.7329e-003
257	-3.1536e-003
258	-3.7192e-004
259	-5.2985e-004
260	-6.2334e-003
261	1.2906e-004
262	7.6907e-004
263	4.9402e-004
264	1.5614e-004
265	8.1174e-004
266	5.6153e-004
267	5.1946e-005
268	7.4206e-004
269	-8.0965e-004
270	4.7564e-005
271	1.5727e-004
272	8.3245e-006
273	6.2521e-004
274	6.7919e-004
275	0.
276	1.1694e-002
277	-5.6518e-005
278	-5.1506e-004
279	0.
280	1.7344e-003
281	-4.4745e-003
282	5.5593e-003
283	1.0046e-002
284	-1.2542e-003
285	-4.5687e-004
286	-5.774e-006
287	-1.5115e-003
288	9.0194e-003
289	-6.6367e-004
290	0.
291	0.
292	0.
293	0.
294	0.
295	0.
296	0.
297	0.
298	-5.0906e-004
299	-5.3857e-004
300	-5.1882e-004
301	-5.6274e-004
302	-6.2022e-004
303	-5.7131e-004
304	-5.5869e-004
305	0.
306	0.
307	0.
308	0.
309	0.
310	0.
311	0.
312	0.
313	0.
314	0.
315	0.
316	0.
317	0.
318	0.
319	0.
320	0.
321	0.
322	0.
323	-3.8165e-003
324	-2.1322e-003
325	-3.2643e-003
326	-1.9768e-003
327	-2.0468e-003
328	-2.136e-003
329	-2.1787e-003
330	-2.1349e-003
331	-2.1871e-003
332	-2.0589e-003
333	-3.4347e-003
334	-2.9671e-003
335	-3.6841e-003
336	-3.823e-003
337	-3.91e-003
338	-4.0002e-003
339	-3.8836e-003
340	-3.8881e-003
341	0.
342	-9.6562e-004
343	-1.5735e-003
344	-2.027e-003
345	-2.5677e-003
346	-2.9152e-003
347	-3.1721e-003
348	-3.3667e-003
349	-3.6052e-003
350	-3.7749e-003
351	-3.8578e-003
352	0.
353	0.
354	0.
355	1.0921e-005
356	2.0249e-005
357	6.2268e-005
358	1.5414e-004
359	4.8486e-004
360	1.2349e-003
361	1.8027e-003
362	2.1579e-003
363	2.4196e-003
364	2.5585e-003
365	2.6086e-003
366	2.599e-003
367	2.5844e-003
368	2.518e-003
369	2.3795e-003
370	2.1829e-003
371	1.8522e-003
372	9.2594e-004
373	0.
374	-3.6245e-003
375	-3.6708e-003
376	-3.6075e-003
377	-3.3741e-003
378	-3.332e-003
379	-3.0672e-003
380	-2.5944e-003
381	-1.8905e-003
382	-1.3424e-003
383	-9.1007e-004
384	0.
385	0.
386	0.
387	0.
388	0.
389	0.
390	0.
391	0.
392	4.4334e-003
393	0.
394	0.
395	0.
396	0.
397	0.
398	0.
399	-1.5454e-004
400	-4.3832e-004
401	-7.5155e-004
402	1.2958e-003
403	2.301e-004
404	-1.7591e-004
405	-2.1981e-005
406	1.1173e-004
407	-1.3627e-005
408	2.9105e-003
409	2.1159e-003
410	-2.1686e-003
411	-3.3376e-003
412	-3.6756e-003
413	-2.244e-003
414	-3.007e-003
415	-2.8421e-003
416	-3.8498e-003
417	-1.8246e-003
418	-9.502e-004
419	-3.8923e-003
420	-3.1955e-003
421	-1.5981e-003
422	-3.7136e-003
423	-3.3128e-003
424	0.
425	0.
426	0.
427	0.
428	0.
429	0.
430	3.3077e-003
431	3.2004e-003
432	4.9069e-004
433	5.2746e-004
434	-7.897e-004
435	-6.773e-004
436	-1.0066e-003
437	-7.2676e-004
438	-2.9062e-004
439	2.7623e-004
440	-4.662e-004
441	-7.737e-004
442	-2.7712e-004
