Node Number	Directional Deformation (mm)
1	-1.3515e-003
2	-1.5015e-003
3	-9.2384
4	-10.914
5	-12.4
6	-13.76
7	-14.626
8	-14.379
9	-13.479
10	-9.4632
11	-2.1172
12	0.99131
13	-0.48409
14	-0.13537
15	5.3918e-002
16	-1.9499e-002
17	-9.1657e-003
18	7.1485e-003
19	7.5835e-003
20	-9.312
21	8.1568e-003
22	3.6191e-003
23	-1.2855e-002
24	-7.3642e-003
25	3.0477e-002
26	-9.3884e-002
27	-5.9805e-002
28	0.30932
29	-3.5379
30	-10.183
31	-13.617
32	-14.503
33	-14.707
34	-13.845
35	-12.451
36	-10.961
37	4.8362e-003
38	1.7063e-004
39	-1.603e-003
40	8.7371e-004
41	4.4812e-003
42	6.0602e-003
43	6.5677e-003
44	-7.9046
45	-1.0243e-003
46	-1.2502e-002
47	-3.9517e-003
48	8.0079e-002
49	-2.4022e-002
50	-6.8948e-002
51	-0.31183
52	0.5869
53	0.94615
54	-9.2175
55	-12.898
56	-13.672
57	-13.199
58	-12.096
59	-10.878
60	-9.4472
61	-8.2497
62	-8.564
63	-8.8125
64	-9.0576
65	-9.2022
66	-9.2744
67	3.0658e-003
68	8.6197e-003
69	1.9565e-003
70	2.9413e-003
71	1.0796e-003
72	-2.0321e-003
73	-4.0665e-003
74	-7.9648
75	-1.1951e-002
76	-3.806e-004
77	0.13823
78	-0.43973
79	-0.27721
80	0.85771
81	-9.3931
82	-13.75
83	-13.651
84	-11.985
85	-10.117
86	-8.4313
87	-8.8197
88	-9.1571
89	-9.3023
90	-14.33
91	-0.5472
92	0.14231
93	-9.5277
94	1.0847e-002
95	0.8697
96	-13.918
97	-3.3764e-002
98	-8.3424
99	-11.676
100	-0.23735
101	0.10109
102	-14.412
103	-11.99
104	6.5209e-002
105	-13.872
106	-0.11251
107	0.15975
108	-0.40968
109	-14.423
110	2.7422e-002
111	-3.1509
112	-12.823
113	-2.6364e-003
114	-12.795
115	-0.49339
116	-4.8182e-004
117	-12.267
118	1.9363
119	0.54338
120	-1.6085e-002
121	-10.898
122	-11.103
123	-13.287
124	1.6281e-002
125	-6.7819
126	-13.19
127	-3.9049
128	0.37233
129	-2.913e-002
130	-2.2624e-003
131	-10.521
132	-13.257
133	-2.3795e-002
134	5.526e-002
135	-14.91
136	0.
137	0.
138	0.
139	0.
140	-1.8432e-013
141	-8.2032e-013
142	1.7278e-012
143	2.3241e-012
144	1.1693e-012
145	7.3141e-013
146	0.
147	0.
148	4.1444e-013
149	9.2384e-013
150	1.3737e-012
151	1.2278e-012
152	7.5059e-013
153	4.1125e-013
154	0.
155	0.
156	-5.1897e-014
157	-5.6773e-012
158	-2.0167e-012
159	4.2474e-012
160	-9.348e-013
161	9.2503e-013
162	0.
163	0.
164	0.
165	0.
166	0.
167	0.
168	0.
169	0.
170	0.
171	0.
172	-1.4171e-014
173	-3.117e-014
174	-3.7307e-014
175	-3.6084e-014
176	-2.8249e-014
177	-1.393e-014
178	0.
179	0.
180	0.
181	0.
182	0.
183	0.
184	0.
185	0.
186	0.
187	0.
188	0.
189	-1.4142e-014
190	-2.7389e-014
191	-3.4797e-014
192	-3.8252e-014
193	-3.0454e-014
194	-1.5639e-014
195	0.
196	0.
197	0.
198	0.
199	0.
200	0.
201	0.
202	0.
203	0.
204	0.
205	0.
206	0.
207	0.
208	0.
209	0.
210	0.
211	0.
212	0.
213	0.
214	0.
215	0.
216	0.
217	0.
218	0.
219	0.
220	0.
221	0.
222	0.
223	0.
224	0.
225	0.
226	0.
227	0.
228	0.
229	0.
230	0.
231	0.
232	0.
233	0.
234	0.
235	0.
236	-6.986e-014
237	-3.826e-014
238	-1.553e-014
239	7.5739e-016
240	-1.6467e-014
241	-2.4224e-014
242	-9.4038e-012
243	1.1079e-011
244	1.9254e-011
245	1.3867e-011
246	-9.5723e-013
247	7.3349e-013
248	0.
249	1.7591e-012
250	-2.7612e-012
251	3.1202e-013
252	2.0853e-013
253	-4.2047e-012
254	7.463e-014
255	2.8659e-012
256	1.4343e-011
257	1.2521e-013
258	-1.147e-012
259	-1.9379e-014
260	1.0215e-012
261	-3.4573e-015
262	-4.2894e-014
263	-2.7171e-014
264	1.5348e-012
265	1.0759e-013
266	-3.6269e-015
267	9.2684e-014
268	5.2891e-013
269	-1.1703e-014
270	5.9927e-014
271	-3.5901e-014
272	3.3338e-013
273	-3.6923e-014
274	2.6816e-013
275	1.2543e-014
276	4.2041e-013
277	4.1274e-012
278	0.
279	0.
280	1.1626e-013
281	8.9778e-013
282	3.7101e-012
283	2.1167e-012
284	6.5739e-013
285	-5.9291e-013
286	3.1833e-013
287	1.8014e-013
288	1.2553e-014
289	-10.526
290	-10.526
291	-10.526
292	-10.526
293	-10.526
294	-10.526
295	-10.526
296	-10.526
297	-10.526
298	-10.526
299	-10.526
300	-10.526
301	-10.526
302	-10.526
303	-10.526
304	-10.526
305	-10.526
306	-10.526
307	-10.526
308	-10.526
309	-10.526
310	-10.526
311	-10.526
312	-10.526
313	-10.526
314	-10.526
315	-10.526
316	-10.526
317	-10.526
318	-10.526
319	-10.526
320	-10.526
321	-10.526
322	-10.526
323	-10.526
324	-10.526
325	-10.526
326	-10.526
327	-10.526
328	-10.526
329	-10.526
330	-10.526
331	-10.526
332	-10.526
333	-10.526
334	-10.526
335	-10.526
336	-10.526
337	-10.526
338	-10.526
339	-10.526
340	-10.526
341	-10.526
342	-10.526
343	-10.526
344	-10.526
345	-10.526
346	-10.526
347	-10.526
348	-10.526
349	-10.526
350	-10.526
351	-10.526
352	-10.526
353	-10.526
354	-10.526
355	-10.526
356	-10.526
357	-10.526
358	-10.526
359	-10.526
360	-10.526
361	-10.526
362	-10.526
363	-10.526
364	-10.526
365	-10.526
366	-10.526
367	-10.526
368	-10.526
369	-10.526
370	-10.526
371	-10.526
372	-10.526
373	-10.526
374	-10.526
375	-10.526
376	-10.526
377	-10.526
378	-10.526
379	-10.526
380	-10.526
381	-10.526
382	-10.526
383	-10.526
384	-10.526
385	-10.526
386	-10.526
387	-10.526
388	-10.526
389	-10.526
390	-10.526
391	-10.526
392	-10.526
393	-10.526
394	-10.526
395	-10.526
396	-10.526
397	-10.526
398	-10.526
399	-10.526
400	-10.526
401	-10.526
402	-10.526
403	-10.526
404	-10.526
405	-10.526
406	-10.526
407	-10.526
408	-10.526
409	-10.526
410	-10.526
411	-10.526
412	-10.526
413	-10.526
414	-10.526
415	-10.526
416	-10.526
417	-10.526
418	-10.526
419	-10.526
420	-10.526
421	-10.526
422	-10.526
423	-10.526
424	-10.526
425	-10.526
426	-10.526
427	-10.526
428	-10.526
429	-10.526
430	-10.526
431	-10.526
432	-10.526
433	-10.526
434	-10.526
435	-10.526
436	-10.526
437	-10.526
438	-10.526
439	-10.526
440	-10.526
441	-10.526
442	-10.526
443	-10.526
444	-10.526
445	-10.526
446	-10.526
