Node Number	Directional Deformation (mm)
1	-1.3187e-004
2	-3.9046e-004
3	-10.669
4	-12.19
5	-13.522
6	-14.727
7	-15.438
8	-15.033
9	-13.969
10	-9.7578
11	-2.2365
12	0.99464
13	-0.4828
14	-0.14772
15	5.7779e-002
16	-1.7951e-002
17	-1.0152e-002
18	5.9353e-003
19	7.3118e-003
20	-10.735
21	7.0473e-003
22	2.0356e-003
23	-1.2879e-002
24	-6.7501e-003
25	3.3362e-002
26	-0.1023
27	-4.3033e-002
28	0.30294
29	-3.684
30	-10.516
31	-14.123
32	-15.163
33	-15.518
34	-14.808
35	-13.566
36	-12.23
37	5.3223e-003
38	-4.2296e-004
39	-1.8317e-003
40	9.4435e-004
41	4.2716e-003
42	6.4906e-003
43	6.6937e-003
44	-9.4988
45	-2.1908e-003
46	-1.3322e-002
47	1.1739e-003
48	9.1878e-002
49	-3.3997e-002
50	-7.7769e-002
51	-0.28469
52	0.65593
53	0.73186
54	-9.6597
55	-13.533
56	-14.475
57	-14.161
58	-13.217
59	-12.156
60	-10.882
61	-9.8185
62	-10.11
63	-10.336
64	-10.559
65	-10.68
66	-10.729
67	2.9167e-003
68	8.1113e-003
69	2.0425e-003
70	1.8687e-003
71	1.1231e-003
72	-2.1017e-003
73	-4.8742e-003
74	-9.5515
75	-1.3189e-002
76	3.6676e-003
77	0.14267
78	-0.45228
79	-0.2425
80	0.73541
81	-9.8527
82	-14.458
83	-14.575
84	-13.127
85	-11.479
86	-9.9836
87	-10.341
88	-10.646
89	-10.758
90	-15.282
91	-0.57083
92	0.14523
93	-9.8649
94	1.2492e-002
95	0.93284
96	-14.78
97	-3.3214e-002
98	-8.7766
99	-12.905
100	-0.24802
101	0.13696
102	-15.063
103	-13.195
104	6.8465e-002
105	-14.704
106	-0.13419
107	0.15908
108	-0.41504
109	-15.312
110	2.2237e-002
111	-3.454
112	-13.914
113	2.7225e-003
114	-13.309
115	-0.51848
116	4.4274e-004
117	-13.452
118	2.0348
119	0.49883
120	-1.8222e-002
121	-12.2
122	-11.677
123	-14.26
124	2.2997e-002
125	-7.1419
126	-13.835
127	-4.0603
128	0.40523
129	-4.2276e-002
130	-3.0712e-003
131	-11.876
132	-13.948
133	-9.852e-003
134	4.8247e-002
135	-15.683
136	0.
137	0.
138	0.
139	0.
140	-9.8652e-014
141	-5.6333e-013
142	2.2702e-012
143	2.8499e-012
144	1.4646e-012
145	9.0692e-013
146	0.
147	0.
148	5.4117e-013
149	1.2016e-012
150	1.7967e-012
151	1.6509e-012
152	1.0373e-012
153	5.6922e-013
154	0.
155	0.
156	-1.7537e-013
157	-5.6316e-012
158	-1.4519e-012
159	4.9706e-012
160	-9.3573e-013
161	1.1106e-012
162	0.
163	0.
164	0.
165	0.
166	0.
167	0.
168	0.
169	0.
170	0.
171	0.
172	-1.9744e-014
173	-4.2625e-014
174	-5.0952e-014
175	-4.9374e-014
176	-3.8314e-014
177	-1.8592e-014
178	0.
179	0.
180	0.
181	0.
182	0.
183	0.
184	0.
185	0.
186	0.
187	0.
188	0.
189	-1.864e-014
190	-3.712e-014
191	-4.7719e-014
192	-5.2435e-014
193	-4.1713e-014
194	-2.1464e-014
195	0.
196	0.
197	0.
198	0.
199	0.
200	0.
201	0.
202	0.
203	0.
204	0.
205	0.
206	0.
207	0.
208	0.
209	0.
210	0.
211	0.
212	0.
213	0.
214	0.
215	0.
216	0.
217	0.
218	0.
219	0.
220	0.
221	0.
222	0.
223	0.
224	0.
225	0.
226	0.
227	0.
228	0.
229	0.
230	0.
231	0.
232	0.
233	0.
234	0.
235	0.
236	-7.7818e-014
237	-3.4556e-014
238	-1.8289e-014
239	1.1527e-015
240	-1.9694e-014
241	-3.4986e-014
242	-9.9239e-012
243	1.1866e-011
244	2.1724e-011
245	1.56e-011
246	-9.6517e-013
247	9.7664e-013
248	0.
249	1.8673e-012
250	-2.9964e-012
251	3.3736e-013
252	2.668e-013
253	-4.5005e-012
254	5.4647e-014
255	3.1594e-012
256	1.603e-011
257	1.447e-013
258	-1.2453e-012
259	-1.6365e-014
260	1.1326e-012
261	3.2641e-015
262	-5.54e-014
263	-3.4679e-014
264	2.0512e-012
265	1.8078e-013
266	6.4442e-015
267	1.5402e-013
268	7.4056e-013
269	-1.0941e-014
270	9.688e-014
271	-4.6529e-014
272	4.7427e-013
273	-4.8935e-014
274	3.7488e-013
275	3.2024e-014
276	4.673e-013
277	4.8389e-012
278	0.
279	0.
280	1.8147e-013
281	1.1404e-012
282	4.4753e-012
283	2.4769e-012
284	8.7339e-013
285	-6.7964e-013
286	3.6627e-013
287	1.9693e-013
288	2.1329e-013
289	-14.85
290	-14.85
291	-14.85
292	-14.85
293	-14.85
294	-14.85
295	-14.85
296	-14.85
297	-14.85
298	-14.85
299	-14.85
300	-14.85
301	-14.85
302	-14.85
303	-14.85
304	-14.85
305	-14.85
306	-14.85
307	-14.85
308	-14.85
309	-14.85
310	-14.85
311	-14.85
312	-14.85
313	-14.85
314	-14.85
315	-14.85
316	-14.85
317	-14.85
318	-14.85
319	-14.85
320	-14.85
321	-14.85
322	-14.85
323	-14.85
324	-14.85
325	-14.85
326	-14.85
327	-14.85
328	-14.85
329	-14.85
330	-14.85
331	-14.85
332	-14.85
333	-14.85
334	-14.85
335	-14.85
336	-14.85
337	-14.85
338	-14.85
339	-14.85
340	-14.85
341	-14.85
342	-14.85
343	-14.85
344	-14.85
345	-14.85
346	-14.85
347	-14.85
348	-14.85
349	-14.85
350	-14.85
351	-14.85
352	-14.85
353	-14.85
354	-14.85
355	-14.85
356	-14.85
357	-14.85
358	-14.85
359	-14.85
360	-14.85
361	-14.85
362	-14.85
363	-14.85
364	-14.85
365	-14.85
366	-14.85
367	-14.85
368	-14.85
369	-14.85
370	-14.85
371	-14.85
372	-14.85
373	-14.85
374	-14.85
375	-14.85
376	-14.85
377	-14.85
378	-14.85
379	-14.85
380	-14.85
381	-14.85
382	-14.85
383	-14.85
384	-14.85
385	-14.85
386	-14.85
387	-14.85
388	-14.85
389	-14.85
390	-14.85
391	-14.85
392	-14.85
393	-14.85
394	-14.85
395	-14.85
396	-14.85
397	-14.85
398	-14.85
399	-14.85
400	-14.85
401	-14.85
402	-14.85
403	-14.85
404	-14.85
405	-14.85
406	-14.85
407	-14.85
408	-14.85
409	-14.85
410	-14.85
411	-14.85
412	-14.85
413	-14.85
414	-14.85
415	-14.85
416	-14.85
417	-14.85
418	-14.85
419	-14.85
420	-14.85
421	-14.85
422	-14.85
423	-14.85
424	-14.85
425	-14.85
426	-14.85
427	-14.85
428	-14.85
429	-14.85
430	-14.85
431	-14.85
432	-14.85
433	-14.85
434	-14.85
435	-14.85
436	-14.85
437	-14.85
438	-14.85
439	-14.85
440	-14.85
441	-14.85
442	-14.85
443	-14.85
444	-14.85
445	-14.85
446	-14.85
