Node Number	Directional Deformation (mm)
1	2.2523e-004
2	2.2961e-004
3	-0.56216
4	-0.49268
5	-0.42396
6	-0.35564
7	-0.28787
8	-0.22444
9	-0.15974
10	-9.8144e-002
11	-4.2537e-002
12	-1.2924e-002
13	5.6753e-003
14	2.3783e-003
15	5.5649e-004
16	-5.8896e-005
17	-1.2367e-004
18	1.5889e-005
19	1.1081e-004
20	-0.56222
21	1.2029e-004
22	-1.7216e-005
23	-1.9081e-004
24	-1.2573e-004
25	5.1289e-004
26	2.9335e-003
27	6.7871e-003
28	-1.2389e-002
29	-4.2395e-002
30	-9.7825e-002
31	-0.1606
32	-0.22452
33	-0.28793
34	-0.35586
35	-0.42414
36	-0.49271
37	2.3157e-004
38	2.0191e-004
39	1.3003e-004
40	1.1038e-004
41	1.2268e-004
42	1.6546e-004
43	2.0065e-004
44	-0.56549
45	3.9437e-005
46	-1.9358e-004
47	-3.4781e-004
48	-6.7351e-004
49	-4.3351e-004
50	1.1684e-003
51	1.6406e-003
52	-4.6951e-003
53	-3.0403e-002
54	-8.4744e-002
55	-0.15302
56	-0.22193
57	-0.28949
58	-0.35666
59	-0.42578
60	-0.49537
61	-0.5634
62	-0.56149
63	-0.56008
64	-0.55933
65	-0.55973
66	-0.56074
67	2.6173e-004
68	2.2212e-004
69	1.6866e-004
70	1.2877e-004
71	8.6518e-005
72	1.1457e-004
73	1.9951e-004
74	-0.56557
75	-8.2905e-005
76	-4.2132e-004
77	-9.5444e-004
78	5.5763e-004
79	2.0697e-003
80	-1.4478e-002
81	-7.847e-002
82	-0.17727
83	-0.27295
84	-0.36815
85	-0.46627
86	-0.56262
87	-0.56031
88	-0.55942
89	-0.56028
90	-0.3228
91	5.1089e-003
92	-3.4981e-004
93	-8.5218e-002
94	-5.3282e-004
95	5.9059e-003
96	-0.25024
97	-3.4228e-004
98	-6.8568e-002
99	-0.42432
100	2.2445e-003
101	-6.6861e-003
102	-0.19114
103	-0.44421
104	-5.1463e-004
105	-0.24297
106	-1.742e-002
107	2.9379e-004
108	5.8181e-003
109	-0.29183
110	7.4653e-004
111	-4.2644e-002
112	-0.36297
113	-4.6209e-004
114	-0.13776
115	5.17e-003
116	-4.0153e-004
117	-0.42575
118	-5.1423e-003
119	-2.5309e-003
120	-1.328e-004
121	-0.44564
122	-0.12904
123	-0.2949
124	-5.6991e-004
125	-6.9592e-002
126	-0.17335
127	-5.032e-002
128	7.9882e-003
129	1.5741e-003
130	-1.5273e-004
131	-0.48423
132	-0.17544
133	3.2346e-003
134	6.2047e-004
135	-0.25488
136	0.
137	0.
138	0.
139	0.
140	-8.881e-014
141	-1.7263e-013
142	-2.4071e-013
143	-2.3032e-013
144	-1.5566e-013
145	-8.466e-014
146	0.
147	0.
148	-5.8405e-014
149	-1.274e-013
150	-1.9152e-013
151	-1.8948e-013
152	-1.2964e-013
153	-6.7741e-014
154	0.
155	0.
156	-1.1993e-013
157	-2.1561e-013
158	-3.6056e-013
159	-2.7415e-013
160	-2.2763e-013
161	-9.7005e-014
162	0.
163	0.
164	0.
165	0.
166	0.
167	0.
168	0.
169	0.
170	0.
171	0.
172	2.8652e-015
173	5.6579e-015
174	6.6988e-015
175	6.558e-015
176	4.9477e-015
177	2.2641e-015
178	0.
179	0.
180	0.
181	0.
182	0.
183	0.
184	0.
185	0.
186	0.
187	0.
188	0.
189	2.0705e-015
190	4.7501e-015
191	6.437e-015
192	7.0035e-015
193	5.5608e-015
194	2.9098e-015
195	0.
196	0.
197	0.
198	0.
199	0.
200	0.
201	0.
202	0.
203	0.
204	0.
205	0.
206	0.
207	0.
208	0.
209	0.
210	0.
211	0.
212	0.
213	0.
214	0.
215	0.
216	0.
217	0.
218	0.
219	0.
220	0.
221	0.
222	0.
223	0.
224	0.
225	0.
226	0.
227	0.
228	0.
229	0.
230	0.
231	0.
232	0.
233	0.
234	0.
235	0.
236	1.8629e-015
237	1.1521e-015
238	2.3806e-015
239	3.2173e-015
240	3.4828e-015
241	2.9533e-015
242	-1.7718e-013
243	-2.4487e-013
244	-3.5199e-013
245	-2.7167e-013
246	-1.6947e-013
247	-1.0518e-013
248	0.
249	1.9477e-014
250	7.4939e-014
251	1.0559e-014
252	-1.9303e-015
253	3.4334e-015
254	1.2569e-014
255	2.0877e-014
256	-1.3009e-013
257	-2.5595e-016
258	4.0587e-014
259	-1.64e-015
260	4.9508e-015
261	-4.5289e-015
262	5.4337e-015
263	3.3153e-015
264	-2.3798e-013
265	-4.0987e-014
266	-6.336e-015
267	-3.3886e-014
268	-1.04e-013
269	-1.3816e-015
270	-2.0964e-014
271	4.8429e-015
272	-6.6562e-014
273	5.6387e-015
274	-5.576e-014
275	-1.2114e-014
276	1.9625e-015
277	-1.488e-013
278	0.
279	0.
280	-3.6105e-014
281	-1.1769e-013
282	-2.504e-013
283	-1.2864e-013
284	-1.4791e-013
285	2.6676e-014
286	9.9366e-016
287	3.038e-015
288	-1.1013e-013
289	-6.1893
290	-6.1963
291	-6.1927
292	-6.2
293	-6.197
294	-6.1976
295	-6.1979
296	-6.1983
297	-6.1989
298	-6.1996
299	-6.1934
300	-6.1976
301	-6.1934
302	-6.1938
303	-6.193
304	-6.1918
305	-6.1909
306	-6.1901
307	-6.1787
308	-6.179
309	-6.1797
310	-6.1808
311	-6.182
312	-6.184
313	-6.1864
314	-6.1892
315	-6.1924
316	-6.1738
317	-6.1744
318	-6.1751
319	-6.1758
320	-6.1764
321	-6.1772
322	-6.178
323	-6.1862
324	-6.1833
325	-6.1809
326	-6.1789
327	-6.1773
328	-6.1759
329	-6.1747
330	-6.174
331	-6.2016
332	-6.203
333	-6.203
334	-6.203
335	-6.203
336	-6.203
337	-6.203
338	-6.203
339	-6.203
340	-6.203
341	-6.2029
342	-6.1781
343	-6.1976
344	-6.1995
345	-6.2016
346	-6.2012
347	-6.2008
348	-6.2005
349	-6.2003
350	-6.2
351	-6.1736
352	-6.1736
353	-6.203
354	-6.203
355	-6.203
356	-6.203
357	-6.203
358	-6.2028
359	-6.203
360	-6.2021
361	-6.1987
362	-6.194
363	-6.1897
364	-6.1861
365	-6.1832
366	-6.1808
367	-6.1789
368	-6.1772
369	-6.1758
370	-6.1748
371	-6.1741
372	-6.203
373	-6.203
374	-6.203
375	-6.203
376	-6.203
377	-6.203
378	-6.203
379	-6.203
380	-6.203
381	-6.203
382	-6.203
383	-6.203
384	-6.203
385	-6.203
386	-6.203
387	-6.203
388	-6.203
389	-6.203
390	-6.203
391	-6.203
392	-6.203
393	-6.203
394	-6.203
395	-6.203
396	-6.203
397	-6.203
398	-6.203
399	-6.1973
400	-6.1946
401	-6.1999
402	-6.1808
403	-6.203
404	-6.203
405	-6.203
406	-6.203
407	-6.203
408	-6.203
409	-6.203
410	-6.203
411	-6.203
412	-6.203
413	-6.203
414	-6.203
415	-6.203
416	-6.2038
417	-6.203
418	-6.2029
419	-6.1924
420	-6.2029
421	-6.1783
422	-6.1818
423	-6.1868
424	-6.1794
425	-6.1832
426	-6.1756
427	-6.1862
428	-6.1771
429	-6.1895
430	-6.1807
431	-6.1829
432	-6.1825
433	-6.1776
434	-6.203
435	-6.2034
436	-6.2035
437	-6.1827
438	-6.1867
439	-6.1802
440	-6.1885
441	-6.1945
442	-6.1966
443	-6.1984
444	-6.2004
445	-6.1762
446	-6.1747
