Node Number	Directional Deformation (mm)
1	4.6439e-004
2	-2.662e-004
3	-16.444
4	-17.373
5	-18.119
6	-18.742
7	-18.873
8	-17.906
9	-16.181
10	-10.919
11	-2.5164
12	1.0992
13	-0.41441
14	-0.24814
15	2.9344e-002
16	-2.2081e-002
17	-8.7877e-003
18	2.895e-003
19	5.0252e-003
20	-16.489
21	3.2042e-003
22	-9.3182e-004
23	-9.2007e-003
24	-1.6834e-002
25	1.7969e-003
26	-0.19245
27	0.12623
28	0.37549
29	-4.1154
30	-11.972
31	-16.429
32	-18.08
33	-18.965
34	-18.824
35	-18.151
36	-17.392
37	4.4666e-003
38	-3.8773e-003
39	-3.3776e-003
40	-2.9583e-004
41	1.9284e-003
42	5.5715e-003
43	4.9231e-003
44	-16.702
45	-6.1062e-003
46	-1.266e-002
47	1.979e-002
48	0.12407
49	-7.0632e-002
50	-8.0345e-002
51	-0.16246
52	0.75074
53	-0.32049
54	-12.02
55	-16.912
56	-18.639
57	-19.002
58	-18.691
59	-18.213
60	-17.516
61	-16.823
62	-16.91
63	-16.93
64	-16.942
65	-16.854
66	-16.701
67	3.2492e-005
68	4.7626e-003
69	6.8767e-004
70	-2.7487e-003
71	-3.0713e-004
72	-3.2475e-003
73	-8.7897e-003
74	-16.733
75	-1.5775e-002
76	1.9008e-002
77	0.15048
78	-0.48626
79	-0.12153
80	9.3418e-002
81	-12.332
82	-18.217
83	-19.273
84	-18.689
85	-17.855
86	-16.886
87	-16.955
88	-16.965
89	-16.788
90	-19.442
91	-0.59228
92	0.14132
93	-11.13
94	1.9534e-002
95	1.1814
96	-19.03
97	-2.5635e-002
98	-10.986
99	-18.451
100	-0.29784
101	0.92078
102	-17.951
103	-18.28
104	4.437e-002
105	-18.729
106	0.48034
107	0.14812
108	-0.41672
109	-19.221
110	-6.0592e-003
111	-4.9227
112	-18.875
113	1.9878e-002
114	-15.57
115	-0.54006
116	6.2806e-003
117	-18.522
118	2.5037
119	0.32346
120	-1.8592e-002
121	-18.172
122	-14.585
123	-19.034
124	2.9762e-002
125	-8.7242
126	-16.899
127	-4.2449
128	0.823
129	-0.13107
130	-3.7883e-003
131	-17.821
132	-17.514
133	6.5371e-002
134	1.3971e-002
135	-19.039
136	0.
137	0.
138	0.
139	0.
140	-1.7176e-012
141	-3.0468e-012
142	-1.7748e-012
143	-5.4609e-012
144	-7.4436e-012
145	-4.1477e-012
146	0.
147	0.
148	-1.1306e-012
149	-1.9156e-012
150	-1.5509e-012
151	-9.4804e-013
152	-3.8689e-013
153	-4.7081e-014
154	0.
155	0.
156	-3.4836e-012
157	-1.0041e-011
158	-4.4368e-012
159	-4.9579e-012
160	-3.5163e-011
161	-6.5117e-012
162	0.
163	0.
164	0.
165	0.
166	0.
167	0.
168	0.
169	0.
170	0.
171	0.
172	3.9051e-014
173	7.1831e-014
174	7.0454e-014
175	4.7766e-014
176	1.5235e-014
177	-1.7145e-014
178	0.
179	0.
180	0.
181	0.
182	0.
183	0.
184	0.
185	0.
186	0.
187	0.
188	0.
189	-1.8534e-014
190	1.8333e-014
191	4.4582e-014
192	6.4893e-014
193	7.6673e-014
194	5.1729e-014
195	0.
196	0.
197	0.
198	0.
199	0.
200	0.
201	0.
202	0.
203	0.
204	0.
205	0.
206	0.
207	0.
208	0.
209	0.
210	0.
211	0.
212	0.
213	0.
214	0.
215	0.
216	0.
217	0.
218	0.
219	0.
220	0.
221	0.
222	0.
223	0.
224	0.
225	0.
226	0.
227	0.
228	0.
229	0.
230	0.
231	0.
232	0.
233	0.
234	0.
235	0.
236	2.4312e-015
237	3.3715e-015
238	2.6795e-014
239	-2.0827e-015
240	-3.9226e-014
241	-6.7566e-014
242	-1.6271e-011
243	8.4159e-012
244	2.4488e-011
245	1.5812e-011
246	-1.3116e-011
247	-1.6483e-012
248	0.
249	-3.6378e-013
250	-4.4539e-012
251	-5.5254e-013
252	-3.6355e-013
253	-7.0064e-012
254	-4.179e-013
255	2.7792e-012
256	1.3761e-011
257	-6.8712e-015
258	-1.1595e-012
259	1.6144e-014
260	1.5746e-013
261	-1.8517e-013
262	-8.335e-014
263	2.5531e-014
264	-1.1424e-012
265	-9.7718e-013
266	-3.1797e-013
267	-9.2114e-013
268	-1.6707e-012
269	-3.5846e-013
270	-9.7589e-013
271	2.5941e-014
272	-4.7696e-013
273	-3.0452e-014
274	-1.5988e-012
275	-4.2482e-013
276	-2.2167e-012
277	-2.334e-012
278	0.
279	0.
280	-1.243e-012
281	-4.1947e-012
282	-7.6373e-013
283	-7.3033e-012
284	-3.6775e-012
285	-1.3217e-012
286	-4.5332e-013
287	-7.6233e-014
288	-9.79e-013
289	-22.268
290	-22.519
291	-22.372
292	-22.837
293	-22.573
294	-22.619
295	-22.655
296	-22.68
297	-22.723
298	-22.792
299	-22.682
300	-22.771
301	-22.616
302	-22.538
303	-22.472
304	-22.435
305	-22.384
306	-22.33
307	-21.99
308	-22.003
309	-22.031
310	-22.081
311	-22.131
312	-22.215
313	-22.315
314	-22.434
315	-22.564
316	-21.573
317	-21.629
318	-21.688
319	-21.746
320	-21.803
321	-21.867
322	-21.929
323	-22.122
324	-21.99
325	-21.883
326	-21.794
327	-21.726
328	-21.664
329	-21.614
330	-21.58
331	-22.889
332	-22.932
333	-22.932
334	-22.932
335	-22.932
336	-22.932
337	-22.932
338	-22.932
339	-22.932
340	-22.932
341	-22.929
342	-21.963
343	-22.758
344	-22.706
345	-22.875
346	-22.848
347	-22.819
348	-22.799
349	-22.786
350	-22.764
351	-21.562
352	-21.564
353	-22.932
354	-22.932
355	-22.933
356	-22.932
357	-22.932
358	-22.923
359	-22.934
360	-22.882
361	-22.694
362	-22.461
363	-22.262
364	-22.119
365	-21.986
366	-21.879
367	-21.792
368	-21.717
369	-21.657
370	-21.614
371	-21.585
372	-22.932
373	-22.932
374	-22.932
375	-22.932
376	-22.932
377	-22.932
378	-22.932
379	-22.932
380	-22.932
381	-22.931
382	-22.932
383	-22.932
384	-22.932
385	-22.932
386	-22.932
387	-22.932
388	-22.932
389	-22.932
390	-22.932
391	-22.932
392	-22.932
393	-22.932
394	-22.932
395	-22.932
396	-22.932
397	-22.932
398	-22.932
399	-22.756
400	-22.655
401	-22.836
402	-22.08
403	-22.932
404	-22.932
405	-22.932
406	-22.932
407	-22.932
408	-22.932
409	-22.932
410	-22.932
411	-22.932
412	-22.932
413	-22.932
414	-22.932
415	-22.933
416	-22.973
417	-22.932
418	-22.929
419	-22.425
420	-22.927
421	-21.824
422	-22.
423	-22.226
424	-21.953
425	-22.124
426	-21.714
427	-22.158
428	-21.85
429	-22.4
430	-21.906
431	-22.058
432	-21.986
433	-21.788
434	-22.932
435	-22.949
436	-22.949
437	-22.163
438	-22.268
439	-21.999
440	-22.249
441	-22.582
442	-22.609
443	-22.708
444	-22.835
445	-21.763
446	-21.638
