Node Number	Directional Deformation (mm)
1	2.3517e-003
2	1.9225e-003
3	-17.075
4	-17.931
5	-18.601
6	-19.148
7	-19.031
8	-17.715
9	-15.584
10	-10.426
11	-3.0097
12	0.71681
13	0.11215
14	-0.22907
15	1.8132e-002
16	9.2693e-003
17	3.6329e-003
18	-4.0896e-003
19	-3.2609e-003
20	-17.121
21	-6.2776e-003
22	-5.1149e-003
23	8.6678e-003
24	-8.172e-004
25	4.9609e-003
26	-0.15367
27	0.48419
28	0.27854
29	-4.0931
30	-11.308
31	-15.842
32	-17.881
33	-19.111
34	-19.241
35	-18.64
36	-17.949
37	-1.3969e-003
38	-7.3252e-003
39	-3.1931e-003
40	-3.5227e-003
41	-5.3893e-003
42	-1.8416e-003
43	-2.3993e-003
44	-17.355
45	-8.807e-003
46	1.5226e-003
47	4.2138e-002
48	5.7545e-002
49	-0.31351
50	-0.24613
51	-0.21336
52	0.71744
53	-1.065
54	-11.723
55	-16.58
56	-18.779
57	-19.462
58	-19.116
59	-18.738
60	-18.111
61	-17.453
62	-17.498
63	-17.485
64	-17.491
65	-17.424
66	-17.301
67	-6.319e-003
68	-5.5656e-003
69	-4.3828e-003
70	-1.0982e-002
71	-3.7402e-003
72	-1.8934e-003
73	-9.1833e-003
74	-17.385
75	-8.3366e-003
76	3.6221e-002
77	-2.9062e-002
78	-0.54632
79	-7.8597e-002
80	-0.38951
81	-11.981
82	-18.004
83	-19.607
84	-19.139
85	-18.419
86	-17.494
87	-17.51
88	-17.516
89	-17.372
90	-19.676
91	-0.3668
92	1.2872e-002
93	-10.384
94	1.6851e-002
95	1.6501
96	-18.823
97	7.2789e-003
98	-10.408
99	-18.78
100	-0.28096
101	0.57447
102	-17.393
103	-18.72
104	-2.7884e-002
105	-18.486
106	-0.33467
107	-2.1456e-002
108	-8.5516e-002
109	-19.357
110	-0.11439
111	-5.1664
112	-19.072
113	3.017e-002
114	-14.728
115	-0.27241
116	1.4831e-002
117	-18.919
118	2.4981
119	0.31951
120	-4.024e-003
121	-18.621
122	-14.001
123	-19.129
124	2.0223e-002
125	-8.6526
126	-16.36
127	-4.5627
128	0.99727
129	-0.23752
130	-2.7545e-003
131	-18.25
132	-17.118
133	0.22937
134	-0.13656
135	-18.968
136	0.
137	0.
138	0.
139	0.
140	-5.354e-011
141	-1.1329e-010
142	-1.594e-010
143	-1.3187e-010
144	-8.8019e-011
145	-4.7368e-011
146	0.
147	0.
148	-3.7605e-011
149	-7.9594e-011
150	-1.2009e-010
151	-1.22e-010
152	-8.3917e-011
153	-4.4979e-011
154	0.
155	0.
156	-6.4285e-011
157	-1.4283e-010
158	-3.3369e-010
159	-1.3011e-010
160	-1.1552e-010
161	-5.2332e-011
162	0.
163	0.
164	0.
165	0.
166	0.
167	0.
168	0.
169	0.
170	0.
171	0.
172	1.8717e-012
173	3.6333e-012
174	4.2228e-012
175	3.9977e-012
176	2.8401e-012
177	1.1197e-012
178	0.
179	0.
180	0.
181	0.
182	0.
183	0.
184	0.
185	0.
186	0.
187	0.
188	0.
189	1.0149e-012
190	2.7597e-012
191	3.9053e-012
192	4.3801e-012
193	3.6086e-012
194	1.9401e-012
195	0.
196	0.
197	0.
198	0.
199	0.
200	0.
201	0.
202	0.
203	0.
204	0.
205	0.
206	0.
207	0.
208	0.
209	0.
210	0.
211	0.
212	0.
213	0.
214	0.
215	0.
216	0.
217	0.
218	0.
219	0.
220	0.
221	0.
222	0.
223	0.
224	0.
225	0.
226	0.
227	0.
228	0.
229	0.
230	0.
231	0.
232	0.
233	0.
234	0.
235	0.
236	5.6675e-013
237	-6.3836e-013
238	-5.6199e-013
239	-1.6444e-012
240	-1.4132e-012
241	-8.7319e-013
242	-5.6118e-011
243	-1.0321e-010
244	-1.8557e-010
245	-1.0014e-010
246	-8.2585e-011
247	-4.0865e-011
248	0.
249	-3.4281e-011
250	-4.3315e-011
251	-1.9441e-011
252	-1.3755e-011
253	-7.8059e-011
254	-1.1106e-011
255	-2.7514e-011
256	-9.5322e-011
257	-5.3734e-012
258	-3.0989e-011
259	-1.898e-012
260	-1.1933e-011
261	-4.3807e-012
262	2.3599e-012
263	1.7902e-012
264	-1.4883e-010
265	-3.2274e-011
266	-6.6164e-012
267	-2.7503e-011
268	-7.3128e-011
269	-3.2435e-012
270	-1.8816e-011
271	2.6668e-012
272	-4.6547e-011
273	2.8734e-012
274	-4.113e-011
275	-1.0553e-011
276	-4.7102e-011
277	-1.2041e-010
278	0.
279	0.
280	-2.9732e-011
281	-6.9026e-011
282	-1.6716e-010
283	-7.167e-011
284	-7.6018e-011
285	-1.5793e-011
286	-1.5046e-011
287	-7.4633e-012
288	-7.1982e-011
289	-20.958
290	-22.563
291	-21.691
292	-23.658
293	-22.57
294	-22.757
295	-22.991
296	-23.009
297	-23.113
298	-23.339
299	-22.598
300	-23.114
301	-22.314
302	-21.967
303	-21.731
304	-21.521
305	-21.336
306	-21.164
307	-17.895
308	-17.987
309	-18.172
310	-18.503
311	-18.836
312	-19.406
313	-20.086
314	-20.895
315	-21.791
316	-16.419
317	-16.601
318	-16.812
319	-17.012
320	-17.202
321	-17.442
322	-17.671
323	-19.985
324	-19.134
325	-18.441
326	-17.858
327	-17.414
328	-17.011
329	-16.683
330	-16.461
331	-24.405
332	-25.
333	-25.
334	-25.
335	-25.
336	-25.
337	-25.
338	-25.
339	-25.
340	-25.
341	-24.967
342	-17.717
343	-23.211
344	-23.637
345	-24.305
346	-24.226
347	-24.147
348	-24.046
349	-23.974
350	-23.876
351	-16.363
352	-16.366
353	-25.001
354	-25.
355	-25.003
356	-24.998
357	-25.001
358	-24.936
359	-25.019
360	-24.702
361	-23.545
362	-22.16
363	-20.944
364	-20.022
365	-19.153
366	-18.446
367	-17.875
368	-17.388
369	-16.993
370	-16.71
371	-16.519
372	-25.
373	-25.
374	-25.
375	-25.
376	-25.
377	-25.
378	-25.
379	-25.
380	-25.
381	-24.991
382	-25.
383	-25.001
384	-25.
385	-24.999
386	-24.999
387	-25.
388	-25.
389	-25.
390	-25.
391	-25.
392	-25.
393	-25.
394	-25.
395	-25.
396	-25.
397	-25.
398	-25.
399	-23.069
400	-22.428
401	-23.844
402	-18.505
403	-25.
404	-25.
405	-25.
406	-25.
407	-25.
408	-25.
409	-25.
410	-25.
411	-25.
412	-25.
413	-25.
414	-25.
415	-25.001
416	-25.293
417	-25.001
418	-24.977
419	-21.551
420	-24.96
421	-17.697
422	-18.696
423	-20.059
424	-18.061
425	-19.121
426	-16.955
427	-19.918
428	-17.413
429	-20.91
430	-18.388
431	-19.038
432	-18.924
433	-17.504
434	-24.994
435	-25.068
436	-25.179
437	-19.063
438	-20.104
439	-18.299
440	-20.639
441	-22.196
442	-22.805
443	-23.336
444	-23.918
445	-17.139
446	-16.695
