Node Number	Directional Deformation (mm)
1	2.1148e-014
2	2.1434e-014
3	4.3376e-014
4	3.7791e-014
5	3.2257e-014
6	2.6715e-014
7	2.102e-014
8	1.5491e-014
9	9.5931e-015
10	2.6934e-015
11	1.1852e-015
12	2.5077e-015
13	8.7425e-015
14	2.3268e-014
15	2.7684e-014
16	4.0639e-014
17	4.2102e-014
18	4.0719e-014
19	4.2084e-014
20	4.3374e-014
21	4.169e-014
22	4.2741e-014
23	4.3015e-014
24	3.9357e-014
25	2.8188e-014
26	1.9232e-014
27	9.1097e-015
28	3.6238e-015
29	1.3705e-015
30	3.3549e-015
31	9.5016e-015
32	1.5525e-014
33	2.103e-014
34	2.6757e-014
35	3.2274e-014
36	3.7791e-014
37	4.0099e-014
38	3.2269e-014
39	1.3272e-014
40	1.3302e-015
41	-4.5476e-015
42	1.7834e-015
43	1.2052e-014
44	8.3889e-014
45	4.5119e-014
46	4.1981e-014
47	3.7176e-014
48	2.7919e-014
49	1.2217e-014
50	1.1801e-014
51	2.9915e-014
52	3.0185e-014
53	3.578e-014
54	4.282e-014
55	4.9075e-014
56	5.5386e-014
57	6.1387e-014
58	6.7485e-014
59	7.2992e-014
60	7.8468e-014
61	7.8234e-014
62	7.2561e-014
63	6.6836e-014
64	6.1029e-014
65	5.5112e-014
66	4.9228e-014
67	4.1857e-014
68	1.4262e-014
69	2.7046e-015
70	-5.3582e-015
71	1.4671e-015
72	1.5213e-014
73	3.031e-014
74	8.3889e-014
75	4.4582e-014
76	3.767e-014
77	2.1812e-014
78	1.115e-014
79	2.8651e-014
80	3.4657e-014
81	4.2377e-014
82	5.1263e-014
83	5.9818e-014
84	6.8435e-014
85	7.6206e-014
86	7.5973e-014
87	6.7999e-014
88	5.9838e-014
89	5.1572e-014
90	3.6997e-014
91	-4.9617e-015
92	-2.4521e-015
93	1.0099e-014
94	4.0384e-015
95	1.665e-014
96	4.879e-014
97	2.0437e-014
98	3.2748e-014
99	5.9028e-014
100	4.0772e-016
101	6.3165e-016
102	2.4232e-014
103	4.3411e-014
104	1.9125e-014
105	4.4949e-014
106	4.5837e-015
107	-2.4481e-015
108	3.0664e-015
109	3.5493e-014
110	6.0232e-017
111	3.2267e-014
112	5.1877e-014
113	2.8709e-015
114	2.1253e-014
115	-4.6849e-015
116	1.4318e-014
117	4.5369e-014
118	1.4249e-014
119	2.6218e-014
120	2.9772e-014
121	6.7328e-014
122	3.878e-014
123	5.6731e-014
124	2.5733e-014
125	2.4265e-014
126	3.3074e-014
127	3.8809e-015
128	1.6426e-015
129	8.1138e-015
130	-2.053e-016
131	6.036e-014
132	4.6522e-014
133	1.0267e-014
134	7.3487e-015
135	2.5121e-014
136	0.
137	0.
138	0.
139	0.
140	-3.5552e-026
141	-6.7206e-026
142	-6.3541e-026
143	-5.2604e-027
144	1.4128e-026
145	1.2074e-026
146	0.
147	0.
148	-1.4805e-026
149	-3.0409e-026
150	-5.35e-026
151	-6.0617e-026
152	-4.3258e-026
153	-2.1946e-026
154	0.
155	0.
156	-4.073e-026
157	-1.1036e-025
158	-1.8007e-025
159	5.7604e-026
160	6.6628e-026
161	3.736e-026
162	0.
163	0.
164	0.
165	0.
166	0.
167	0.
168	0.
169	0.
170	0.
171	0.
172	8.4571e-028
173	1.652e-027
174	1.9654e-027
175	1.9352e-027
176	1.3916e-027
177	5.7328e-028
178	0.
179	0.
180	0.
181	0.
182	0.
183	0.
184	0.
185	0.
186	0.
187	0.
188	0.
189	5.3386e-028
190	1.3496e-027
191	1.8772e-027
192	2.0706e-027
193	1.6482e-027
194	8.6008e-028
195	0.
196	0.
197	0.
198	0.
199	0.
200	0.
201	0.
202	0.
203	0.
204	0.
205	0.
206	0.
207	0.
208	0.
209	0.
210	0.
211	0.
212	0.
213	0.
214	0.
215	0.
216	0.
217	0.
218	0.
219	0.
220	0.
221	0.
222	0.
223	0.
224	0.
225	0.
226	0.
227	0.
228	0.
229	0.
230	0.
231	0.
232	0.
233	0.
234	0.
235	0.
236	8.0122e-026
237	6.3527e-026
238	9.6281e-026
239	9.6307e-026
240	8.7425e-026
241	-1.4894e-025
242	-1.377e-025
243	-2.9302e-025
244	-5.4349e-026
245	1.0809e-025
246	8.5349e-026
247	6.4e-026
248	0.
249	1.1218e-025
250	1.9326e-025
251	1.6902e-025
252	-7.1547e-026
253	7.9146e-026
254	3.7968e-026
255	1.1548e-025
256	1.1652e-025
257	1.2753e-025
258	9.0132e-026
259	-9.8211e-026
260	-6.8198e-026
261	-2.5259e-027
262	1.2978e-027
263	6.1074e-028
264	-7.2513e-026
265	-1.752e-026
266	-3.8768e-027
267	-1.4664e-026
268	-3.6488e-026
269	-9.568e-028
270	-7.8427e-027
271	1.0275e-027
272	-2.7e-026
273	1.4638e-027
274	-1.5975e-026
275	-5.7437e-027
276	1.1315e-025
277	8.5682e-026
278	0.
279	0.
280	-1.3041e-026
281	-2.1255e-027
282	-3.0215e-026
283	6.587e-026
284	-9.1093e-026
285	6.925e-026
286	-3.6181e-026
287	6.092e-026
288	-3.7514e-026
289	-0.1462
290	-0.1462
291	-0.1462
292	-0.1462
293	-0.1462
294	-0.1462
295	-0.1462
296	-0.1462
297	-0.1462
298	-0.1462
299	-0.1462
300	-0.1462
301	-0.1462
302	-0.1462
303	-0.1462
304	-0.1462
305	-0.1462
306	-0.1462
307	-0.1462
308	-0.1462
309	-0.1462
310	-0.1462
311	-0.1462
312	-0.1462
313	-0.1462
314	-0.1462
315	-0.1462
316	-0.1462
317	-0.1462
318	-0.1462
319	-0.1462
320	-0.1462
321	-0.1462
322	-0.1462
323	-0.1462
324	-0.1462
325	-0.1462
326	-0.1462
327	-0.1462
328	-0.1462
329	-0.1462
330	-0.1462
331	-0.1462
332	-0.1462
333	-0.1462
334	-0.1462
335	-0.1462
336	-0.1462
337	-0.1462
338	-0.1462
339	-0.1462
340	-0.1462
341	-0.1462
342	-0.1462
343	-0.1462
344	-0.1462
345	-0.1462
346	-0.1462
347	-0.1462
348	-0.1462
349	-0.1462
350	-0.1462
351	-0.1462
352	-0.1462
353	-0.1462
354	-0.1462
355	-0.1462
356	-0.1462
357	-0.1462
358	-0.1462
359	-0.1462
360	-0.1462
361	-0.1462
362	-0.1462
363	-0.1462
364	-0.1462
365	-0.1462
366	-0.1462
367	-0.1462
368	-0.1462
369	-0.1462
370	-0.1462
371	-0.1462
372	-0.1462
373	-0.1462
374	-0.1462
375	-0.1462
376	-0.1462
377	-0.1462
378	-0.1462
379	-0.1462
380	-0.1462
381	-0.1462
382	-0.1462
383	-0.1462
384	-0.1462
385	-0.1462
386	-0.1462
387	-0.1462
388	-0.1462
389	-0.1462
390	-0.1462
391	-0.1462
392	-0.1462
393	-0.1462
394	-0.1462
395	-0.1462
396	-0.1462
397	-0.1462
398	-0.1462
399	-0.1462
400	-0.1462
401	-0.1462
402	-0.1462
403	-0.1462
404	-0.1462
405	-0.1462
406	-0.1462
407	-0.1462
408	-0.1462
409	-0.1462
410	-0.1462
411	-0.1462
412	-0.1462
413	-0.1462
414	-0.1462
415	-0.1462
416	-0.1462
417	-0.1462
418	-0.1462
419	-0.1462
420	-0.1462
421	-0.1462
422	-0.1462
423	-0.1462
424	-0.1462
425	-0.1462
426	-0.1462
427	-0.1462
428	-0.1462
429	-0.1462
430	-0.1462
431	-0.1462
432	-0.1462
433	-0.1462
434	-0.1462
435	-0.1462
436	-0.1462
437	-0.1462
438	-0.1462
439	-0.1462
440	-0.1462
441	-0.1462
442	-0.1462
443	-0.1462
444	-0.1462
445	-0.1462
446	-0.1462
