Node Number	Directional Deformation (mm)
1	3.3639e-003
2	5.0012e-003
3	0.96711
4	0.97909
5	1.0217
6	1.0817
7	1.1585
8	1.1259
9	1.0543
10	0.81608
11	0.26686
12	-5.7315e-002
13	2.7685e-002
14	1.7618e-003
15	5.4772e-003
16	8.5354e-003
17	6.6513e-003
18	3.9062e-003
19	3.4937e-003
20	0.46834
21	5.153e-003
22	4.7962e-003
23	3.7681e-003
24	4.5039e-003
25	1.0982e-002
26	2.078e-002
27	-9.7833e-002
28	-0.48465
29	-0.85528
30	-0.79663
31	-0.51444
32	-0.22281
33	7.8071e-003
34	0.15699
35	0.35017
36	0.42187
37	9.7286e-004
38	1.7974e-003
39	3.547e-003
40	3.6064e-003
41	3.7409e-003
42	2.4411e-003
43	2.9097e-003
44	0.93077
45	1.1867e-003
46	2.377e-003
47	5.6568e-003
48	1.4088e-002
49	1.6007e-002
50	-2.352e-002
51	-7.3828e-002
52	-0.12868
53	0.12448
54	0.7298
55	0.97283
56	0.91788
57	0.81431
58	0.87386
59	0.89462
60	0.90142
61	0.95806
62	0.98996
63	0.95148
64	0.96722
65	0.9652
66	0.96287
67	1.908e-003
68	4.8218e-003
69	4.0486e-003
70	4.5374e-003
71	4.2124e-003
72	3.859e-003
73	2.2563e-003
74	0.32473
75	1.8975e-003
76	-6.2461e-005
77	5.3751e-003
78	3.633e-002
79	-0.20845
80	-0.82172
81	-0.87802
82	-0.49383
83	-0.27045
84	2.8658e-002
85	0.23006
86	0.33661
87	0.32345
88	0.36522
89	0.40458
90	4.606e-002
91	-9.5658e-003
92	1.5033e-002
93	-0.98321
94	5.4139e-003
95	-0.23653
96	-0.24493
97	4.1525e-003
98	-1.1735
99	0.19082
100	4.2072e-002
101	-0.63844
102	-0.45041
103	0.32042
104	2.7074e-003
105	1.0067
106	2.519e-002
107	2.5414e-003
108	-4.6077e-002
109	1.1294
110	2.4264e-002
111	7.7658e-003
112	1.001
113	1.3414e-002
114	0.86948
115	-2.1179e-002
116	5.8064e-003
117	0.96044
118	2.0839e-002
119	3.3438e-002
120	3.4948e-003
121	0.93698
122	0.66817
123	0.85556
124	8.3565e-003
125	0.24756
126	0.83305
127	0.36378
128	-6.3133e-002
129	2.7342e-003
130	4.3703e-003
131	0.90764
132	0.91913
133	-4.2235e-002
134	2.4859e-002
135	1.0772
136	0.
137	0.
138	0.
139	0.
140	1.778e-012
141	1.8134e-012
142	2.7214e-012
143	3.8514e-012
144	3.553e-012
145	1.7808e-012
146	0.
147	0.
148	1.4166e-012
149	1.522e-012
150	1.4763e-012
151	1.5135e-012
152	7.8773e-013
153	6.1815e-013
154	0.
155	0.
156	4.5395e-012
157	3.5716e-012
158	5.7716e-012
159	6.8076e-012
160	7.5012e-012
161	2.2264e-012
162	0.
163	0.
164	0.
165	0.
166	0.
167	0.
168	0.
169	0.
170	0.
171	0.
172	0.
173	4.5796e-014
174	4.9659e-014
175	6.8931e-014
176	8.3093e-014
177	5.7425e-014
178	3.783e-014
179	0.
180	0.
181	0.
182	0.
183	0.
184	0.
185	0.
186	0.
187	0.
188	0.
189	0.
190	0.
191	-7.3772e-014
192	-1.7992e-013
193	-2.3858e-013
194	-2.192e-013
195	-2.5141e-013
196	-1.8885e-013
197	0.
198	0.
199	0.
200	0.
201	0.
202	0.
203	0.
204	0.
205	0.
206	0.
207	0.
208	0.
209	0.
210	0.
211	0.
212	0.
213	0.
214	0.
215	0.
216	0.
217	0.
218	0.
219	0.
220	0.
221	0.
222	0.
223	0.
224	0.
225	0.
226	0.
227	0.
228	0.
229	0.
230	0.
231	0.
232	0.
233	0.
234	0.
235	0.
236	0.
237	0.
238	-1.6265e-013
239	-2.3469e-013
240	-3.0795e-013
241	-3.4538e-013
242	-2.5576e-013
243	-1.596e-013
244	3.5431e-012
245	3.0881e-012
246	6.6374e-012
247	6.8841e-012
248	3.8847e-012
249	-2.9586e-013
250	0.
251	-3.2739e-013
252	-2.296e-012
253	-9.8598e-013
254	-2.8245e-013
255	-3.3381e-013
256	-5.723e-013
257	-7.3458e-013
258	1.3559e-012
259	-3.9907e-013
260	-2.9949e-012
261	-2.0338e-013
262	-1.4475e-012
263	-3.0467e-013
264	-3.1583e-013
265	-2.7695e-013
266	-8.2862e-013
267	-3.8508e-013
268	3.6258e-014
269	7.9778e-013
270	1.1667e-013
271	1.3718e-012
272	6.47e-014
273	1.1373e-013
274	7.8392e-014
275	1.2604e-012
276	2.6534e-013
277	1.2695e-012
278	-8.5671e-015
279	-9.9026e-014
280	2.2942e-013
281	3.2414e-013
282	-1.4089e-014
283	5.9281e-014
284	9.964e-013
285	1.3568e-012
286	2.0204e-012
287	5.813e-012
288	0.
289	0.
290	-8.8405e-014
291	3.7318e-012
292	-3.2187e-013
293	4.9025e-012
294	4.5967e-014
295	-4.8421e-014
296	2.3493e-012
297	1.2422e-012
298	-7.8816e-013
299	2.1759e-012
300	-3.8147e-014
301	1.9841e-012
302	1.5333e-012
303	-0.24948
304	-0.14097
305	-0.23273
306	-0.11601
307	-0.15606
308	-0.14338
309	-0.13763
310	-0.11488
311	-0.11029
312	-0.11391
313	-0.25781
314	-0.2237
315	-0.24442
316	-0.25097
317	-0.2436
318	-0.24478
319	-0.26018
320	-0.26394
321	0.
322	-4.0524e-002
323	-6.4693e-002
324	-8.419e-002
325	-0.11895
326	-0.1655
327	-0.20501
328	-0.2187
329	-0.24133
330	-0.26182
331	0.
332	0.
333	0.
334	0.
335	0.
336	0.
337	0.
338	-0.22729
339	-0.20077
340	-0.17879
341	-0.15068
342	-0.12539
343	-0.10176
344	-7.9877e-002
345	-5.8326e-002
346	-4.0321e-002
347	-4.3046e-002
348	0.
349	0.
350	0.
351	0.
352	0.
353	0.
354	0.
355	0.
356	0.
357	0.
358	0.
359	0.18468
360	-6.2892e-002
361	-2.3039e-002
362	-2.9655e-002
363	-2.5528e-002
364	-5.2048e-002
365	-6.1502e-002
366	-6.362e-002
367	0.
368	0.
369	0.
370	9.6566e-004
371	2.7566e-003
372	5.6664e-003
373	1.1698e-002
374	2.4816e-002
375	4.6162e-002
376	0.1278
377	0.265
378	0.25711
379	0.23716
380	0.21168
381	0.18819
382	0.16644
383	0.148
384	0.11907
385	9.419e-002
386	6.4937e-002
387	3.0525e-002
388	0.
389	0.
390	0.
391	0.
392	0.
393	0.
394	0.
395	0.
396	0.
397	0.
398	0.
399	0.
400	0.
401	0.
402	0.
403	0.
404	0.
405	0.
406	0.
407	0.
408	0.
409	0.
410	0.
411	0.
412	0.
413	0.
414	0.
415	-6.2726e-002
416	3.8279e-002
417	-0.12405
418	-3.8126e-002
419	0.
420	0.
421	0.
422	0.
423	0.
424	0.
425	0.
426	0.
427	0.
428	0.
429	0.
430	0.
431	2.6986e-003
432	4.6176e-002
433	2.2656e-003
434	9.6036e-003
435	0.26544
436	2.7723e-002
437	-8.5803e-002
438	-0.20248
439	-0.12316
440	-0.19352
441	-7.1426e-002
442	-0.14007
443	-3.3788e-002
444	-0.22951
445	-0.16193
446	-0.22523
447	-4.9044e-002
448	-9.3699e-002
449	-0.1534
450	-0.18183
451	-4.0767e-002
452	-0.1284
453	-0.23851
454	-0.24523
455	0.13527
456	0.1796
457	0.10879
458	3.7895e-003
459	9.1876e-002
460	-1.2457e-002
461	0.11115
462	0.145
463	8.8918e-002
464	0.13434
465	-6.9693e-002
466	-5.1003e-002
467	-1.049e-002
468	-3.1905e-002
469	-1.9583e-002
470	-6.4217e-002
471	4.2558e-003
472	-1.2624e-002
473	-1.2071e-002
474	-1.2475e-003
