Node Number	Directional Deformation (mm)
1	-5.6854e-004
2	6.8179e-004
3	0.10468
4	5.3137e-002
5	5.0258e-002
6	6.9983e-002
7	0.35769
8	0.72378
9	1.1501
10	1.0182
11	-0.13757
12	-0.16655
13	9.6415e-002
14	1.5141e-003
15	-1.6156e-002
16	1.194e-003
17	1.5801e-003
18	2.6805e-003
19	4.7094e-004
20	1.0426
21	-1.4847e-003
22	3.0314e-005
23	3.8797e-003
24	-2.1721e-003
25	-6.8384e-003
26	3.8942e-002
27	3.5122e-002
28	-0.72627
29	-1.818
30	-1.2622
31	-0.20814
32	0.47559
33	0.71976
34	0.71005
35	0.85231
36	0.95705
37	7.446e-003
38	6.2269e-003
39	5.2207e-003
40	7.4207e-003
41	8.5331e-003
42	7.7683e-003
43	3.039e-003
44	0.23787
45	8.5783e-003
46	7.9963e-003
47	1.7893e-003
48	-1.6917e-002
49	1.4731e-002
50	2.1759e-002
51	4.2849e-002
52	-6.8495e-002
53	9.7161e-002
54	1.7444
55	1.3132
56	0.41409
57	-1.7399e-002
58	8.2239e-002
59	0.11212
60	0.15985
61	0.22999
62	0.21655
63	0.16735
64	0.13173
65	9.726e-002
66	8.8246e-002
67	6.7086e-003
68	-1.1801e-004
69	4.5834e-003
70	4.8722e-003
71	6.3353e-003
72	4.8207e-003
73	5.9697e-003
74	1.1444
75	6.3091e-003
76	1.5881e-002
77	-2.2437e-002
78	3.8256e-002
79	-0.18753
80	-1.2456
81	-0.92799
82	0.30067
83	0.36745
84	0.82711
85	1.0122
86	1.1336
87	1.0899
88	1.0497
89	1.0253
90	0.62552
91	-1.3312e-002
92	-5.0267e-002
93	-1.4252
94	1.1504e-002
95	-0.19755
96	0.52456
97	1.1236e-002
98	-2.2529
99	0.93303
100	-6.214e-002
101	-1.0715
102	0.16177
103	0.84968
104	-2.7892e-002
105	0.55104
106	-0.11831
107	-3.3975e-002
108	3.4868e-002
109	0.32709
110	-1.9792e-002
111	-0.37124
112	0.134
113	-2.0705e-003
114	1.0374
115	4.6918e-002
116	5.6118e-003
117	-4.1407e-002
118	-3.0505e-002
119	-7.298e-003
120	9.9845e-003
121	0.13021
122	9.9737e-002
123	5.8561e-002
124	-3.7468e-003
125	-0.43206
126	0.47047
127	0.46128
128	-1.5702e-002
129	-9.7312e-003
130	1.0687e-002
131	8.5491e-002
132	0.84429
133	-9.3284e-004
134	-1.9278e-002
135	0.31738
136	0.
137	0.
138	0.
139	0.
140	-5.5935e-013
141	-1.3599e-012
142	-2.9973e-014
143	-7.1662e-013
144	-9.3447e-013
145	-3.2428e-013
146	0.
147	0.
148	-2.443e-013
149	-2.9397e-013
150	-1.1552e-013
151	-1.2836e-013
152	-2.1846e-013
153	-1.1198e-013
154	0.
155	0.
156	-1.4531e-012
157	-9.0138e-013
158	1.3558e-012
159	-1.8993e-012
160	-8.9273e-013
161	1.6995e-013
162	0.
163	0.
164	0.
165	0.
166	0.
167	0.
168	0.
169	0.
170	0.
171	0.
172	0.
173	2.9778e-015
174	2.577e-015
175	3.9213e-015
176	-1.2411e-015
177	-1.5826e-015
178	-2.0385e-015
179	0.
180	0.
181	0.
182	0.
183	0.
184	0.
185	0.
186	0.
187	0.
188	0.
189	0.
190	0.
191	-5.9376e-015
192	-1.2535e-014
193	-1.5067e-014
194	-1.0744e-014
195	-9.542e-015
196	-4.9809e-015
197	0.
198	0.
199	0.
200	0.
201	0.
202	0.
203	0.
204	0.
205	0.
206	0.
207	0.
208	0.
209	0.
210	0.
211	0.
212	0.
213	0.
214	0.
215	0.
216	0.
217	0.
218	0.
219	0.
220	0.
221	0.
222	0.
223	0.
224	0.
225	0.
226	0.
227	0.
228	0.
229	0.
230	0.
231	0.
232	0.
233	0.
234	0.
235	0.
236	0.
237	0.
238	6.6003e-014
239	8.9326e-014
240	9.7239e-014
241	4.9504e-014
242	3.0239e-014
243	2.674e-015
244	-3.0044e-012
245	-5.0251e-013
246	-1.6531e-013
247	-3.0096e-012
248	-3.3947e-013
249	6.9437e-013
250	0.
251	-2.5961e-013
252	1.0051e-013
253	8.7634e-014
254	7.0608e-014
255	6.8805e-013
256	-7.3531e-014
257	-4.0575e-014
258	-1.6946e-012
259	5.9393e-014
260	1.0582e-012
261	-1.1805e-014
262	4.249e-013
263	-8.1292e-015
264	-2.174e-014
265	-8.9652e-015
266	2.7007e-013
267	-9.6698e-015
268	1.9643e-014
269	-3.2043e-014
270	1.0916e-014
271	4.4255e-014
272	2.9941e-016
273	3.0217e-014
274	5.3153e-015
275	1.4036e-015
276	1.4471e-014
277	-7.3892e-014
278	-3.2671e-015
279	-1.7924e-015
280	-2.0975e-015
281	-1.5405e-014
282	4.6387e-015
283	6.8821e-015
284	-1.4908e-013
285	3.5625e-014
286	1.5485e-013
287	-1.1602e-012
288	0.
289	0.
290	-7.1331e-014
291	-5.3632e-013
292	3.031e-014
293	7.5741e-013
294	-4.088e-014
295	4.3809e-016
296	-2.4206e-013
297	-2.9384e-013
298	1.0181e-013
299	2.5405e-013
300	2.9932e-015
301	-1.283e-013
302	-2.0009e-013
303	4.6013e-006
304	6.5576e-006
305	5.2071e-006
306	1.5425e-005
307	6.5927e-006
308	5.7139e-006
309	5.5232e-006
310	1.2415e-005
311	1.3107e-005
312	1.1748e-005
313	4.7598e-006
314	9.7833e-006
315	3.953e-006
316	4.7826e-006
317	3.9577e-006
318	3.3072e-006
319	3.7619e-006
320	4.1116e-006
321	0.
322	2.1326e-007
323	5.6271e-007
324	8.9467e-007
325	1.0462e-006
326	1.0172e-006
327	9.7972e-007
328	1.2403e-006
329	1.3713e-006
330	1.8813e-006
331	0.
332	0.
333	0.
334	0.
335	0.
336	0.
337	0.
338	4.572e-006
339	4.2225e-006
340	3.9212e-006
341	3.6005e-006
342	3.1136e-006
343	2.5274e-006
344	1.8936e-006
345	1.2295e-006
346	5.2422e-007
347	8.0962e-006
348	0.
349	0.
350	0.
351	0.
352	0.
353	0.
354	0.
355	0.
356	0.
357	0.
358	0.
359	7.9138e-006
360	6.1291e-006
361	6.0941e-006
362	8.8143e-006
363	9.1168e-006
364	3.9168e-006
365	6.0707e-006
366	5.4694e-006
367	0.
368	0.
369	0.
370	6.1014e-008
371	1.5767e-007
372	3.0392e-007
373	5.6459e-007
374	1.0992e-006
375	2.8907e-006
376	5.9872e-006
377	1.1942e-005
378	1.2211e-005
379	1.0919e-005
380	9.7522e-006
381	8.377e-006
382	7.1191e-006
383	5.9682e-006
384	4.6984e-006
385	3.4867e-006
386	2.3028e-006
387	1.1102e-006
388	0.
389	0.
390	0.
391	0.
392	0.
393	0.
394	0.
395	0.
396	0.
397	0.
398	0.
399	0.
400	0.
401	0.
402	0.
403	0.
404	0.
405	0.
406	0.
407	0.
408	0.
409	0.
410	0.
411	0.
412	0.
413	0.
414	0.
415	4.487e-006
416	5.4096e-006
417	2.7767e-006
418	1.7942e-006
419	0.
420	0.
421	0.
422	0.
423	0.
424	0.
425	0.
426	0.
427	0.
428	0.
429	0.
430	0.
431	4.1172e-008
432	5.1825e-006
433	1.5594e-007
434	6.1156e-007
435	1.2481e-005
436	4.2895e-007
437	1.7503e-006
438	2.1287e-006
439	1.6648e-006
440	3.4049e-006
441	6.36e-007
442	2.7214e-006
443	5.8562e-007
444	2.898e-006
445	1.4809e-006
446	3.9294e-006
447	4.0567e-007
448	8.8012e-007
449	2.4698e-006
450	3.5005e-006
451	8.7377e-007
452	2.9563e-006
453	2.5554e-006
454	3.1575e-006
455	5.8417e-006
456	7.4484e-006
457	3.6649e-006
458	4.5751e-007
459	4.5959e-006
460	3.2635e-006
461	3.8943e-006
462	5.9281e-006
463	3.3825e-006
464	1.0494e-005
465	4.7461e-006
466	6.9916e-006
467	3.5231e-006
468	6.7282e-007
469	8.2307e-007
470	4.8062e-006
471	7.0461e-006
472	6.3439e-006
473	4.7208e-006
474	2.1799e-006
