Node Number	Directional Deformation (mm)
1	-6.5164e-004
2	7.8058e-004
3	9.128e-002
4	3.7138e-002
5	3.1891e-002
6	4.9443e-002
7	0.33519
8	0.70029
9	1.1263
10	1.0004
11	-0.14295
12	-0.16443
13	9.3004e-002
14	1.1434e-003
15	-1.6433e-002
16	1.1143e-003
17	1.6907e-003
18	2.7292e-003
19	4.4165e-004
20	1.0441
21	-1.4255e-003
22	1.3444e-005
23	3.8457e-003
24	-2.1079e-003
25	-6.9308e-003
26	3.7727e-002
27	3.455e-002
28	-0.72029
29	-1.811
30	-1.263
31	-0.21402
32	0.46841
33	0.71274
34	0.70456
35	0.84897
36	0.95594
37	7.2486e-003
38	6.1238e-003
39	5.2519e-003
40	7.493e-003
41	8.5675e-003
42	7.6843e-003
43	2.9597e-003
44	0.2286
45	8.4764e-003
46	8.1847e-003
47	2.0197e-003
48	-1.6782e-002
49	1.3581e-002
50	2.1521e-002
51	4.2414e-002
52	-6.8021e-002
53	9.2399e-002
54	1.7267
55	1.2916
56	0.39379
57	-3.6088e-002
58	6.5904e-002
59	9.8044e-002
60	0.14817
61	0.21992
62	0.20581
63	0.15594
64	0.11964
65	8.4595e-002
66	7.5146e-002
67	6.6279e-003
68	-6.3237e-005
69	4.6067e-003
70	4.9507e-003
71	6.4348e-003
72	4.813e-003
73	5.8739e-003
74	1.1499
75	6.2061e-003
76	1.6071e-002
77	-2.2014e-002
78	3.696e-002
79	-0.18727
80	-1.2366
81	-0.92966
82	0.29423
83	0.36309
84	0.82601
85	1.0142
86	1.1379
87	1.0932
88	1.0522
89	1.0272
90	0.61969
91	-1.41e-002
92	-4.9521e-002
93	-1.4224
94	1.1786e-002
95	-0.19533
96	0.52007
97	1.1231e-002
98	-2.2459
99	0.93205
100	-6.2181e-002
101	-1.0615
102	0.15529
103	0.84749
104	-2.7129e-002
105	0.53131
106	-0.11757
107	-3.3757e-002
108	3.4588e-002
109	0.30596
110	-1.9795e-002
111	-0.37457
112	0.11633
113	-1.455e-003
114	1.0166
115	4.638e-002
116	5.7656e-003
117	-5.8763e-002
118	-3.0439e-002
119	-7.7122e-003
120	1.0011e-002
121	0.11592
122	8.5584e-002
123	4.0246e-002
124	-3.2119e-003
125	-0.441
126	0.45129
127	0.45277
128	-1.4827e-002
129	-1.0308e-002
130	1.0851e-002
131	7.1389e-002
132	0.82454
133	-2.7108e-004
134	-1.9433e-002
135	0.29467
136	0.
137	0.
138	0.
139	0.
140	-5.6335e-013
141	-1.3817e-012
142	-5.541e-014
143	-7.049e-013
144	-9.2456e-013
145	-3.2276e-013
146	0.
147	0.
148	-2.4279e-013
149	-2.9235e-013
150	-1.1811e-013
151	-1.3331e-013
152	-2.2449e-013
153	-1.15e-013
154	0.
155	0.
156	-1.4517e-012
157	-9.4169e-013
158	1.3045e-012
159	-1.8661e-012
160	-8.8758e-013
161	1.627e-013
162	0.
163	0.
164	0.
165	0.
166	0.
167	0.
168	0.
169	0.
170	0.
171	0.
172	0.
173	2.6732e-015
174	2.0621e-015
175	3.2927e-015
176	-1.8616e-015
177	-2.0554e-015
178	-2.2827e-015
179	0.
180	0.
181	0.
182	0.
183	0.
184	0.
185	0.
186	0.
187	0.
188	0.
189	0.
190	0.
191	-6.1621e-015
192	-1.2969e-014
193	-1.5641e-014
194	-1.1333e-014
195	-1.0039e-014
196	-5.2873e-015
197	0.
198	0.
199	0.
200	0.
201	0.
202	0.
203	0.
204	0.
205	0.
206	0.
207	0.
208	0.
209	0.
210	0.
211	0.
212	0.
213	0.
214	0.
215	0.
216	0.
217	0.
218	0.
219	0.
220	0.
221	0.
222	0.
223	0.
224	0.
225	0.
226	0.
227	0.
228	0.
229	0.
230	0.
231	0.
232	0.
233	0.
234	0.
235	0.
236	0.
237	0.
238	6.6295e-014
239	8.9899e-014
240	9.7857e-014
241	4.8952e-014
242	3.0202e-014
243	1.6918e-015
244	-3.0304e-012
245	-5.4339e-013
246	-1.7014e-013
247	-2.9802e-012
248	-3.2171e-013
249	6.8591e-013
250	0.
251	-2.6336e-013
252	9.2881e-014
253	8.4727e-014
254	7.1488e-014
255	6.6931e-013
256	-7.4989e-014
257	-4.4605e-014
258	-1.6663e-012
259	5.8727e-014
260	1.0489e-012
261	-1.2268e-014
262	4.2163e-013
263	-8.9109e-015
264	-2.2404e-014
265	-9.5001e-015
266	2.6305e-013
267	-1.194e-014
268	1.8847e-014
269	-3.3223e-014
270	9.8205e-015
271	4.2207e-014
272	-3.9819e-016
273	2.8822e-014
274	4.6462e-015
275	-9.383e-016
276	1.3791e-014
277	-7.6212e-014
278	-3.5768e-015
279	-2.2638e-015
280	-3.5545e-015
281	-1.6482e-014
282	4.2392e-015
283	6.3155e-015
284	-1.4836e-013
285	3.1853e-014
286	1.5255e-013
287	-1.1547e-012
288	0.
289	0.
290	-7.2675e-014
291	-5.3312e-013
292	2.935e-014
293	7.4529e-013
294	-4.1875e-014
295	1.746e-016
296	-2.516e-013
297	-3.008e-013
298	1.0112e-013
299	2.5294e-013
300	2.6766e-015
301	-1.2878e-013
302	-2.0547e-013
303	4.6013e-006
304	6.5576e-006
305	5.2071e-006
306	1.5425e-005
307	6.5927e-006
308	5.7139e-006
309	5.5232e-006
310	1.2415e-005
311	1.3107e-005
312	1.1748e-005
313	4.7598e-006
314	9.7833e-006
315	3.953e-006
316	4.7826e-006
317	3.9577e-006
318	3.3072e-006
319	3.7619e-006
320	4.1116e-006
321	0.
322	2.1326e-007
323	5.6271e-007
324	8.9467e-007
325	1.0462e-006
326	1.0172e-006
327	9.7972e-007
328	1.2403e-006
329	1.3713e-006
330	1.8813e-006
331	0.
332	0.
333	0.
334	0.
335	0.
336	0.
337	0.
338	4.572e-006
339	4.2225e-006
340	3.9212e-006
341	3.6005e-006
342	3.1136e-006
343	2.5274e-006
344	1.8936e-006
345	1.2295e-006
346	5.2422e-007
347	8.0962e-006
348	0.
349	0.
350	0.
351	0.
352	0.
353	0.
354	0.
355	0.
356	0.
357	0.
358	0.
359	7.9138e-006
360	6.1291e-006
361	6.0941e-006
362	8.8143e-006
363	9.1168e-006
364	3.9168e-006
365	6.0707e-006
366	5.4694e-006
367	0.
368	0.
369	0.
370	6.1014e-008
371	1.5767e-007
372	3.0392e-007
373	5.6459e-007
374	1.0992e-006
375	2.8907e-006
376	5.9872e-006
377	1.1942e-005
378	1.2211e-005
379	1.0919e-005
380	9.7522e-006
381	8.377e-006
382	7.1191e-006
383	5.9682e-006
384	4.6984e-006
385	3.4867e-006
386	2.3028e-006
387	1.1102e-006
388	0.
389	0.
390	0.
391	0.
392	0.
393	0.
394	0.
395	0.
396	0.
397	0.
398	0.
399	0.
400	0.
401	0.
402	0.
403	0.
404	0.
405	0.
406	0.
407	0.
408	0.
409	0.
410	0.
411	0.
412	0.
413	0.
414	0.
415	4.487e-006
416	5.4096e-006
417	2.7767e-006
418	1.7942e-006
419	0.
420	0.
421	0.
422	0.
423	0.
424	0.
425	0.
426	0.
427	0.
428	0.
429	0.
430	0.
431	4.1172e-008
432	5.1825e-006
433	1.5594e-007
434	6.1156e-007
435	1.2481e-005
436	4.2895e-007
437	1.7503e-006
438	2.1287e-006
439	1.6648e-006
440	3.4049e-006
441	6.36e-007
442	2.7214e-006
443	5.8562e-007
444	2.898e-006
445	1.4809e-006
446	3.9294e-006
447	4.0567e-007
448	8.8012e-007
449	2.4698e-006
450	3.5005e-006
451	8.7377e-007
452	2.9563e-006
453	2.5554e-006
454	3.1575e-006
455	5.8417e-006
456	7.4484e-006
457	3.6649e-006
458	4.5751e-007
459	4.5959e-006
460	3.2635e-006
461	3.8943e-006
462	5.9281e-006
463	3.3825e-006
464	1.0494e-005
465	4.7461e-006
466	6.9916e-006
467	3.5231e-006
468	6.7282e-007
469	8.2307e-007
470	4.8062e-006
471	7.0461e-006
472	6.3439e-006
473	4.7208e-006
474	2.1799e-006
