Node Number	Directional Deformation (mm)
1	3.6653e-005
2	2.8322e-004
3	0.19875
4	0.16238
5	0.17328
6	0.2055
7	0.50477
8	0.87655
9	1.3044
10	1.1327
11	-0.10536
12	-0.17847
13	0.11826
14	3.5551e-003
15	-1.4915e-002
16	1.6705e-003
17	1.1151e-003
18	2.5498e-003
19	7.6629e-004
20	1.0458
21	-1.6655e-003
22	2.8317e-004
23	4.229e-003
24	-2.3781e-003
25	-5.9699e-003
26	4.6046e-002
27	3.6573e-002
28	-0.7648
29	-1.8631
30	-1.257
31	-0.1671
32	0.52688
33	0.77137
34	0.7529
35	0.88275
36	0.97484
37	8.7171e-003
38	6.9844e-003
39	5.2588e-003
40	7.2551e-003
41	8.5685e-003
42	8.4105e-003
43	3.6396e-003
44	0.30544
45	9.3151e-003
46	7.1537e-003
47	8.3691e-004
48	-1.7479e-002
49	2.064e-002
50	2.2341e-002
51	4.4503e-002
52	-7.1467e-002
53	0.11679
54	1.8562
55	1.4513
56	0.54389
57	0.10331
58	0.19012
59	0.20728
60	0.24137
61	0.30297
62	0.29396
63	0.24922
64	0.21783
65	0.18671
66	0.18035
67	7.347e-003
68	-2.4164e-004
69	4.6736e-003
70	4.676e-003
71	6.0458e-003
72	5.0713e-003
73	6.6962e-003
74	1.1215
75	7.0981e-003
76	1.5257e-002
77	-2.4682e-002
78	4.4391e-002
79	-0.19302
80	-1.3084
81	-0.92189
82	0.34332
83	0.399
84	0.84163
85	1.0089
86	1.1186
87	1.0814
88	1.0465
89	1.0256
90	0.66982
91	-1.1187e-002
92	-5.3974e-002
93	-1.4418
94	1.037e-002
95	-0.21286
96	0.56183
97	1.1552e-002
98	-2.2933
99	0.94966
100	-6.2295e-002
101	-1.1357
102	0.2084
103	0.87316
104	-3.1818e-002
105	0.68231
106	-0.12077
107	-3.516e-002
108	3.5072e-002
109	0.46544
110	-1.9757e-002
111	-0.3468
112	0.25224
113	-5.0606e-003
114	1.1734
115	4.9036e-002
116	5.0216e-003
117	7.4969e-002
118	-2.8396e-002
119	-1.013e-003
120	1.0048e-002
121	0.2279
122	0.19526
123	0.17944
124	-6.3885e-003
125	-0.37286
126	0.59699
127	0.51564
128	-2.1371e-002
129	-7.0789e-003
130	1.005e-002
131	0.18315
132	0.97394
133	-5.3989e-003
134	-1.8188e-002
135	0.46525
136	0.
137	0.
138	0.
139	0.
140	-5.8624e-013
141	-1.3486e-012
142	-6.3887e-014
143	-8.716e-013
144	-1.0412e-012
145	-3.5012e-013
146	0.
147	0.
148	-2.7306e-013
149	-3.2546e-013
150	-1.2139e-013
151	-1.2519e-013
152	-1.9861e-013
153	-1.0434e-013
154	0.
155	0.
156	-1.5778e-012
157	-6.7946e-013
158	1.3218e-012
159	-2.2831e-012
160	-8.9097e-013
161	2.4375e-013
162	0.
163	0.
164	0.
165	0.
166	0.
167	0.
168	0.
169	0.
170	0.
171	0.
172	0.
173	5.3129e-015
174	6.3244e-015
175	8.1435e-015
176	2.6618e-015
177	1.2378e-015
178	-5.4123e-016
179	0.
180	0.
181	0.
182	0.
183	0.
184	0.
185	0.
186	0.
187	0.
188	0.
189	0.
190	0.
191	-4.6945e-015
192	-1.0126e-014
193	-1.1754e-014
194	-6.9302e-015
195	-6.0152e-015
196	-2.7928e-015
197	0.
198	0.
199	0.
200	0.
201	0.
202	0.
203	0.
204	0.
205	0.
206	0.
207	0.
208	0.
209	0.
210	0.
211	0.
212	0.
213	0.
214	0.
215	0.
216	0.
217	0.
218	0.
219	0.
220	0.
221	0.
222	0.
223	0.
224	0.
225	0.
226	0.
227	0.
228	0.
229	0.
230	0.
231	0.
232	0.
233	0.
234	0.
235	0.
236	0.
237	0.
238	7.1526e-014
239	9.5598e-014
240	1.0496e-013
241	5.955e-014
242	3.5587e-014
243	1.207e-014
244	-3.0648e-012
245	-1.7023e-013
246	-2.4166e-013
247	-3.2202e-012
248	-4.7773e-013
249	8.2525e-013
250	0.
251	-2.6162e-013
252	1.8139e-013
253	1.2108e-013
254	7.2064e-014
255	8.6611e-013
256	-6.0682e-014
257	1.6531e-014
258	-1.725e-012
259	7.2389e-014
260	1.1935e-012
261	-6.5006e-015
262	4.748e-013
263	-1.4399e-015
264	-1.819e-014
265	-4.9453e-015
266	3.505e-013
267	1.3712e-014
268	2.5181e-014
269	-3.2971e-014
270	1.6993e-014
271	4.4942e-014
272	4.3024e-015
273	4.0114e-014
274	9.9391e-015
275	5.9447e-015
276	1.784e-014
277	-7.8942e-014
278	-1.5074e-015
279	5.9116e-016
280	5.762e-015
281	-1.2473e-014
282	7.7435e-015
283	8.6478e-015
284	-1.7045e-013
285	4.8115e-014
286	1.6802e-013
287	-1.3083e-012
288	0.
289	0.
290	-5.9532e-014
291	-5.829e-013
292	3.9955e-014
293	8.2639e-013
294	-4.3349e-014
295	2.433e-015
296	-2.1581e-013
297	-2.8495e-013
298	1.3071e-013
299	3.0087e-013
300	5.6819e-015
301	-1.232e-013
302	-2.0102e-013
303	4.6013e-006
304	6.5576e-006
305	5.2071e-006
306	1.5425e-005
307	6.5927e-006
308	5.7139e-006
309	5.5232e-006
310	1.2415e-005
311	1.3107e-005
312	1.1748e-005
313	4.7598e-006
314	9.7833e-006
315	3.953e-006
316	4.7826e-006
317	3.9577e-006
318	3.3072e-006
319	3.7619e-006
320	4.1116e-006
321	0.
322	2.1326e-007
323	5.6271e-007
324	8.9467e-007
325	1.0462e-006
326	1.0172e-006
327	9.7972e-007
328	1.2403e-006
329	1.3713e-006
330	1.8813e-006
331	0.
332	0.
333	0.
334	0.
335	0.
336	0.
337	0.
338	4.572e-006
339	4.2225e-006
340	3.9212e-006
341	3.6005e-006
342	3.1136e-006
343	2.5274e-006
344	1.8936e-006
345	1.2295e-006
346	5.2422e-007
347	8.0962e-006
348	0.
349	0.
350	0.
351	0.
352	0.
353	0.
354	0.
355	0.
356	0.
357	0.
358	0.
359	7.9138e-006
360	6.1291e-006
361	6.0941e-006
362	8.8143e-006
363	9.1168e-006
364	3.9168e-006
365	6.0707e-006
366	5.4694e-006
367	0.
368	0.
369	0.
370	6.1014e-008
371	1.5767e-007
372	3.0392e-007
373	5.6459e-007
374	1.0992e-006
375	2.8907e-006
376	5.9872e-006
377	1.1942e-005
378	1.2211e-005
379	1.0919e-005
380	9.7522e-006
381	8.377e-006
382	7.1191e-006
383	5.9682e-006
384	4.6984e-006
385	3.4867e-006
386	2.3028e-006
387	1.1102e-006
388	0.
389	0.
390	0.
391	0.
392	0.
393	0.
394	0.
395	0.
396	0.
397	0.
398	0.
399	0.
400	0.
401	0.
402	0.
403	0.
404	0.
405	0.
406	0.
407	0.
408	0.
409	0.
410	0.
411	0.
412	0.
413	0.
414	0.
415	4.487e-006
416	5.4096e-006
417	2.7767e-006
418	1.7942e-006
419	0.
420	0.
421	0.
422	0.
423	0.
424	0.
425	0.
426	0.
427	0.
428	0.
429	0.
430	0.
431	4.1172e-008
432	5.1825e-006
433	1.5594e-007
434	6.1156e-007
435	1.2481e-005
436	4.2895e-007
437	1.7503e-006
438	2.1287e-006
439	1.6648e-006
440	3.4049e-006
441	6.36e-007
442	2.7214e-006
443	5.8562e-007
444	2.898e-006
445	1.4809e-006
446	3.9294e-006
447	4.0567e-007
448	8.8012e-007
449	2.4698e-006
450	3.5005e-006
451	8.7377e-007
452	2.9563e-006
453	2.5554e-006
454	3.1575e-006
455	5.8417e-006
456	7.4484e-006
457	3.6649e-006
458	4.5751e-007
459	4.5959e-006
460	3.2635e-006
461	3.8943e-006
462	5.9281e-006
463	3.3825e-006
464	1.0494e-005
465	4.7461e-006
466	6.9916e-006
467	3.5231e-006
468	6.7282e-007
469	8.2307e-007
470	4.8062e-006
471	7.0461e-006
472	6.3439e-006
473	4.7208e-006
474	2.1799e-006
