Node Number	Directional Deformation (mm)
1	-5.6352e-003
2	-5.8597e-003
3	0.47377
4	0.43595
5	0.39815
6	0.3633
7	0.32097
8	0.28463
9	0.24072
10	0.20578
11	9.9464e-002
12	1.4835e-003
13	-5.3222e-003
14	-2.6832e-002
15	-2.3229e-002
16	-1.4644e-002
17	-9.0688e-003
18	-7.1787e-003
19	-5.7529e-003
20	-0.16819
21	-6.382e-003
22	-8.3192e-003
23	-1.0911e-002
24	-1.3489e-002
25	-1.5292e-002
26	-2.2958e-002
27	-6.7371e-002
28	-0.17079
29	-0.2746
30	-0.32189
31	-0.3427
32	-0.32666
33	-0.30115
34	-0.27152
35	-0.23814
36	-0.2048
37	-2.1204e-003
38	-1.6894e-003
39	-1.3159e-003
40	-9.943e-004
41	-1.6169e-003
42	-3.2255e-003
43	-4.3211e-003
44	0.48526
45	-2.0517e-003
46	-2.2638e-003
47	-3.8703e-003
48	-4.8613e-003
49	-1.4102e-002
50	-2.9173e-002
51	-4.6957e-002
52	-3.8529e-002
53	5.6759e-002
54	0.21113
55	0.28339
56	0.30311
57	0.3298
58	0.36616
59	0.40643
60	0.44815
61	0.48146
62	0.47939
63	0.47765
64	0.47668
65	0.47514
66	0.47476
67	-2.9366e-003
68	-4.7809e-003
69	-4.123e-003
70	-2.5949e-003
71	-2.1214e-003
72	-2.5984e-003
73	-2.901e-003
74	-0.16417
75	-3.5179e-003
76	-4.1572e-003
77	-8.0808e-003
78	-1.2872e-002
79	-8.3619e-002
80	-0.22133
81	-0.3405
82	-0.3287
83	-0.29809
84	-0.26517
85	-0.21528
86	-0.17024
87	-0.17321
88	-0.16998
89	-0.16852
90	-0.29245
91	-2.7705e-002
92	-5.0837e-003
93	-0.36244
94	-2.1478e-003
95	-7.557e-002
96	-0.33646
97	-5.8577e-003
98	-0.38307
99	-0.24441
100	3.4971e-003
101	-0.20059
102	-0.35529
103	-0.22748
104	-1.1355e-002
105	0.29976
106	3.8536e-002
107	-1.7854e-002
108	-3.3748e-002
109	0.33002
110	-2.9225e-003
111	-3.8629e-003
112	0.37082
113	-2.839e-003
114	0.21605
115	-2.5207e-002
116	-1.7186e-003
117	0.40544
118	1.4049e-002
119	1.6844e-002
120	-4.671e-003
121	0.41666
122	0.24828
123	0.33151
124	-9.5896e-003
125	9.7533e-002
126	0.25726
127	0.11953
128	-3.3666e-002
129	-2.8581e-002
130	-1.5184e-003
131	0.43586
132	0.27629
133	-3.2335e-002
134	-3.9237e-003
135	0.30745
136	0.
137	0.
138	0.
139	0.
140	3.1748e-013
141	4.1554e-013
142	7.2348e-013
143	8.8615e-013
144	8.1905e-013
145	4.4822e-013
146	0.
147	0.
148	3.5284e-013
149	3.6317e-013
150	3.5902e-013
151	3.5942e-013
152	1.7536e-013
153	1.3162e-013
154	0.
155	0.
156	6.908e-013
157	6.076e-013
158	1.4796e-012
159	1.5624e-012
160	1.639e-012
161	5.2898e-013
162	0.
163	0.
164	0.
165	0.
166	0.
167	0.
168	0.
169	0.
170	0.
171	0.
172	0.
173	6.8971e-015
174	1.2776e-014
175	2.3138e-014
176	2.3104e-014
177	1.9973e-014
178	8.3039e-015
179	0.
180	0.
181	0.
182	0.
183	0.
184	0.
185	0.
186	0.
187	0.
188	0.
189	0.
190	0.
191	6.0008e-015
192	1.0265e-014
193	1.2749e-014
194	9.6665e-015
195	1.4753e-015
196	1.4399e-015
197	0.
198	0.
199	0.
200	0.
201	0.
202	0.
203	0.
204	0.
205	0.
206	0.
207	0.
208	0.
209	0.
210	0.
211	0.
212	0.
213	0.
214	0.
215	0.
216	0.
217	0.
218	0.
219	0.
220	0.
221	0.
222	0.
223	0.
224	0.
225	0.
226	0.
227	0.
228	0.
229	0.
230	0.
231	0.
232	0.
233	0.
234	0.
235	0.
236	0.
237	0.
238	-5.7695e-014
239	-9.8713e-014
240	-1.2674e-013
241	-1.5572e-013
242	-1.0075e-013
243	-8.2535e-014
244	4.1957e-013
245	5.1285e-013
246	1.6049e-012
247	1.6593e-012
248	1.1123e-012
249	1.298e-013
250	0.
251	-2.4573e-013
252	-6.3893e-013
253	-3.4456e-013
254	-1.4332e-013
255	-1.6285e-013
256	-1.97e-013
257	-1.8922e-013
258	3.2646e-013
259	-1.6245e-013
260	-6.1342e-013
261	-9.3986e-014
262	-3.6137e-013
263	-1.4439e-014
264	1.6099e-014
265	-1.7376e-015
266	-1.6072e-013
267	-1.0412e-013
268	3.987e-014
269	2.0159e-013
270	7.1531e-014
271	3.3656e-013
272	3.518e-014
273	5.9266e-014
274	2.3147e-014
275	3.215e-013
276	6.1024e-014
277	2.9928e-013
278	1.2479e-014
279	2.7637e-014
280	8.6609e-014
281	7.4831e-014
282	8.9523e-015
283	5.5307e-014
284	2.4694e-013
285	3.3679e-013
286	3.4101e-013
287	1.3104e-012
288	0.
289	0.
290	-5.6726e-014
291	9.1932e-013
292	-1.467e-013
293	1.0084e-012
294	-7.9536e-014
295	4.1116e-015
296	4.033e-013
297	2.4783e-013
298	-2.1778e-013
299	5.0045e-013
300	1.9423e-015
301	4.9096e-013
302	3.7154e-013
303	-4.6818e-002
304	-2.6115e-002
305	-4.2811e-002
306	-2.0288e-002
307	-2.8825e-002
308	-2.7106e-002
309	-2.5261e-002
310	-1.9824e-002
311	-1.9507e-002
312	-1.8812e-002
313	-4.6377e-002
314	-3.9238e-002
315	-4.613e-002
316	-4.5078e-002
317	-4.3948e-002
318	-4.5534e-002
319	-5.0725e-002
320	-5.1079e-002
321	0.
322	-7.746e-003
323	-1.2355e-002
324	-1.6068e-002
325	-2.2792e-002
326	-3.1889e-002
327	-3.9568e-002
328	-4.2077e-002
329	-4.5874e-002
330	-5.0158e-002
331	0.
332	0.
333	0.
334	0.
335	0.
336	0.
337	0.
338	-4.3576e-002
339	-3.8668e-002
340	-3.4588e-002
341	-2.9254e-002
342	-2.4467e-002
343	-1.9919e-002
344	-1.5671e-002
345	-1.146e-002
346	-7.895e-003
347	-7.1996e-003
348	0.
349	0.
350	0.
351	0.
352	0.
353	0.
354	0.
355	0.
356	0.
357	0.
358	0.
359	3.594e-002
360	-1.1478e-002
361	-3.9389e-003
362	-5.3971e-003
363	-4.3544e-003
364	-9.3956e-003
365	-1.102e-002
366	-1.1462e-002
367	0.
368	0.
369	0.
370	1.8881e-004
371	5.3867e-004
372	1.1101e-003
373	2.3142e-003
374	4.8897e-003
375	9.129e-003
376	2.5049e-002
377	5.1508e-002
378	5.067e-002
379	4.675e-002
380	4.1159e-002
381	3.6078e-002
382	3.1768e-002
383	2.8175e-002
384	2.2652e-002
385	1.7925e-002
386	1.239e-002
387	5.8568e-003
388	0.
389	0.
390	0.
391	0.
392	0.
393	0.
394	0.
395	0.
396	0.
397	0.
398	0.
399	0.
400	0.
401	0.
402	0.
403	0.
404	0.
405	0.
406	0.
407	0.
408	0.
409	0.
410	0.
411	0.
412	0.
413	0.
414	0.
415	-9.2019e-003
416	8.6542e-003
417	-2.36e-002
418	-7.0756e-003
419	0.
420	0.
421	0.
422	0.
423	0.
424	0.
425	0.
426	0.
427	0.
428	0.
429	0.
430	0.
431	4.8749e-004
432	9.3078e-003
433	4.4531e-004
434	1.8968e-003
435	5.1034e-002
436	5.1452e-003
437	-1.6731e-002
438	-3.8395e-002
439	-2.3849e-002
440	-3.7438e-002
441	-1.3804e-002
442	-2.7209e-002
443	-6.6024e-003
444	-4.316e-002
445	-3.1241e-002
446	-4.2761e-002
447	-9.4326e-003
448	-1.8033e-002
449	-2.9704e-002
450	-3.5303e-002
451	-8.0024e-003
452	-2.4995e-002
453	-4.5149e-002
454	-4.6256e-002
455	2.6202e-002
456	3.4316e-002
457	2.1014e-002
458	6.887e-004
459	1.6723e-002
460	-2.1695e-003
461	2.2137e-002
462	2.9527e-002
463	1.7471e-002
464	2.6912e-002
465	-1.0758e-002
466	-9.7265e-003
467	-2.2405e-003
468	-6.1189e-003
469	-3.8713e-003
470	-9.5656e-003
471	2.0832e-003
472	-3.0693e-003
473	-2.5921e-003
474	-4.0089e-004
