Node Number	Directional Deformation (mm)
1	-3.3988e-004
2	5.1035e-004
3	0.13863
4	9.3229e-002
5	9.5937e-002
6	0.12076
7	0.41313
8	0.78155
9	1.2084
10	1.0616
11	-0.12506
12	-0.17132
13	0.10465
14	2.3272e-003
15	-1.5581e-002
16	1.406e-003
17	1.3956e-003
18	2.6231e-003
19	5.7941e-004
20	1.0408
21	-1.5692e-003
22	1.1788e-004
23	4.0076e-003
24	-2.2521e-003
25	-6.5142e-003
26	4.1756e-002
27	3.5998e-002
28	-0.74108
29	-1.8355
30	-1.2606
31	-0.19357
32	0.49364
33	0.73766
34	0.72438
35	0.86159
36	0.96115
37	7.9293e-003
38	6.5035e-003
39	5.2066e-003
40	7.3219e-003
41	8.5158e-003
42	8.e-003
43	3.2588e-003
44	0.2645
45	8.8517e-003
46	7.6405e-003
47	1.3688e-003
48	-1.715e-002
49	1.7239e-002
50	2.2183e-002
51	4.3676e-002
52	-6.9314e-002
53	0.10955
54	1.7902
55	1.3687
56	0.46641
57	3.1191e-002
58	0.12541
59	0.15002
60	0.19216
61	0.25823
62	0.24605
63	0.19811
64	0.16374
65	0.13022
66	0.12185
67	6.9344e-003
68	-1.9143e-004
69	4.5839e-003
70	4.7549e-003
71	6.1771e-003
72	4.8857e-003
73	6.2276e-003
74	1.1355
75	6.5897e-003
76	1.5576e-002
77	-2.3275e-002
78	4.1044e-002
79	-0.18887
80	-1.2673
81	-0.92244
82	0.31898
83	0.38111
84	0.83348
85	1.0112
86	1.127
87	1.0852
88	1.0464
89	1.0229
90	0.64143
91	-1.2101e-002
92	-5.1755e-002
93	-1.4318
94	1.0985e-002
95	-0.20372
96	0.53859
97	1.1312e-002
98	-2.268
99	0.93856
100	-6.2071e-002
101	-1.0963
102	0.17879
103	0.85683
104	-2.9456e-002
105	0.60176
106	-0.1195
107	-3.4415e-002
108	3.512e-002
109	0.38007
110	-1.9746e-002
111	-0.36121
112	0.17952
113	-3.3218e-003
114	1.0895
115	4.7884e-002
116	5.3405e-003
117	2.6021e-003
118	-3.0091e-002
119	-5.5784e-003
120	9.9818e-003
121	0.16828
122	0.13693
123	0.10617
124	-4.8165e-003
125	-0.40871
126	0.51921
127	0.48197
128	-1.7861e-002
129	-8.5492e-003
130	1.0393e-002
131	0.12258
132	0.89533
133	-2.619e-003
134	-1.8842e-002
135	0.37369
136	0.
137	0.
138	0.
139	0.
140	-5.5788e-013
141	-1.3286e-012
142	-2.5577e-015
143	-7.6211e-013
144	-9.6825e-013
145	-3.3113e-013
146	0.
147	0.
148	-2.5178e-013
149	-3.0172e-013
150	-1.1207e-013
151	-1.1996e-013
152	-2.0564e-013
153	-1.0589e-013
154	0.
155	0.
156	-1.4799e-012
157	-8.0346e-013
158	1.416e-012
159	-2.02e-012
160	-8.9755e-013
161	1.9396e-013
162	0.
163	0.
164	0.
165	0.
166	0.
167	0.
168	0.
169	0.
170	0.
171	0.
172	0.
173	3.925e-015
174	4.1378e-015
175	5.7469e-015
176	5.1003e-016
177	-2.781e-016
178	-1.3517e-015
179	0.
180	0.
181	0.
182	0.
183	0.
184	0.
185	0.
186	0.
187	0.
188	0.
189	0.
190	0.
191	-5.3271e-015
192	-1.1353e-014
193	-1.3482e-014
194	-9.0354e-015
195	-8.0285e-015
196	-4.0471e-015
197	0.
198	0.
199	0.
200	0.
201	0.
202	0.
203	0.
204	0.
205	0.
206	0.
207	0.
208	0.
209	0.
210	0.
211	0.
212	0.
213	0.
214	0.
215	0.
216	0.
217	0.
218	0.
219	0.
220	0.
221	0.
222	0.
223	0.
224	0.
225	0.
226	0.
227	0.
228	0.
229	0.
230	0.
231	0.
232	0.
233	0.
234	0.
235	0.
236	0.
237	0.
238	6.7352e-014
239	9.0806e-014
240	9.9108e-014
241	5.2887e-014
242	3.1871e-014
243	5.8077e-015
244	-2.9634e-012
245	-3.8375e-013
246	-1.6842e-013
247	-3.0849e-012
248	-3.8852e-013
249	7.3267e-013
250	0.
251	-2.5579e-013
252	1.2576e-013
253	9.8581e-014
254	7.0911e-014
255	7.4671e-013
256	-6.8994e-014
257	-2.1445e-014
258	-1.7303e-012
259	6.347e-014
260	1.0988e-012
261	-9.931e-015
262	4.3993e-013
263	-5.4921e-015
264	-1.9959e-014
265	-7.2871e-015
266	2.9712e-013
267	-1.242e-015
268	2.1983e-014
269	-3.0518e-014
270	1.3783e-014
271	4.7402e-014
272	2.1765e-015
273	3.437e-014
274	7.2859e-015
275	5.8865e-015
276	1.6113e-014
277	-7.1576e-014
278	-2.4278e-015
279	-5.9077e-016
280	1.6992e-015
281	-1.3142e-014
282	5.8943e-015
283	8.0969e-015
284	-1.5417e-013
285	4.381e-014
286	1.6145e-013
287	-1.1983e-012
288	0.
289	0.
290	-6.6746e-014
291	-5.4919e-013
292	3.3911e-014
293	7.8877e-013
294	-4.017e-014
295	1.2578e-015
296	-2.2176e-013
297	-2.8193e-013
298	1.0989e-013
299	2.6849e-013
300	4.0453e-015
301	-1.2628e-013
302	-1.9135e-013
303	4.6013e-006
304	6.5576e-006
305	5.2071e-006
306	1.5425e-005
307	6.5927e-006
308	5.7139e-006
309	5.5232e-006
310	1.2415e-005
311	1.3107e-005
312	1.1748e-005
313	4.7598e-006
314	9.7833e-006
315	3.953e-006
316	4.7826e-006
317	3.9577e-006
318	3.3072e-006
319	3.7619e-006
320	4.1116e-006
321	0.
322	2.1326e-007
323	5.6271e-007
324	8.9467e-007
325	1.0462e-006
326	1.0172e-006
327	9.7972e-007
328	1.2403e-006
329	1.3713e-006
330	1.8813e-006
331	0.
332	0.
333	0.
334	0.
335	0.
336	0.
337	0.
338	4.572e-006
339	4.2225e-006
340	3.9212e-006
341	3.6005e-006
342	3.1136e-006
343	2.5274e-006
344	1.8936e-006
345	1.2295e-006
346	5.2422e-007
347	8.0962e-006
348	0.
349	0.
350	0.
351	0.
352	0.
353	0.
354	0.
355	0.
356	0.
357	0.
358	0.
359	7.9138e-006
360	6.1291e-006
361	6.0941e-006
362	8.8143e-006
363	9.1168e-006
364	3.9168e-006
365	6.0707e-006
366	5.4694e-006
367	0.
368	0.
369	0.
370	6.1014e-008
371	1.5767e-007
372	3.0392e-007
373	5.6459e-007
374	1.0992e-006
375	2.8907e-006
376	5.9872e-006
377	1.1942e-005
378	1.2211e-005
379	1.0919e-005
380	9.7522e-006
381	8.377e-006
382	7.1191e-006
383	5.9682e-006
384	4.6984e-006
385	3.4867e-006
386	2.3028e-006
387	1.1102e-006
388	0.
389	0.
390	0.
391	0.
392	0.
393	0.
394	0.
395	0.
396	0.
397	0.
398	0.
399	0.
400	0.
401	0.
402	0.
403	0.
404	0.
405	0.
406	0.
407	0.
408	0.
409	0.
410	0.
411	0.
412	0.
413	0.
414	0.
415	4.487e-006
416	5.4096e-006
417	2.7767e-006
418	1.7942e-006
419	0.
420	0.
421	0.
422	0.
423	0.
424	0.
425	0.
426	0.
427	0.
428	0.
429	0.
430	0.
431	4.1172e-008
432	5.1825e-006
433	1.5594e-007
434	6.1156e-007
435	1.2481e-005
436	4.2895e-007
437	1.7503e-006
438	2.1287e-006
439	1.6648e-006
440	3.4049e-006
441	6.36e-007
442	2.7214e-006
443	5.8562e-007
444	2.898e-006
445	1.4809e-006
446	3.9294e-006
447	4.0567e-007
448	8.8012e-007
449	2.4698e-006
450	3.5005e-006
451	8.7377e-007
452	2.9563e-006
453	2.5554e-006
454	3.1575e-006
455	5.8417e-006
456	7.4484e-006
457	3.6649e-006
458	4.5751e-007
459	4.5959e-006
460	3.2635e-006
461	3.8943e-006
462	5.9281e-006
463	3.3825e-006
464	1.0494e-005
465	4.7461e-006
466	6.9916e-006
467	3.5231e-006
468	6.7282e-007
469	8.2307e-007
470	4.8062e-006
471	7.0461e-006
472	6.3439e-006
473	4.7208e-006
474	2.1799e-006
