Node Number	Directional Deformation (mm)
1	-5.541e-004
2	6.6625e-004
3	0.10697
4	5.586e-002
5	5.3376e-002
6	7.3462e-002
7	0.36149
8	0.72775
9	1.1541
10	1.0212
11	-0.13667
12	-0.1669
13	9.6998e-002
14	1.5792e-003
15	-1.6107e-002
16	1.2096e-003
17	1.563e-003
18	2.6731e-003
19	4.7636e-004
20	1.0424
21	-1.4935e-003
22	3.4226e-005
23	3.8864e-003
24	-2.1817e-003
25	-6.8199e-003
26	3.9152e-002
27	3.5217e-002
28	-0.72728
29	-1.8192
30	-1.2621
31	-0.20714
32	0.47681
33	0.72096
34	0.711
35	0.8529
36	0.95728
37	7.4789e-003
38	6.2439e-003
39	5.2153e-003
40	7.408e-003
41	8.5266e-003
42	7.7818e-003
43	3.0524e-003
44	0.23947
45	8.5951e-003
46	7.965e-003
47	1.7526e-003
48	-1.6937e-002
49	1.4925e-002
50	2.1798e-002
51	4.2922e-002
52	-6.8574e-002
53	9.7953e-002
54	1.7474
55	1.3169
56	0.41753
57	-1.423e-002
58	8.5019e-002
59	0.11452
60	0.16186
61	0.23173
62	0.2184
63	0.16931
64	0.13381
65	9.9431e-002
66	9.0488e-002
67	6.7224e-003
68	-1.264e-004
69	4.5798e-003
70	4.859e-003
71	6.3185e-003
72	4.8222e-003
73	5.986e-003
74	1.1435
75	6.3268e-003
76	1.5849e-002
77	-2.2507e-002
78	3.8474e-002
79	-0.18758
80	-1.2471
81	-0.92771
82	0.30178
83	0.36821
84	0.82734
85	1.0119
86	1.1329
87	1.0894
88	1.0493
89	1.025
90	0.62653
91	-1.3181e-002
92	-5.039e-002
93	-1.4257
94	1.1457e-002
95	-0.19792
96	0.52535
97	1.1238e-002
98	-2.254
99	0.93323
100	-6.2132e-002
101	-1.0732
102	0.16288
103	0.85008
104	-2.8019e-002
105	0.55439
106	-0.11843
107	-3.4011e-002
108	3.4913e-002
109	0.33067
110	-1.9789e-002
111	-0.37067
112	0.13701
113	-2.1721e-003
114	1.0409
115	4.7008e-002
116	5.5863e-003
117	-3.8457e-002
118	-3.0514e-002
119	-7.2229e-003
120	9.9803e-003
121	0.13265
122	0.10214
123	6.1672e-002
124	-3.8342e-003
125	-0.43055
126	0.47372
127	0.46272
128	-1.585e-002
129	-9.6329e-003
130	1.0658e-002
131	8.7903e-002
132	0.84764
133	-1.0464e-003
134	-1.925e-002
135	0.32123
136	0.
137	0.
138	0.
139	0.
140	-5.5864e-013
141	-1.3562e-012
142	-2.5854e-014
143	-7.1865e-013
144	-9.3612e-013
145	-3.2453e-013
146	0.
147	0.
148	-2.4455e-013
149	-2.9423e-013
150	-1.1508e-013
151	-1.2753e-013
152	-2.1742e-013
153	-1.1145e-013
154	0.
155	0.
156	-1.4532e-012
157	-8.943e-013
158	1.3641e-012
159	-1.905e-012
160	-8.9354e-013
161	1.7118e-013
162	0.
163	0.
164	0.
165	0.
166	0.
167	0.
168	0.
169	0.
170	0.
171	0.
172	0.
173	3.0294e-015
174	2.6644e-015
175	4.0284e-015
176	-1.1354e-015
177	-1.5019e-015
178	-1.997e-015
179	0.
180	0.
181	0.
182	0.
183	0.
184	0.
185	0.
186	0.
187	0.
188	0.
189	0.
190	0.
191	-5.8996e-015
192	-1.2462e-014
193	-1.497e-014
194	-1.0644e-014
195	-9.4584e-015
196	-4.9294e-015
197	0.
198	0.
199	0.
200	0.
201	0.
202	0.
203	0.
204	0.
205	0.
206	0.
207	0.
208	0.
209	0.
210	0.
211	0.
212	0.
213	0.
214	0.
215	0.
216	0.
217	0.
218	0.
219	0.
220	0.
221	0.
222	0.
223	0.
224	0.
225	0.
226	0.
227	0.
228	0.
229	0.
230	0.
231	0.
232	0.
233	0.
234	0.
235	0.
236	0.
237	0.
238	6.5958e-014
239	8.9237e-014
240	9.7147e-014
241	4.9618e-014
242	3.0258e-014
243	2.8512e-015
244	-2.9995e-012
245	-4.9517e-013
246	-1.6464e-013
247	-3.0145e-012
248	-3.4248e-013
249	6.9576e-013
250	0.
251	-2.589e-013
252	1.0181e-013
253	8.8154e-014
254	7.0476e-014
255	6.9118e-013
256	-7.3259e-014
257	-3.9854e-014
258	-1.6992e-012
259	5.9525e-014
260	1.0597e-012
261	-1.1712e-014
262	4.2544e-013
263	-7.9989e-015
264	-2.1627e-014
265	-8.8755e-015
266	2.7125e-013
267	-9.2939e-015
268	1.9779e-014
269	-3.1834e-014
270	1.1105e-014
271	4.4617e-014
272	4.1886e-016
273	3.0455e-014
274	5.4292e-015
275	1.8111e-015
276	1.459e-014
277	-7.3482e-014
278	-3.2143e-015
279	-1.7115e-015
280	-1.8473e-015
281	-1.522e-014
282	4.7063e-015
283	6.9804e-015
284	-1.4919e-013
285	3.6277e-014
286	1.5525e-013
287	-1.1611e-012
288	0.
289	0.
290	-7.1107e-014
291	-5.3683e-013
292	3.0495e-014
293	7.5954e-013
294	-4.0688e-014
295	4.826e-016
296	-2.4034e-013
297	-2.9263e-013
298	1.0193e-013
299	2.5424e-013
300	3.0464e-015
301	-1.2821e-013
302	-1.992e-013
303	4.6013e-006
304	6.5576e-006
305	5.2071e-006
306	1.5425e-005
307	6.5927e-006
308	5.7139e-006
309	5.5232e-006
310	1.2415e-005
311	1.3107e-005
312	1.1748e-005
313	4.7598e-006
314	9.7833e-006
315	3.953e-006
316	4.7826e-006
317	3.9577e-006
318	3.3072e-006
319	3.7619e-006
320	4.1116e-006
321	0.
322	2.1326e-007
323	5.6271e-007
324	8.9467e-007
325	1.0462e-006
326	1.0172e-006
327	9.7972e-007
328	1.2403e-006
329	1.3713e-006
330	1.8813e-006
331	0.
332	0.
333	0.
334	0.
335	0.
336	0.
337	0.
338	4.572e-006
339	4.2225e-006
340	3.9212e-006
341	3.6005e-006
342	3.1136e-006
343	2.5274e-006
344	1.8936e-006
345	1.2295e-006
346	5.2422e-007
347	8.0962e-006
348	0.
349	0.
350	0.
351	0.
352	0.
353	0.
354	0.
355	0.
356	0.
357	0.
358	0.
359	7.9138e-006
360	6.1291e-006
361	6.0941e-006
362	8.8143e-006
363	9.1168e-006
364	3.9168e-006
365	6.0707e-006
366	5.4694e-006
367	0.
368	0.
369	0.
370	6.1014e-008
371	1.5767e-007
372	3.0392e-007
373	5.6459e-007
374	1.0992e-006
375	2.8907e-006
376	5.9872e-006
377	1.1942e-005
378	1.2211e-005
379	1.0919e-005
380	9.7522e-006
381	8.377e-006
382	7.1191e-006
383	5.9682e-006
384	4.6984e-006
385	3.4867e-006
386	2.3028e-006
387	1.1102e-006
388	0.
389	0.
390	0.
391	0.
392	0.
393	0.
394	0.
395	0.
396	0.
397	0.
398	0.
399	0.
400	0.
401	0.
402	0.
403	0.
404	0.
405	0.
406	0.
407	0.
408	0.
409	0.
410	0.
411	0.
412	0.
413	0.
414	0.
415	4.487e-006
416	5.4096e-006
417	2.7767e-006
418	1.7942e-006
419	0.
420	0.
421	0.
422	0.
423	0.
424	0.
425	0.
426	0.
427	0.
428	0.
429	0.
430	0.
431	4.1172e-008
432	5.1825e-006
433	1.5594e-007
434	6.1156e-007
435	1.2481e-005
436	4.2895e-007
437	1.7503e-006
438	2.1287e-006
439	1.6648e-006
440	3.4049e-006
441	6.36e-007
442	2.7214e-006
443	5.8562e-007
444	2.898e-006
445	1.4809e-006
446	3.9294e-006
447	4.0567e-007
448	8.8012e-007
449	2.4698e-006
450	3.5005e-006
451	8.7377e-007
452	2.9563e-006
453	2.5554e-006
454	3.1575e-006
455	5.8417e-006
456	7.4484e-006
457	3.6649e-006
458	4.5751e-007
459	4.5959e-006
460	3.2635e-006
461	3.8943e-006
462	5.9281e-006
463	3.3825e-006
464	1.0494e-005
465	4.7461e-006
466	6.9916e-006
467	3.5231e-006
468	6.7282e-007
469	8.2307e-007
470	4.8062e-006
471	7.0461e-006
472	6.3439e-006
473	4.7208e-006
474	2.1799e-006
