Node Number	Equivalent (von-Mises) Stress (MPa)
1	7.1913
2	4.8788
3	19.657
4	33.818
5	60.938
6	224.42
7	203.17
8	213.44
9	193.18
10	374.97
11	421.51
12	792.69
13	710.78
14	1070.8
15	136.98
16	59.055
17	11.021
18	22.745
19	10.84
20	15.579
21	6.4361
22	17.465
23	14.848
24	46.044
25	112.04
26	731.11
27	768.32
28	1264.8
29	721.36
30	460.19
31	464.46
32	481.5
33	90.173
34	230.81
35	110.28
36	16.796
37	16.977
38	8.1565
39	3.7116
40	5.6797
41	5.1471
42	8.5534
43	8.2503
44	4.6703
45	7.1885
46	15.982
47	33.205
48	134.84
49	92.984
50	634.09
51	381.58
52	1160.7
53	668.66
54	666.17
55	484.22
56	326.8
57	102.79
58	79.7
59	74.755
60	8.4268
61	6.4559
62	15.647
63	7.2864
64	11.141
65	20.117
66	20.704
67	11.899
68	5.7515
69	6.6327
70	6.271
71	14.288
72	5.8493
73	5.3875
74	5.0424
75	3.8349
76	70.156
77	135.98
78	260.67
79	638.04
80	1110.5
81	386.43
82	244.57
83	172.15
84	97.499
85	22.672
86	7.8977
87	8.854
88	27.012
89	9.2443
90	103.7
91	436.01
92	38.429
93	190.25
94	23.705
95	407.84
96	227.47
97	12.447
98	334.65
99	33.214
100	192.15
101	832.39
102	202.24
103	46.031
104	69.783
105	130.43
106	336.65
107	129.07
108	739.78
109	285.77
110	68.067
111	1349.7
112	186.7
113	35.164
114	253.74
115	474.8
116	10.153
117	120.46
118	637.35
119	675.16
120	7.8278
121	35.4
122	374.07
123	88.622
124	42.294
125	440.74
126	172.21
127	532.31
128	519.45
129	385.83
130	4.6429
131	24.086
132	245.87
133	576.28
134	91.899
135	223.83
136	1066.1
137	240.47
138	381.8
139	382.89
140	241.5
141	194.26
142	182.87
143	183.26
144	237.92
145	312.16
146	528.59
147	518.53
148	640.33
149	450.89
150	426.45
151	289.85
152	302.54
153	642.16
154	4.2943
155	221.11
156	188.5
157	145.14
158	109.95
159	56.645
160	20.583
161	7.8898
162	3.7755
163	2.7458
164	3.6065
165	3.8823
166	4.5145
167	2.9332
168	2.2339
169	2.4569
170	3.3319
171	289.07
172	152.32
173	98.473
174	63.29
175	49.539
176	19.123
177	8.7789
178	5.4063
179	4.7494
180	1067.2
181	1507.4
182	920.69
183	1863.1
184	529.51
185	507.39
186	879.81
187	740.29
188	1070.6
189	807.21
190	754.88
191	905.85
192	1314.1
193	366.18
194	295.14
195	959.8
196	20.34
197	16.831
198	18.437
199	62.381
200	75.3
201	127.02
202	399.08
203	6.4868
204	14.619
205	4.2053
206	2.7677
207	7.0493
208	15.514
209	32.102
210	92.296
211	124.28
212	144.29
213	153.81
214	178.56
215	185.15
216	371.48
217	610.9
218	569.87
219	268.55
220	65.038
221	65.038
222	47.054
223	29.581
224	29.661
225	35.41
226	46.998
227	45.785
228	117.98
229	214.3
230	428.69
231	15.721
232	9.1302
233	8.1147
234	22.881
235	19.74
236	25.042
237	2.8469
238	21.786
239	283.13
240	2.8499
241	2.7998
242	3.5433
243	1.2261
244	2.6757
245	2.6211
246	574.52
247	32.983
248	398.01
249	90.416
250	1.9455
251	65.799
252	4.4254
253	20.184
254	96.342
255	12.653
256	100.54
257	51.28
258	301.95
259	31.238
260	433.79
261	28.097
262	34.439
263	260.12
264	77.495
265	236.45
266	27.902
267	9.3833
268	74.38
269	37.455
270	5.738
271	98.084
272	4.4897
273	26.29
274	134.71
275	18.371
276	4.9638
277	6.8642
278	90.005
279	171.46
280	2.4597
281	103.64
282	314.46
283	113.15
284	7.1684
285	64.875
286	40.393
287	322.2
288	28.445
289	567.77
290	349.96
291	320.81
292	79.127
293	16.928
294	760.97
295	13.232
296	3.8248
297	274.86
298	1381.6
299	743.55
300	557.32
301	510.49
302	508.44
303	466.9
304	515.15
305	224.26
306	441.2
307	259.3
308	210.42
309	403.59
310	501.75
311	755.39
312	981.51
313	1150.9
314	7.7797
315	604.26
316	281.72
317	146.6
318	89.471
319	34.607
320	12.269
321	166.42
322	70.654
323	41.035
324	17.417
325	4.1112
326	11.966
327	9.6636
328	854.57
329	638.94
330	731.87
331	155.51
332	166.42
333	147.68
334	260.24
335	735.59
336	510.81
337	625.86
338	762.37
339	726.23
340	720.12
341	726.64
342	730.22
343	626.16
344	663.94
345	870.65
346	417.5
347	570.12
348	512.96
349	494.72
350	391.44
351	303.49
352	716.3
353	462.17
354	294.48
355	207.52
356	207.49
357	203.24
358	222.16
359	245.18
360	276.07
361	310.07
362	183.09
363	335.39
364	7.9562
365	26.514
366	70.882
367	151.7
368	250.34
369	465.47
370	635.08
371	1200.8
372	812.75
373	368.52
374	189.72
375	119.5
376	112.66
377	120.21
378	44.384
379	53.892
380	95.409
381	70.185
382	139.94
383	367.71
384	368.85
385	283.85
386	189.69
387	255.49
388	230.57
389	204.08
390	323.79
391	203.49
392	332.13
393	498.69
394	373.75
395	318.93
396	287.73
397	392.82
398	381.54
399	91.513
400	130.05
401	112.9
402	127.71
403	57.86
404	38.963
405	22.237
406	12.849
407	15.049
408	405.28
409	167.75
410	539.91
411	520.22
412	541.
413	100.28
414	170.29
415	67.516
416	30.289
417	153.45
418	179.13
419	154.77
420	355.14
421	202.71
422	360.34
423	197.02
424	352.57
425	238.17
426	316.97
427	438.32
428	267.6
429	298.44
430	245.29
431	91.205
432	106.15
433	409.47
434	35.514
435	802.24
436	28.446
437	49.977
438	555.51
439	314.17
440	512.58
441	54.591
442	85.799
443	122.83
444	328.99
445	188.15
446	367.78
447	378.91
448	517.15
449	86.565
450	264.61
451	632.76
452	173.99
453	169.63
454	263.16
