Node Number	Equivalent (von-Mises) Stress (MPa)
1	4.4078
2	2.1492
3	0.35651
4	0.57951
5	1.7472
6	2.4091
7	5.8432
8	8.267
9	6.1735
10	14.383
11	27.093
12	68.875
13	49.119
14	199.62
15	45.606
16	55.324
17	13.812
18	11.205
19	6.9024
20	0.19794
21	2.4496
22	6.78
23	12.152
24	32.855
25	48.088
26	125.83
27	87.85
28	190.85
29	14.949
30	24.326
31	8.1247
32	7.6453
33	6.0128
34	4.4194
35	2.7032
36	0.63256
37	16.312
38	9.8434
39	4.7776
40	2.9614
41	5.2455
42	7.2926
43	5.99
44	0.31912
45	9.7023
46	16.367
47	21.248
48	62.591
49	52.753
50	103.83
51	70.488
52	70.015
53	40.024
54	7.3183
55	12.202
56	7.724
57	7.4996
58	1.8174
59	2.406
60	0.8168
61	0.39996
62	1.5704
63	1.1629
64	1.2182
65	0.81417
66	0.48571
67	13.549
68	4.3017
69	3.2326
70	4.3587
71	10.785
72	4.6618
73	8.1705
74	0.65165
75	8.6288
76	32.002
77	48.026
78	42.432
79	31.335
80	43.924
81	7.3159
82	11.616
83	10.129
84	4.2185
85	1.8065
86	0.91737
87	1.7804
88	2.0748
89	0.72031
90	3.5172
91	46.008
92	11.963
93	17.374
94	12.869
95	37.176
96	4.0586
97	6.5565
98	11.489
99	1.5127
100	19.811
101	57.196
102	4.008
103	1.234
104	19.898
105	5.6945
106	50.904
107	39.238
108	39.017
109	3.3512
110	25.305
111	23.594
112	2.4685
113	16.988
114	7.4404
115	39.427
116	6.6751
117	1.3874
118	64.235
119	48.514
120	2.6304
121	1.4433
122	15.029
123	4.1508
124	22.079
125	14.788
126	9.2012
127	21.543
128	36.896
129	79.393
130	3.2642
131	1.0298
132	9.3689
133	53.4
134	32.458
135	4.3108
136	51.792
137	2.9141
138	4.6883
139	4.0693
140	3.3382
141	3.3483
142	3.7888
143	4.3923
144	6.5492
145	5.8475
146	7.306
147	5.2765
148	28.94
149	24.468
150	21.503
151	21.95
152	15.204
153	40.611
154	0.20676
155	2.6026
156	1.9241
157	1.28
158	0.89846
159	0.56272
160	0.3258
161	0.23495
162	0.23355
163	0.16758
164	0.18288
165	0.1325
166	8.7275e-002
167	8.9353e-002
168	7.7564e-002
169	7.9801e-002
170	0.13704
171	3.5256
172	2.1198
173	1.7804
174	1.1358
175	0.55438
176	0.23248
177	0.21983
178	0.19066
179	0.1641
180	62.374
181	66.41
182	37.096
183	121.48
184	49.077
185	40.416
186	59.352
187	40.82
188	105.05
189	45.109
190	43.916
191	45.209
192	69.979
193	35.434
194	71.214
195	59.704
196	2.7908
197	0.98566
198	1.2866
199	5.2327
200	7.1923
201	5.6565
202	67.827
203	0.43012
204	1.7073
205	0.1843
206	0.21252
207	0.25688
208	0.31978
209	0.4195
210	0.92904
211	1.1988
212	1.2648
213	1.8165
214	2.7021
215	2.8274
216	8.1569
217	13.389
218	15.11
219	11.466
220	5.5118
221	5.5118
222	2.6406
223	1.5363
224	0.27498
225	2.8812
226	5.8694
227	14.347
228	14.924
229	10.891
230	20.989
231	2.5085
232	2.0671
233	4.0626
234	5.1886
235	6.8419
236	2.6307
237	0.19681
238	3.1322
239	3.1393
240	0.16582
241	0.11848
242	9.4427e-002
243	8.7115e-002
244	0.10371
245	0.15287
246	25.93
247	2.6204
248	6.8993
249	9.4517
250	8.2917e-002
251	0.62134
252	0.216
253	0.31396
254	1.4587
255	0.26819
256	8.5209
257	6.2094
258	10.234
259	9.5277
260	20.459
261	5.8737
262	4.5883
263	29.802
264	13.134
265	14.536
266	2.2429
267	0.15957
268	1.0033
269	0.68651
270	0.16035
271	2.7564
272	0.13425
273	0.28093
274	2.4035
275	0.30285
276	0.10033
277	0.24383
278	1.1839
279	2.771
280	0.13683
281	8.5312
282	13.02
283	7.5718
284	0.2039
285	1.0802
286	0.70883
287	23.639
288	5.1207
289	23.872
290	21.267
291	19.201
292	3.679
293	2.3998
294	25.957
295	0.91764
296	0.15198
297	17.352
298	5.5098e-002
299	4.8651e-002
300	9.584e-003
301	1.7247e-002
302	1.7865e-002
303	1.6014e-002
304	1.1876e-002
305	5.0206e-003
306	9.5577e-003
307	1.6205e-002
308	1.3677e-002
309	1.2043e-002
310	4.8216e-003
311	1.8782e-002
312	3.9156e-002
313	2.0379e-002
314	7.4163e-005
315	7.2634e-003
316	1.9643e-003
317	6.1932e-004
318	3.1496e-004
319	1.7187e-004
320	8.6111e-005
321	3.0311e-004
322	2.0298e-004
323	1.1591e-004
324	5.7722e-005
325	5.0409e-005
326	1.0892e-004
327	9.2261e-005
328	3.7054e-003
329	2.723e-003
330	2.3862e-003
331	9.8024e-004
332	3.0311e-004
333	2.8262e-004
334	3.787e-003
335	1.1535e-002
336	8.6047e-003
337	1.7097e-002
338	1.195e-002
339	3.0979e-002
340	2.4585e-002
341	8.5955e-003
342	3.8552e-003
343	8.1193e-003
344	7.0252e-003
345	1.1654e-002
346	4.3523e-003
347	4.7101e-003
348	3.3417e-003
349	1.0066e-002
350	1.1719e-002
351	8.6192e-003
352	9.1994e-004
353	3.5014e-004
354	2.4651e-004
355	2.9683e-004
356	3.4414e-004
357	4.733e-004
358	4.727e-004
359	7.0371e-004
360	8.5167e-004
361	1.5642e-003
362	3.3133e-004
363	2.0744e-004
364	5.4541e-005
365	1.2605e-004
366	2.3762e-004
367	7.3062e-004
368	1.6861e-003
369	3.5577e-003
370	1.9396e-002
371	3.3151e-002
372	9.8992e-003
373	4.1823e-003
374	9.8305e-004
375	3.5583e-004
376	4.192e-004
377	4.596e-004
378	5.374e-004
379	3.362e-004
380	5.4108e-004
381	4.6603e-004
382	5.4377e-004
383	3.3563e-004
384	3.1271e-003
385	1.3175e-003
386	5.1157e-004
387	4.6908e-004
388	4.3321e-004
389	5.7259e-004
390	9.2755e-004
391	3.7154e-004
392	3.4033e-004
393	4.7696e-004
394	3.7184e-004
395	3.7823e-004
396	4.2503e-004
397	5.5289e-004
398	4.3122e-004
399	1.0659e-003
400	3.6005e-004
401	1.657e-003
402	3.2942e-004
403	2.0459e-004
404	1.8342e-004
405	1.6236e-004
406	1.0974e-004
407	1.0162e-004
408	3.9071e-003
409	1.2785e-003
410	5.9981e-003
411	8.3897e-003
412	2.4025e-003
413	3.0187e-004
414	5.4684e-004
415	5.1709e-004
416	2.0112e-004
417	1.1069e-003
418	3.4764e-003
419	2.6754e-004
420	5.2389e-004
421	1.6881e-004
422	1.1203e-003
423	2.1484e-004
424	5.233e-004
425	4.6124e-004
426	1.2241e-003
427	4.561e-004
428	1.9295e-003
429	6.302e-004
430	2.9383e-004
431	6.8591e-004
432	8.9616e-004
433	3.7084e-003
434	2.7798e-004
435	1.0324e-002
436	1.6567e-004
437	3.1727e-004
438	2.7319e-003
439	1.9273e-003
440	4.9507e-003
441	1.7409e-004
442	3.1056e-004
443	5.9223e-004
444	2.0948e-003
445	5.2518e-003
446	2.1605e-003
447	1.9992e-003
448	5.7647e-003
449	1.6777e-004
450	1.6783e-004
451	1.0958e-002
452	1.8882e-003
453	4.2497e-004
454	3.4262e-003
