Node Number	Equivalent (von-Mises) Stress (MPa)
1	3.314
2	2.2835
3	5.4345
4	8.4273
5	13.637
6	13.234
7	24.291
8	61.532
9	30.754
10	86.169
11	132.81
12	231.48
13	105.81
14	285.58
15	84.052
16	24.697
17	9.4396
18	5.55
19	3.1207
20	3.759
21	2.2112
22	4.873
23	4.7131
24	16.07
25	67.526
26	207.09
27	287.87
28	401.89
29	131.99
30	169.7
31	58.072
32	30.1
33	18.969
34	22.384
35	15.307
36	1.2191
37	4.6719
38	1.1949
39	2.6796
40	4.3549
41	3.857
42	3.6739
43	2.551
44	1.063
45	1.4916
46	12.913
47	10.459
48	25.382
49	53.707
50	217.51
51	91.757
52	110.45
53	153.38
54	142.86
55	56.488
56	28.746
57	30.019
58	6.8032
59	9.3678
60	2.8566
61	1.6114
62	10.896
63	6.7569
64	2.855
65	5.7222
66	5.8957
67	1.9346
68	1.5224
69	2.9022
70	3.5659
71	6.4831
72	5.1262
73	1.6671
74	2.2313
75	6.0454
76	22.691
77	33.469
78	125.02
79	164.86
80	212.57
81	132.59
82	55.289
83	41.078
84	14.568
85	5.525
86	3.2446
87	8.2902
88	11.151
89	3.6202
90	17.088
91	171.88
92	20.158
93	143.68
94	5.4696
95	146.97
96	19.821
97	4.1396
98	87.797
99	4.3152
100	84.027
101	155.57
102	22.035
103	2.2273
104	51.43
105	21.516
106	63.116
107	74.725
108	185.15
109	24.768
110	27.715
111	200.98
112	10.799
113	11.617
114	41.749
115	225.78
116	4.6623
117	4.9652
118	26.913
119	63.482
120	3.8426
121	6.1922
122	144.64
123	15.398
124	14.846
125	68.242
126	49.522
127	112.19
128	49.38
129	133.13
130	4.6172
131	4.9239
132	47.626
133	149.86
134	41.856
135	19.995
136	88.541
137	28.705
138	43.827
139	52.079
140	28.046
141	22.918
142	23.414
143	26.642
144	28.098
145	43.133
146	72.313
147	72.262
148	79.823
149	57.432
150	44.123
151	31.758
152	37.444
153	48.667
154	1.0904
155	25.112
156	18.189
157	10.211
158	5.7065
159	1.6447
160	1.5472
161	1.3015
162	1.1599
163	1.038
164	1.1265
165	0.84429
166	0.64406
167	0.47827
168	0.50841
169	0.56767
170	0.95724
171	37.992
172	18.965
173	10.308
174	7.2414
175	3.7598
176	2.1461
177	1.5906
178	1.3414
179	1.0553
180	109.79
181	121.65
182	122.14
183	132.61
184	44.562
185	47.217
186	99.58
187	95.801
188	123.58
189	140.52
190	121.53
191	139.97
192	207.31
193	65.394
194	41.528
195	95.557
196	1.7986
197	2.2141
198	2.4303
199	16.172
200	19.316
201	14.713
202	53.168
203	2.3233
204	1.6079
205	1.172
206	1.0968
207	1.2185
208	1.3136
209	1.3723
210	2.1558
211	3.4664
212	10.624
213	14.375
214	20.263
215	21.53
216	42.482
217	68.204
218	69.066
219	33.475
220	11.763
221	11.763
222	6.948
223	4.3919
224	2.4271
225	5.6871
226	10.098
227	15.775
228	23.004
229	29.828
230	73.462
231	1.6533
232	3.0133
233	3.9675
234	5.7886
235	7.5813
236	5.2144
237	1.2232
238	6.2555
239	36.592
240	0.91691
241	0.72964
242	0.64263
243	0.61446
244	0.61823
245	0.9042
246	96.145
247	6.2238
248	54.234
249	11.542
250	0.45017
251	3.9347
252	1.021
253	1.3752
254	14.374
255	1.4166
256	20.532
257	20.97
258	60.087
259	12.077
260	95.24
261	8.9947
262	10.13
263	45.577
264	22.812
265	44.383
266	7.2643
267	2.1243
268	7.2343
269	4.6257
270	1.3089
271	12.534
272	0.90762
273	3.0193
274	15.141
275	2.2302
276	0.69026
277	1.3068
278	13.424
279	22.742
280	0.81781
281	19.299
282	44.817
283	23.153
284	1.437
285	7.415
286	2.4379
287	58.408
288	10.812
289	83.893
290	49.428
291	46.375
292	7.6649
293	7.0876
294	70.526
295	2.2511
296	0.98634
297	41.208
298	97.607
299	42.06
300	105.57
301	20.364
302	68.12
303	75.727
304	78.188
305	32.706
306	73.74
307	39.775
308	39.435
309	63.441
310	48.96
311	70.765
312	75.855
313	89.49
314	1.2003
315	74.163
316	34.69
317	18.684
318	11.83
319	4.8712
320	1.8126
321	23.063
322	9.9272
323	5.8279
324	2.4884
325	0.58035
326	1.8073
327	1.4801
328	117.28
329	88.09
330	100.
331	21.708
332	23.063
333	20.488
334	33.657
335	65.544
336	58.501
337	29.981
338	62.799
339	42.004
340	40.035
341	55.96
342	59.225
343	58.546
344	131.54
345	116.57
346	79.513
347	96.089
348	67.099
349	48.878
350	46.62
351	38.47
352	108.17
353	70.015
354	44.506
355	30.761
356	31.073
357	30.02
358	32.115
359	33.866
360	37.698
361	38.925
362	28.164
363	51.143
364	1.1367
365	3.7477
366	9.3588
367	18.086
368	30.611
369	58.956
370	75.822
371	84.484
372	71.63
373	49.66
374	31.992
375	15.057
376	15.411
377	19.167
378	7.5331
379	9.0263
380	14.744
381	10.671
382	21.301
383	59.26
384	76.547
385	43.934
386	32.833
387	46.425
388	41.004
389	35.206
390	53.468
391	32.875
392	53.072
393	76.071
394	57.486
395	49.806
396	45.715
397	62.246
398	60.879
399	12.543
400	19.91
401	23.461
402	17.712
403	8.1696
404	5.5868
405	3.2451
406	1.9423
407	2.2212
408	77.861
409	40.158
410	46.108
411	112.04
412	74.708
413	17.774
414	23.734
415	9.5572
416	4.3227
417	22.758
418	14.122
419	26.632
420	52.542
421	31.188
422	57.433
423	29.857
424	55.485
425	40.749
426	40.718
427	67.341
428	38.321
429	48.266
430	39.522
431	12.862
432	15.047
433	54.022
434	5.1349
435	99.353
436	4.0839
437	7.043
438	76.58
439	43.524
440	64.41
441	7.6694
442	11.922
443	17.146
444	47.416
445	30.489
446	68.635
447	46.486
448	55.621
449	14.555
450	40.657
451	58.356
452	20.678
453	24.324
454	32.266
