Node Number	Directional Deformation (mm)
1	1.8751e-003
2	2.225e-003
3	-20.41
4	-19.319
5	-18.07
6	-16.71
7	-14.945
8	-12.976
9	-10.869
10	-8.3019
11	-5.5452
12	-2.6969
13	-0.13316
14	0.11195
15	3.1517e-002
16	6.5381e-003
17	-3.8539e-003
18	7.9479e-004
19	2.2262e-003
20	-20.482
21	3.1274e-003
22	2.512e-004
23	-6.05e-003
24	9.8199e-003
25	3.2053e-002
26	0.10283
27	-0.32085
28	-2.732
29	-5.6679
30	-8.501
31	-10.953
32	-13.06
33	-15.004
34	-16.765
35	-18.114
36	-19.338
37	4.3413e-003
38	9.8759e-003
39	8.3675e-003
40	9.2267e-003
41	9.2727e-003
42	6.7026e-003
43	4.9282e-003
44	-20.262
45	4.6664e-003
46	-5.3045e-003
47	-2.4876e-002
48	-2.8428e-002
49	0.10207
50	0.10858
51	-0.38136
52	-2.3765
53	-5.0903
54	-8.1997
55	-10.52
56	-12.507
57	-14.339
58	-15.915
59	-17.458
60	-18.895
61	-20.318
62	-20.343
63	-20.342
64	-20.406
65	-20.45
66	-20.484
67	8.0449e-003
68	6.4855e-003
69	7.6503e-003
70	1.1162e-002
71	7.5566e-003
72	7.1698e-003
73	1.0655e-002
74	-20.303
75	2.9536e-004
76	-2.5774e-002
77	-1.4965e-002
78	0.18694
79	-0.59038
80	-3.7209
81	-8.1244
82	-11.306
83	-13.972
84	-16.225
85	-18.346
86	-20.366
87	-20.381
88	-20.461
89	-20.491
90	-15.766
91	0.14875
92	-1.4468e-002
93	-7.8681
94	-2.0185e-002
95	-0.67708
96	-13.467
97	-8.481e-003
98	-7.6806
99	-17.676
100	0.20296
101	-2.7916
102	-12.048
103	-18.404
104	2.6288e-002
105	-13.235
106	-3.8348
107	-2.6363e-003
108	0.21576
109	-14.886
110	7.3006e-002
111	-5.7412
112	-16.309
113	-1.7818e-002
114	-10.149
115	0.12148
116	-1.4009e-002
117	-17.967
118	-2.2563
119	-1.7251
120	-1.6656e-003
121	-18.002
122	-9.6712
123	-14.499
124	-1.7895e-003
125	-7.4656
126	-11.254
127	-6.0554
128	-0.53594
129	0.12156
130	6.9289e-004
131	-18.895
132	-11.192
133	1.3689e-002
134	7.2474e-002
135	-13.976
136	0.
137	0.
138	0.
139	0.
140	-4.8428e-002
141	-8.4901e-002
142	-0.1039
143	-9.3893e-002
144	-7.8814e-002
145	-4.4915e-002
146	0.
147	0.
148	-1.7701e-002
149	-3.6204e-002
150	-5.5147e-002
151	-6.244e-002
152	-5.2009e-002
153	-3.2483e-002
154	0.
155	0.
156	-6.0785e-002
157	-0.10192
158	-0.15176
159	-0.11553
160	-0.12711
161	-9.5651e-002
162	0.
163	0.
164	-8.5761e-002
165	-0.13249
166	-9.5146e-002
167	-0.11603
168	-0.12701
169	-6.5729e-002
170	0.
171	0.
172	0.
173	0.
174	0.
175	0.
176	0.
177	0.
178	0.
179	0.
180	0.
181	0.
182	0.
183	0.
184	0.
185	0.
186	0.
187	0.
188	0.
189	0.
190	0.
191	0.
192	0.
193	0.
194	0.
195	0.
196	0.
197	0.
198	0.
199	0.
200	0.
201	0.
202	0.
203	0.
204	0.
205	0.
206	0.
207	0.
208	0.
209	0.
210	0.
211	0.
212	0.
213	0.
214	1.8317e-003
215	3.7727e-003
216	5.4868e-003
217	7.0299e-003
218	4.5979e-003
219	2.3698e-003
220	0.
221	0.
222	0.
223	0.
224	0.
225	0.
226	0.
227	0.
228	0.
229	0.
230	0.
231	0.
232	0.
233	0.
234	-1.0877e-003
235	-2.0225e-003
236	-2.959e-003
237	-2.9109e-003
238	-1.8858e-003
239	-6.432e-004
240	-9.0669e-004
241	-2.0319e-003
242	-3.0822e-003
243	-2.7615e-003
244	-2.0519e-003
245	-5.4519e-004
246	0.
247	-5.8478e-003
248	-9.7048e-003
249	-4.1956e-003
250	-1.2239e-002
251	-4.4403e-002
252	-1.2376e-002
253	-1.219e-002
254	-2.0475e-002
255	-1.0906e-002
256	-6.5539e-003
257	-2.4589e-002
258	-1.151e-002
259	-5.0803e-003
260	-9.9947e-003
261	-3.4238e-002
262	-1.6626e-002
263	-2.8317e-003
264	-4.9098e-003
265	-2.9097e-003
266	-1.3673e-002
267	-2.9039e-003
268	-3.9823e-002
269	-8.6267e-003
270	-9.3787e-003
271	-8.0051e-003
272	1.029e-002
273	9.2918e-004
274	1.6774e-003
275	-1.2485e-004
276	1.082e-002
277	-7.4667e-003
278	-1.07e-004
279	-1.1009e-002
280	0.
281	-0.12998
282	-2.7722e-003
283	-6.8638e-003
284	0.
285	0.
286	0.
287	0.
288	-8.5282e-002
289	-2.1846e-002
290	8.3176e-004
291	-0.11026
292	9.5496e-004
293	-7.687e-002
294	-4.8615e-002
295	-14.348
296	-14.176
297	-14.226
298	-14.184
299	-14.203
300	-14.237
301	-14.254
302	-14.25
303	-14.252
304	-14.348
305	-14.348
306	-14.348
307	-14.348
308	-14.348
309	-14.348
310	-14.348
311	-13.972
312	-14.05
313	-14.073
314	-14.086
315	-14.08
316	-14.06
317	-14.038
318	-13.998
319	-13.678
320	-13.854
321	-13.602
322	-13.758
323	-13.648
324	-13.681
325	-13.703
326	-13.71
327	-13.703
328	-13.693
329	-12.424
330	-12.435
331	-12.473
332	-12.553
333	-12.65
334	-12.768
335	-12.895
336	-13.028
337	-13.176
338	-13.335
339	-13.508
340	-12.4
341	-12.404
342	-14.349
343	-14.348
344	-14.348
345	-14.35
346	-14.349
347	-14.351
348	-14.317
349	-14.147
350	-13.911
351	-13.695
352	-13.473
353	-13.277
354	-13.111
355	-12.956
356	-12.823
357	-12.699
358	-12.582
359	-12.475
360	-12.436
361	-14.348
362	-14.348
363	-14.348
364	-14.348
365	-14.348
366	-14.348
367	-12.437
368	-13.477
369	-13.299
370	-13.13
371	-12.965
372	-12.837
373	-12.717
374	-12.621
375	-12.556
376	-12.487
377	-12.453
378	-12.42
379	-12.422
380	-12.42
381	-12.422
382	-12.423
383	-12.431
384	-14.348
385	-14.348
386	-14.348
387	-14.348
388	-14.348
389	-14.348
390	-14.337
391	-12.401
392	-13.541
393	-14.348
394	-14.348
395	-14.348
396	-14.348
397	-14.348
398	-14.348
399	-14.34
400	-14.345
401	-14.346
402	-14.347
403	-14.348
404	-14.348
405	-13.519
406	-13.668
407	-13.211
408	-13.953
409	-12.572
410	-14.362
411	-14.35
412	-14.345
413	-14.348
414	-13.261
415	-14.259
416	-14.348
417	-14.348
418	-14.348
419	-14.348
420	-14.348
421	-14.348
422	-14.348
423	-12.588
424	-13.05
425	-13.1
426	-12.547
427	-12.78
428	-12.808
429	-13.379
430	-12.46
431	-12.438
432	-13.464
433	-12.48
434	-13.337
435	-12.881
436	-12.716
437	-13.368
438	-12.457
439	-12.969
440	-12.648
441	-12.701
442	-13.085
443	-14.359
444	-14.418
445	-13.6
446	-13.871
447	-12.592
448	-13.602
449	-13.949
450	-12.426
451	-12.422
452	-13.948
453	-13.359
454	-12.853
455	-12.437
456	-13.086
