Node Number	Directional Deformation (mm)
1	-8.7493e-003
2	-1.606e-002
3	-9.7062
4	-10.905
5	-12.041
6	-13.136
7	-14.
8	-14.655
9	-15.09
10	-13.69
11	-11.751
12	-5.3919
13	1.4448
14	0.13118
15	1.0215e-002
16	5.7921e-002
17	1.867e-002
18	-2.0559e-002
19	-2.0644e-002
20	-9.7562
21	-2.7406e-002
22	-1.3907e-002
23	3.6809e-002
24	3.6063e-003
25	1.2454e-002
26	-3.8509e-002
27	-8.8579e-002
28	-6.2919
29	-12.154
30	-13.989
31	-15.043
32	-14.733
33	-14.049
34	-13.166
35	-12.067
36	-10.934
37	-1.2296e-002
38	-1.9555e-002
39	-1.976e-003
40	7.1755e-003
41	-7.8535e-003
42	-1.1347e-002
43	-1.981e-002
44	-9.6887
45	-1.0879e-002
46	1.1878e-003
47	5.617e-002
48	2.6785e-002
49	-0.17892
50	-8.3543e-002
51	2.4595e-002
52	-5.0915
53	-11.379
54	-14.72
55	-15.196
56	-14.572
57	-13.844
58	-12.89
59	-11.884
60	-10.805
61	-9.7315
62	-9.7752
63	-9.7894
64	-9.8142
65	-9.8047
66	-9.7679
67	-2.3124e-002
68	-3.5011e-002
69	-1.9925e-002
70	-2.7965e-002
71	-6.2258e-004
72	-1.0579e-002
73	-2.2675e-002
74	-9.7177
75	-9.9831e-003
76	3.1798e-002
77	-0.17282
78	0.16008
79	-0.70616
80	-8.9599
81	-14.781
82	-15.157
83	-14.099
84	-12.752
85	-11.288
86	-9.7777
87	-9.8179
88	-9.8484
89	-9.8143
90	-13.742
91	0.81669
92	-0.40258
93	-13.201
94	2.7429e-002
95	-0.52732
96	-14.336
97	7.5203e-002
98	-14.25
99	-12.034
100	5.4729e-003
101	-7.1802
102	-15.076
103	-11.817
104	-0.21753
105	-14.354
106	-8.1237
107	-0.39393
108	0.33037
109	-14.067
110	-6.3249e-002
111	-10.773
112	-12.938
113	4.1571e-002
114	-14.962
115	1.5838
116	1.8358e-002
117	-12.102
118	-3.6183
119	-0.48183
120	3.025e-002
121	-11.643
122	-14.752
123	-13.747
124	-7.622e-003
125	-13.69
126	-14.876
127	-12.181
128	-0.90378
129	-0.15746
130	1.0237e-002
131	-11.057
132	-14.963
133	0.37493
134	-0.19359
135	-14.481
136	0.
137	0.
138	0.
139	0.
140	2.6415e-003
141	4.0736e-004
142	8.5223e-003
143	9.0891e-004
144	-1.0758e-003
145	-4.6551e-003
146	0.
147	0.
148	-6.9802e-004
149	-1.5599e-003
150	1.4596e-004
151	1.3969e-003
152	1.2031e-003
153	9.6348e-004
154	0.
155	0.
156	-1.3832e-002
157	-1.1751e-002
158	-6.211e-002
159	9.8242e-003
160	-1.6795e-002
161	1.6776e-003
162	0.
163	0.
164	1.9723e-002
165	-3.6301e-002
166	2.2508e-002
167	0.10409
168	-4.1393e-003
169	-5.6398e-002
170	0.
171	0.
172	0.
173	0.
174	0.
175	0.
176	0.
177	0.
178	0.
179	0.
180	0.
181	0.
182	0.
183	0.
184	0.
185	0.
186	0.
187	0.
188	0.
189	0.
190	0.
191	0.
192	0.
193	0.
194	0.
195	0.
196	0.
197	0.
198	0.
199	0.
200	0.
201	0.
202	0.
203	0.
204	0.
205	0.
206	0.
207	0.
208	0.
209	0.
210	0.
211	0.
212	0.
213	0.
214	-4.3585e-004
215	2.5407e-003
216	2.7464e-003
217	2.99e-003
218	1.2947e-003
219	-1.5218e-003
220	0.
221	0.
222	0.
223	0.
224	0.
225	0.
226	0.
227	0.
228	0.
229	0.
230	0.
231	0.
232	0.
233	0.
234	2.4918e-005
235	4.9267e-005
236	5.4512e-005
237	5.0617e-005
238	3.7285e-005
239	2.23e-005
240	2.0304e-005
241	4.4921e-005
242	5.8901e-005
243	5.2714e-005
244	3.8737e-005
245	1.9073e-005
246	0.
247	4.24e-005
248	-6.0118e-004
249	6.6252e-006
250	-1.1798e-004
251	-2.4979e-003
252	-1.3124e-004
253	-4.986e-005
254	-1.3546e-003
255	-8.9321e-005
256	2.7895e-005
257	-1.4936e-003
258	-3.4235e-004
259	3.8365e-005
260	-6.1934e-004
261	-1.9606e-003
262	-8.5706e-004
263	3.8668e-005
264	-1.0493e-005
265	1.545e-005
266	-9.3481e-004
267	1.5888e-005
268	-1.3791e-003
269	-4.8099e-004
270	-2.9564e-005
271	-4.7822e-004
272	-3.6065e-003
273	3.184e-003
274	-1.3195e-003
275	-1.1788e-002
276	-2.4081e-003
277	2.1863e-002
278	2.5456e-003
279	-3.6244e-003
280	0.
281	1.3187e-002
282	1.2375e-005
283	-5.9676e-004
284	0.
285	0.
286	0.
287	0.
288	-5.4084e-003
289	9.3507e-003
290	-7.1708e-003
291	-8.1878e-005
292	2.6337e-003
293	4.5157e-003
294	-1.9573e-002
295	-15.038
296	-15.036
297	-15.035
298	-15.036
299	-15.036
300	-15.036
301	-15.036
302	-15.036
303	-15.036
304	-15.038
305	-15.038
306	-15.038
307	-15.038
308	-15.038
309	-15.038
310	-15.038
311	-15.033
312	-15.032
313	-15.033
314	-15.034
315	-15.034
316	-15.034
317	-15.034
318	-15.034
319	-15.025
320	-15.029
321	-15.029
322	-15.032
323	-15.029
324	-15.029
325	-15.028
326	-15.028
327	-15.027
328	-15.026
329	-14.988
330	-14.989
331	-14.99
332	-14.992
333	-14.994
334	-14.998
335	-15.003
336	-15.007
337	-15.012
338	-15.016
339	-15.021
340	-14.988
341	-14.988
342	-15.038
343	-15.038
344	-15.038
345	-15.038
346	-15.038
347	-15.038
348	-15.037
349	-15.034
350	-15.029
351	-15.025
352	-15.02
353	-15.014
354	-15.01
355	-15.005
356	-15.
357	-14.997
358	-14.993
359	-14.99
360	-14.989
361	-15.038
362	-15.038
363	-15.038
364	-15.038
365	-15.038
366	-15.038
367	-14.999
368	-15.026
369	-15.022
370	-15.018
371	-15.014
372	-15.011
373	-15.007
374	-15.004
375	-15.003
376	-15.001
377	-15.
378	-14.99
379	-14.991
380	-14.993
381	-14.994
382	-14.996
383	-14.997
384	-15.038
385	-15.038
386	-15.038
387	-15.038
388	-15.038
389	-15.038
390	-15.037
391	-14.998
392	-15.027
393	-15.038
394	-15.038
395	-15.038
396	-15.038
397	-15.038
398	-15.038
399	-15.037
400	-15.038
401	-15.038
402	-15.038
403	-15.038
404	-15.038
405	-15.027
406	-15.03
407	-15.02
408	-15.033
409	-15.003
410	-15.038
411	-15.038
412	-15.038
413	-15.038
414	-15.017
415	-15.037
416	-15.038
417	-15.038
418	-15.038
419	-15.038
420	-15.038
421	-15.038
422	-15.038
423	-15.
424	-15.011
425	-15.015
426	-14.996
427	-15.002
428	-15.007
429	-15.02
430	-14.996
431	-14.993
432	-15.023
433	-14.999
434	-15.017
435	-15.007
436	-15.003
437	-15.022
438	-14.991
439	-15.007
440	-15.004
441	-15.007
442	-15.015
443	-15.038
444	-15.038
445	-15.024
446	-15.03
447	-14.997
448	-15.027
449	-15.031
450	-14.994
451	-14.989
452	-15.033
453	-15.02
454	-15.007
455	-14.991
456	-15.011
