Node Number	Directional Deformation (mm)
1	5.2394e-003
2	6.5694e-003
3	-19.243
4	-19.684
5	-19.998
6	-20.259
7	-19.897
8	-18.89
9	-17.462
10	-14.519
11	-11.03
12	-5.2382
13	0.24609
14	0.24501
15	4.5545e-002
16	1.434e-002
17	-8.0422e-003
18	3.0853e-003
19	4.8291e-003
20	-19.276
21	8.927e-003
22	3.4923e-003
23	-1.1922e-002
24	1.3657e-002
25	5.2737e-002
26	0.22102
27	-0.5646
28	-5.5991
29	-11.448
30	-14.878
31	-17.508
32	-18.97
33	-19.933
34	-20.306
35	-20.028
36	-19.689
37	9.1713e-003
38	2.4667e-002
39	2.2258e-002
40	2.577e-002
41	2.8203e-002
42	2.0438e-002
43	1.4796e-002
44	-19.738
45	9.0142e-003
46	-5.0101e-003
47	-3.8936e-002
48	-9.2472e-002
49	3.4685e-002
50	0.10225
51	-0.89039
52	-5.0726
53	-10.461
54	-15.072
55	-17.562
56	-18.963
57	-19.851
58	-20.069
59	-20.094
60	-19.963
61	-19.76
62	-19.748
63	-19.686
64	-19.639
65	-19.55
66	-19.436
67	1.926e-002
68	1.9871e-002
69	2.3473e-002
70	3.2705e-002
71	2.0723e-002
72	2.031e-002
73	2.9677e-002
74	-19.748
75	2.7856e-003
76	-4.5771e-002
77	-0.13154
78	0.27749
79	-1.3575
80	-8.1425
81	-15.092
82	-18.224
83	-19.731
84	-20.113
85	-20.049
86	-19.77
87	-19.711
88	-19.648
89	-19.486
90	-20.381
91	0.56473
92	-0.15307
93	-14.159
94	-6.998e-002
95	-0.68475
96	-19.373
97	-2.4385e-002
98	-14.455
99	-20.118
100	0.27944
101	-6.3548
102	-18.575
103	-20.113
104	-2.89e-002
105	-19.215
106	-7.991
107	-0.11211
108	0.54497
109	-20.101
110	1.4343e-002
111	-10.876
112	-20.079
113	-7.5566e-002
114	-16.998
115	0.64518
116	-4.1804e-002
117	-20.203
118	-4.0622
119	-2.409
120	-3.1196e-003
121	-20.103
122	-16.474
123	-19.753
124	-5.8181e-002
125	-13.971
126	-17.927
127	-11.809
128	-1.2086
129	0.22013
130	-1.6926e-003
131	-19.952
132	-17.995
133	0.25925
134	-3.9273e-003
135	-19.702
136	0.
137	0.
138	0.
139	0.
140	-0.19255
141	-0.33837
142	-0.41506
143	-0.38091
144	-0.31561
145	-0.17814
146	0.
147	0.
148	-7.7958e-002
149	-0.15991
150	-0.2376
151	-0.26561
152	-0.2185
153	-0.13291
154	0.
155	0.
156	-0.21331
157	-0.37449
158	-0.73905
159	-0.45239
160	-0.51303
161	-0.43796
162	0.
163	0.
164	-0.24015
165	-0.44767
166	-0.30525
167	-0.42715
168	-0.4489
169	-0.19091
170	0.
171	0.
172	0.
173	0.
174	0.
175	0.
176	0.
177	0.
178	0.
179	0.
180	0.
181	0.
182	0.
183	0.
184	0.
185	0.
186	0.
187	0.
188	0.
189	0.
190	0.
191	0.
192	0.
193	0.
194	0.
195	0.
196	0.
197	0.
198	0.
199	0.
200	0.
201	0.
202	0.
203	0.
204	0.
205	0.
206	0.
207	0.
208	0.
209	0.
210	0.
211	0.
212	0.
213	0.
214	8.9677e-003
215	1.8505e-002
216	2.2844e-002
217	2.6698e-002
218	1.6871e-002
219	8.587e-003
220	0.
221	0.
222	0.
223	0.
224	0.
225	0.
226	0.
227	0.
228	0.
229	0.
230	0.
231	0.
232	0.
233	0.
234	1.0318e-003
235	2.4783e-003
236	2.5986e-003
237	2.455e-003
238	1.9153e-003
239	1.2742e-003
240	9.8922e-004
241	2.2375e-003
242	2.7182e-003
243	2.5894e-003
244	2.0119e-003
245	1.3369e-003
246	0.
247	5.7406e-004
248	-5.6293e-002
249	-9.0264e-004
250	-1.4895e-002
251	-0.20836
252	-1.7408e-002
253	-1.0435e-002
254	-0.11003
255	-1.5288e-002
256	-1.8269e-003
257	-0.11953
258	-3.8269e-002
259	5.3589e-004
260	-4.5064e-002
261	-0.16241
262	-7.948e-002
263	1.4727e-003
264	-3.5168e-003
265	-5.064e-005
266	-6.4308e-002
267	-3.7729e-004
268	-0.18223
269	-4.1139e-002
270	-6.4416e-003
271	-5.0515e-002
272	-3.6382e-002
273	-1.3611e-002
274	-2.2917e-002
275	-3.3874e-002
276	-2.8143e-002
277	-5.6964e-002
278	-6.9503e-003
279	-9.9205e-002
280	0.
281	-0.50109
282	-2.8049e-004
283	-3.401e-002
284	0.
285	0.
286	0.
287	0.
288	-0.30654
289	-9.9236e-002
290	-1.8669e-002
291	-0.4404
292	1.7493e-003
293	-0.29077
294	-0.16063
295	-21.449
296	-20.934
297	-21.016
298	-20.953
299	-20.996
300	-21.056
301	-21.049
302	-21.094
303	-21.101
304	-21.449
305	-21.449
306	-21.449
307	-21.449
308	-21.449
309	-21.449
310	-21.449
311	-20.3
312	-20.485
313	-20.513
314	-20.506
315	-20.418
316	-20.541
317	-20.438
318	-20.288
319	-19.581
320	-19.994
321	-19.396
322	-19.608
323	-19.474
324	-19.542
325	-19.591
326	-19.646
327	-19.62
328	-19.607
329	-16.126
330	-16.156
331	-16.258
332	-16.475
333	-16.742
334	-17.062
335	-17.409
336	-17.772
337	-18.177
338	-18.615
339	-19.097
340	-16.06
341	-16.072
342	-21.45
343	-21.449
344	-21.448
345	-21.455
346	-21.453
347	-21.46
348	-21.349
349	-20.821
350	-20.144
351	-19.587
352	-18.995
353	-18.459
354	-18.006
355	-17.582
356	-17.217
357	-16.877
358	-16.559
359	-16.267
360	-16.16
361	-21.449
362	-21.449
363	-21.449
364	-21.449
365	-21.449
366	-21.449
367	-16.087
368	-18.942
369	-18.438
370	-17.969
371	-17.523
372	-17.174
373	-16.848
374	-16.586
375	-16.411
376	-16.223
377	-16.13
378	-16.103
379	-16.099
380	-16.083
381	-16.077
382	-16.07
383	-16.08
384	-21.449
385	-21.449
386	-21.449
387	-21.449
388	-21.449
389	-21.449
390	-21.415
391	-15.988
392	-19.097
393	-21.449
394	-21.449
395	-21.449
396	-21.449
397	-21.449
398	-21.449
399	-21.423
400	-21.44
401	-21.444
402	-21.445
403	-21.448
404	-21.449
405	-19.06
406	-19.463
407	-18.193
408	-20.284
409	-16.455
410	-21.491
411	-21.457
412	-21.439
413	-21.449
414	-18.392
415	-21.142
416	-21.449
417	-21.449
418	-21.449
419	-21.449
420	-21.449
421	-21.449
422	-21.449
423	-16.523
424	-17.804
425	-17.917
426	-16.435
427	-17.076
428	-17.116
429	-18.706
430	-16.179
431	-16.135
432	-18.923
433	-16.215
434	-18.604
435	-17.331
436	-16.883
437	-18.639
438	-16.2
439	-17.597
440	-16.673
441	-16.809
442	-17.885
443	-21.483
444	-21.66
445	-19.337
446	-20.037
447	-16.559
448	-19.292
449	-20.213
450	-16.09
451	-16.114
452	-20.229
453	-18.652
454	-17.258
455	-16.146
456	-17.917
