Node Number	Directional Deformation (mm)
1	2.0924e-003
2	2.5563e-003
3	-18.599
4	-19.339
5	-19.902
6	-20.368
7	-20.071
8	-18.747
9	-16.672
10	-11.832
11	-5.7744
12	-0.18105
13	0.59638
14	-6.2815e-002
15	2.3794e-002
16	1.0855e-002
17	7.4614e-003
18	4.2149e-003
19	1.4838e-003
20	-18.639
21	4.1903e-003
22	6.3967e-003
23	9.7387e-003
24	-7.5518e-003
25	2.097e-002
26	0.10075
27	0.98463
28	-0.50725
29	-6.2838
30	-12.697
31	-16.879
32	-18.902
33	-20.14
34	-20.452
35	-19.942
36	-19.355
37	3.2895e-003
38	5.6527e-003
39	1.9978e-003
40	-2.627e-004
41	3.3607e-003
42	2.5285e-003
43	2.7213e-003
44	-18.775
45	2.844e-003
46	3.6728e-003
47	6.5339e-003
48	-4.4376e-002
49	-0.1781
50	-7.6022e-003
51	0.22894
52	7.7376e-002
53	-5.9268
54	-13.607
55	-17.468
56	-19.437
57	-20.356
58	-20.236
59	-19.963
60	-19.44
61	-18.9
62	-18.969
63	-18.973
64	-18.993
65	-18.929
66	-18.812
67	6.6095e-003
68	5.1274e-003
69	4.5259e-003
70	3.3774e-003
71	-2.2947e-003
72	2.438e-003
73	8.5534e-003
74	-18.803
75	3.577e-003
76	1.9285e-004
77	-0.12448
78	-0.1405
79	0.42724
80	-3.4183
81	-13.731
82	-18.571
83	-20.328
84	-20.267
85	-19.705
86	-18.95
87	-18.995
88	-19.016
89	-18.877
90	-20.784
91	0.22978
92	-0.13526
93	-11.416
94	-4.0181e-002
95	1.0395
96	-19.917
97	-9.1919e-003
98	-12.876
99	-20.098
100	5.2973e-003
101	-1.3789
102	-18.33
103	-20.045
104	-0.13624
105	-19.62
106	-2.5491
107	-0.12197
108	0.39813
109	-20.477
110	-8.0008e-002
111	-8.2479
112	-20.306
113	-5.0038e-002
114	-15.918
115	0.2812
116	-2.0134e-002
117	-20.217
118	-0.94633
119	3.8882e-002
120	3.6784e-004
121	-19.929
122	-15.803
123	-20.214
124	-7.1685e-002
125	-11.579
126	-17.641
127	-6.6747
128	0.92927
129	-0.13827
130	-1.0349e-002
131	-19.649
132	-18.137
133	0.26376
134	-0.11363
135	-19.918
136	0.
137	0.
138	0.
139	0.
140	-0.24673
141	-0.41477
142	-0.51098
143	-0.54681
144	-0.43459
145	-0.23183
146	0.
147	0.
148	-0.14357
149	-0.29178
150	-0.44317
151	-0.43372
152	-0.30974
153	-0.15843
154	0.
155	0.
156	-0.39956
157	-0.59301
158	-1.0278
159	-0.62628
160	-0.72872
161	-0.33965
162	0.
163	0.
164	-0.22665
165	-0.60823
166	-0.5106
167	-0.45617
168	-0.59472
169	-0.18568
170	0.
171	0.
172	0.
173	0.
174	0.
175	0.
176	0.
177	0.
178	0.
179	0.
180	0.
181	0.
182	0.
183	0.
184	0.
185	0.
186	0.
187	0.
188	0.
189	0.
190	0.
191	0.
192	0.
193	0.
194	0.
195	0.
196	0.
197	0.
198	0.
199	0.
200	0.
201	0.
202	0.
203	0.
204	0.
205	0.
206	0.
207	0.
208	0.
209	0.
210	0.
211	0.
212	0.
213	0.
214	0.
215	2.7073e-003
216	3.9373e-003
217	5.3749e-003
218	3.4554e-003
219	1.9486e-003
220	2.006e-003
221	0.
222	0.
223	0.
224	0.
225	0.
226	0.
227	0.
228	0.
229	0.
230	0.
231	0.
232	0.
233	0.
234	3.0642e-003
235	4.8411e-003
236	6.3336e-003
237	5.0472e-003
238	1.6892e-003
239	4.5776e-004
240	3.0609e-003
241	4.9965e-003
242	6.0094e-003
243	5.1608e-003
244	2.5183e-003
245	-1.3187e-005
246	0.
247	0.
248	3.8703e-005
249	-0.13284
250	-6.5553e-003
251	-3.6034e-002
252	-0.50612
253	-5.0023e-002
254	-3.4594e-002
255	-0.10465
256	-0.30482
257	-1.2664e-002
258	-4.0539e-002
259	-0.21218
260	-6.1855e-003
261	-0.12668
262	2.5856e-003
263	-5.8643e-002
264	-7.4168e-003
265	-0.33413
266	-0.149
267	3.4128e-003
268	-3.1043e-002
269	-5.2867e-002
270	-2.6563e-002
271	-2.6138e-002
272	-0.11532
273	-1.0032e-002
274	-7.2653e-003
275	-0.1058
276	-4.1476e-002
277	-1.5235e-002
278	-9.2165e-002
279	0.
280	-0.48949
281	7.8106e-004
282	-9.6675e-002
283	0.
284	5.4489e-003
285	-1.8022e-002
286	-0.31367
287	-4.6931e-003
288	-0.43951
289	-2.8722e-002
290	-0.2495
291	-0.62074
292	-7.0831e-002
293	-2.7342e-003
294	-23.747
295	-23.278
296	-22.583
297	-23.295
298	-23.273
299	-23.177
300	-23.031
301	-22.817
302	-22.76
303	-23.747
304	-23.747
305	-23.747
306	-23.747
307	-23.747
308	-23.747
309	-23.747
310	-22.418
311	-21.34
312	-21.569
313	-21.885
314	-22.251
315	-22.472
316	-22.585
317	-22.665
318	-20.077
319	-20.682
320	-21.777
321	-22.105
322	-21.604
323	-21.347
324	-21.148
325	-20.9
326	-20.623
327	-20.35
328	-16.304
329	-16.364
330	-16.463
331	-16.722
332	-17.008
333	-17.328
334	-17.8
335	-18.266
336	-18.815
337	-19.401
338	-16.241
339	-16.228
340	-23.748
341	-23.747
342	-23.746
343	-23.754
344	-23.755
345	-23.734
346	-23.714
347	-23.272
348	-21.861
349	-20.723
350	-19.878
351	-19.186
352	-18.558
353	-18.03
354	-17.48
355	-17.042
356	-16.765
357	-16.513
358	-16.363
359	-23.747
360	-23.747
361	-23.747
362	-23.747
363	-23.747
364	-23.747
365	-23.747
366	-17.936
367	-21.159
368	-20.519
369	-19.883
370	-19.358
371	-18.916
372	-18.598
373	-18.304
374	-18.09
375	-17.99
376	-16.511
377	-16.753
378	-16.987
379	-17.219
380	-17.455
381	-17.697
382	-23.747
383	-23.747
384	-23.747
385	-23.747
386	-23.747
387	-23.747
388	-23.747
389	-23.711
390	-17.815
391	-22.018
392	-23.747
393	-23.747
394	-23.747
395	-23.747
396	-23.747
397	-23.747
398	-23.736
399	-23.745
400	-23.746
401	-23.747
402	-23.748
403	-23.748
404	-21.903
405	-22.301
406	-20.798
407	-18.469
408	-23.754
409	-23.744
410	-23.744
411	-19.618
412	-23.627
413	-23.747
414	-23.747
415	-23.747
416	-23.747
417	-23.747
418	-23.747
419	-23.747
420	-23.747
421	-23.747
422	-23.747
423	-17.958
424	-18.505
425	-19.549
426	-17.272
427	-17.837
428	-19.48
429	-17.418
430	-18.708
431	-16.994
432	-18.804
433	-17.846
434	-20.304
435	-19.59
436	-16.717
437	-18.815
438	-19.587
439	-23.763
440	-23.999
441	-21.774
442	-22.204
443	-20.66
444	-16.848
445	-19.46
