Node Number	Directional Deformation (mm)
1	-6.8968e-003
2	-8.0597e-003
3	0.97382
4	0.95655
5	0.96999
6	0.9891
7	1.1888
8	1.3816
9	1.7653
10	1.5503
11	1.7726
12	-3.898e-002
13	-2.9983e-003
14	0.11473
15	-5.4374e-002
16	-1.8136e-002
17	-1.3424e-002
18	-1.4246e-002
19	-6.6969e-003
20	1.6278
21	-7.9939e-003
22	-1.7247e-002
23	-3.7361e-002
24	-5.9237e-002
25	-0.13066
26	-0.19725
27	-1.2045
28	-2.6404
29	-2.0787
30	-0.7296
31	0.45226
32	1.1087
33	1.3363
34	1.3786
35	1.5025
36	1.58
37	-1.5007e-002
38	-1.598e-002
39	-2.2187e-002
40	-2.6234e-002
41	-2.4206e-002
42	-2.2872e-002
43	-1.3324e-002
44	0.74511
45	-1.3972e-002
46	-2.7091e-002
47	-4.383e-002
48	-2.1297e-002
49	1.111e-002
50	0.10229
51	-9.4097e-002
52	0.40744
53	2.646
54	2.2866
55	1.6065
56	0.98169
57	0.72296
58	0.72608
59	0.71441
60	0.70919
61	0.79539
62	0.83623
63	0.84004
64	0.87103
65	0.89601
66	0.92847
67	-2.2168e-002
68	-1.4017e-002
69	-2.8433e-002
70	-3.4628e-002
71	-4.0967e-002
72	-3.334e-002
73	-2.6202e-002
74	1.3662
75	-2.3966e-002
76	-8.1274e-002
77	-5.3366e-002
78	0.39756
79	-0.91749
80	-2.2471
81	0.35032
82	1.0815
83	0.97852
84	1.1641
85	1.2877
86	1.4322
87	1.4628
88	1.5136
89	1.5665
90	1.3367
91	-0.32605
92	1.5937e-004
93	-0.42635
94	-7.4445e-002
95	-2.2097
96	1.0271
97	-3.9817e-002
98	-1.0941
99	1.3515
100	0.22267
101	-2.2871
102	1.2341
103	1.4648
104	-7.9941e-002
105	1.0432
106	1.0699
107	9.8381e-003
108	-5.3075e-002
109	1.1047
110	5.4913e-002
111	1.6779
112	0.88605
113	-1.4582e-002
114	2.0981
115	8.0797e-002
116	-3.4259e-002
117	0.84317
118	0.15324
119	8.168e-002
120	-1.9903e-002
121	0.78063
122	0.47912
123	0.75372
124	-3.7065e-002
125	1.6795
126	1.2035
127	1.5078
128	-0.13012
129	6.2967e-002
130	-3.3147e-002
131	0.80408
132	1.17
133	1.416e-002
134	5.0573e-002
135	1.1651
136	0.
137	0.
138	0.
139	0.
140	2.2179e-002
141	3.4121e-002
142	4.1243e-002
143	7.1016e-002
144	8.9839e-002
145	4.9853e-002
146	0.
147	0.
148	5.9796e-002
149	6.6246e-002
150	0.111
151	8.6878e-002
152	0.11567
153	0.11725
154	0.
155	0.
156	0.
157	0.
158	0.
159	0.
160	0.
161	0.
162	0.
163	0.
164	0.
165	1.2343e-003
166	3.3237e-003
167	3.7072e-003
168	3.4e-003
169	2.3321e-003
170	1.2032e-003
171	0.
172	0.
173	0.
174	0.
175	0.
176	0.
177	0.
178	0.
179	0.
180	0.
181	0.
182	0.
183	0.33069
184	9.3864e-002
185	0.15657
186	0.1325
187	8.6476e-002
188	0.22801
189	0.
190	0.15925
191	0.10836
192	0.11539
193	0.19005
194	9.8854e-002
195	2.6373e-002
196	0.
197	0.
198	0.
199	0.
200	0.
201	0.
202	0.
203	0.
204	0.
205	0.
206	0.
207	0.
208	0.
209	0.
210	0.
211	0.
212	0.
213	0.
214	0.
215	0.
216	0.
217	0.
218	0.
219	0.
220	0.
221	0.
222	0.
223	0.
224	0.
225	0.
226	0.
227	0.
228	0.
229	0.
230	0.
231	-1.1375e-002
232	-1.7935e-002
233	-1.3215e-002
234	-7.2145e-003
235	-1.8118e-002
236	-1.9276e-002
237	0.
238	0.
239	0.
240	1.5022e-003
241	2.1277e-003
242	2.8033e-003
243	2.8486e-003
244	2.0908e-003
245	1.1082e-003
246	0.
247	0.
248	0.
249	0.
250	3.5346e-003
251	-1.7289e-002
252	8.5161e-005
253	-3.8632e-003
254	-5.2032e-002
255	1.2143e-003
256	-2.5517e-004
257	-1.1995e-002
258	1.0879e-002
259	-1.7676e-002
260	7.7755e-003
261	-2.1013e-002
262	-4.0052e-003
263	-4.7876e-003
264	-2.3341e-002
265	4.5387e-003
266	-4.5886e-003
267	6.2327e-003
268	2.5227e-002
269	2.4159e-002
270	7.3188e-003
271	4.9474e-002
272	4.4875e-003
273	1.4117e-002
274	2.1392e-002
275	1.4526e-002
276	4.436e-003
277	1.1199e-003
278	2.4761e-002
279	4.2896e-002
280	2.0105e-003
281	0.13303
282	0.
283	0.22291
284	8.5155e-004
285	-1.3032e-002
286	0.
287	6.3365e-002
288	-2.6074e-003
289	9.4983e-002
290	0.14284
291	8.6294e-002
292	2.7098e-002
293	3.8183e-004
294	0.14449
295	-3.4837e-003
296	1.5636e-003
297	8.3387e-002
298	-0.39979
299	0.
300	0.
301	0.
302	0.
303	0.
304	0.
305	0.
306	0.
307	-0.15951
308	-0.11916
309	-9.7842e-002
310	-0.14766
311	-0.22336
312	-0.29843
313	-0.29748
314	0.
315	0.
316	0.
317	0.
318	0.
319	0.
320	0.
321	0.
322	0.
323	0.
324	0.
325	0.
326	0.
327	0.
328	0.
329	0.
330	0.
331	0.
332	0.
333	0.
334	-0.97808
335	-0.7919
336	-0.96919
337	-0.4604
338	-0.79068
339	-0.7992
340	-0.69053
341	-0.51054
342	-0.39074
343	-0.3983
344	-0.57385
345	-0.58936
346	-0.59406
347	-0.66995
348	-0.7694
349	-0.85959
350	-0.93007
351	-0.93374
352	0.
353	-0.1591
354	-0.2549
355	-0.35204
356	-0.42956
357	-0.52011
358	-0.60064
359	-0.68968
360	-0.77633
361	-0.87827
362	0.
363	0.
364	0.
365	4.6502e-003
366	1.328e-002
367	3.3256e-002
368	7.259e-002
369	0.12645
370	0.26566
371	0.51413
372	0.41662
373	0.30943
374	0.23991
375	0.20986
376	0.20425
377	0.1783
378	0.14973
379	0.14154
380	0.11713
381	8.9158e-002
382	5.0555e-002
383	0.
384	-0.52387
385	-0.46245
386	-0.41957
387	-0.36627
388	-0.30804
389	-0.24979
390	-0.17793
391	-9.3871e-002
392	-7.0339e-002
393	0.
394	0.
395	0.
396	0.
397	0.
398	0.
399	0.
400	0.
401	0.49178
402	0.
403	0.
404	0.
405	0.
406	0.
407	0.
408	-0.13344
409	-1.4652e-002
410	-0.10983
411	8.303e-002
412	3.8695e-002
413	1.9161e-003
414	2.1407e-002
415	1.4198e-002
416	5.5292e-003
417	0.28403
418	0.35662
419	-0.2908
420	-0.60321
421	-0.30789
422	-0.53458
423	-0.4644
424	-0.16894
425	-0.37973
426	-0.77987
427	-0.13233
428	-0.62627
429	-0.17699
430	-9.9589e-002
431	0.
432	0.
433	0.
434	0.
435	0.
436	0.
437	0.
438	0.
439	0.
440	0.
441	0.
442	0.38606
443	0.33783
444	6.1594e-002
445	2.5885e-002
446	1.4614e-002
447	-0.37301
448	-0.44711
449	-9.1116e-002
450	-7.3274e-002
451	-0.40227
452	-0.41169
453	-0.43262
454	4.0476e-002
