Node Number	Directional Deformation (mm)
1	-3.0367e-016
2	1.3249e-016
3	4.6293e-015
4	4.6306e-015
5	4.6291e-015
6	4.6254e-015
7	4.622e-015
8	4.6214e-015
9	4.6136e-015
10	4.7013e-015
11	4.6986e-015
12	4.6634e-015
13	3.7111e-015
14	1.6667e-015
15	-1.2201e-015
16	-2.3126e-015
17	-2.0634e-015
18	-1.31e-015
19	-7.1521e-016
20	-3.6822e-015
21	3.5163e-016
22	1.7835e-015
23	2.6855e-015
24	2.9492e-015
25	1.3085e-015
26	-1.7864e-015
27	-2.9326e-015
28	-3.7592e-015
29	-3.983e-015
30	-3.7204e-015
31	-3.6264e-015
32	-3.6772e-015
33	-3.6878e-015
34	-3.6793e-015
35	-3.6848e-015
36	-3.6822e-015
37	-4.0272e-015
38	-3.1067e-015
39	-2.8331e-015
40	-1.2491e-015
41	1.3347e-016
42	5.1018e-016
43	-3.4445e-016
44	2.5338e-015
45	-3.2905e-015
46	-4.489e-015
47	-1.2977e-015
48	4.0842e-016
49	1.2633e-015
50	1.3941e-015
51	1.2444e-015
52	1.8324e-015
53	2.6503e-015
54	2.6168e-015
55	2.5916e-015
56	2.5503e-015
57	2.5259e-015
58	2.5271e-015
59	2.5299e-015
60	2.5347e-015
61	2.8301e-015
62	3.1248e-015
63	3.4215e-015
64	3.7245e-015
65	4.0243e-015
66	4.3271e-015
67	5.2882e-016
68	2.3412e-019
69	8.711e-016
70	9.3999e-016
71	1.158e-015
72	-1.2467e-016
73	4.8972e-016
74	-5.7909e-015
75	1.8141e-015
76	1.3056e-015
77	-2.8008e-015
78	-4.5621e-015
79	-4.7006e-015
80	-5.34e-015
81	-5.638e-015
82	-5.6627e-015
83	-5.7356e-015
84	-5.7861e-015
85	-5.7875e-015
86	-5.3772e-015
87	-4.9629e-015
88	-4.5281e-015
89	-4.1038e-015
90	-4.3253e-015
91	-1.9042e-015
92	2.4812e-015
93	-4.0561e-015
94	1.144e-015
95	-4.7147e-015
96	-5.2269e-015
97	1.4769e-015
98	-5.2312e-015
99	-5.0455e-015
100	-1.1281e-015
101	-4.2149e-015
102	-4.2424e-015
103	-4.1627e-015
104	2.5121e-015
105	3.2515e-015
106	3.8542e-015
107	-6.9527e-016
108	1.4722e-015
109	3.9186e-015
110	-3.2253e-015
111	2.8617e-015
112	3.4053e-015
113	-3.0296e-015
114	3.8953e-015
115	2.548e-015
116	-3.4318e-015
117	3.9723e-015
118	3.3856e-015
119	2.5588e-015
120	-8.2197e-016
121	2.9276e-015
122	3.049e-015
123	2.8593e-015
124	-2.75e-015
125	3.4267e-015
126	3.5401e-015
127	4.4468e-015
128	3.9764e-015
129	2.5933e-016
130	-1.9265e-016
131	3.4514e-015
132	2.8702e-015
133	6.7524e-016
134	9.4752e-016
135	4.2781e-015
136	0.
137	0.
138	0.
139	0.
140	2.4562e-017
141	4.7312e-017
142	4.1417e-017
143	2.1864e-017
144	-2.1751e-018
145	-6.869e-018
146	0.
147	0.
148	5.8267e-018
149	2.1599e-017
150	1.3841e-017
151	3.674e-017
152	5.1871e-017
153	1.0689e-017
154	0.
155	0.
156	0.
157	0.
158	0.
159	0.
160	0.
161	0.
162	0.
163	0.
164	0.
165	1.9398e-018
166	3.284e-018
167	4.3326e-018
168	4.5043e-018
169	4.1165e-018
170	2.5274e-018
171	0.
172	0.
173	0.
174	0.
175	0.
176	0.
177	0.
178	0.
179	0.
180	0.
181	0.
182	0.
183	7.4756e-017
184	1.2963e-016
185	-1.0515e-017
186	5.8536e-017
187	8.6421e-017
188	5.7902e-017
189	0.
190	1.2963e-016
191	1.4975e-016
192	1.993e-016
193	2.6851e-017
194	1.5666e-016
195	-3.3941e-017
196	0.
197	0.
198	0.
199	0.
200	0.
201	0.
202	0.
203	0.
204	0.
205	0.
206	0.
207	0.
208	0.
209	0.
210	0.
211	0.
212	0.
213	0.
214	0.
215	0.
216	0.
217	0.
218	0.
219	0.
220	0.
221	0.
222	0.
223	0.
224	0.
225	0.
226	0.
227	0.
228	0.
229	0.
230	0.
231	2.0763e-016
232	2.4381e-016
233	2.2436e-016
234	9.7475e-017
235	7.2986e-017
236	6.3577e-017
237	0.
238	0.
239	0.
240	1.8596e-018
241	3.4497e-018
242	4.8429e-018
243	4.8965e-018
244	3.9103e-018
245	2.4551e-018
246	0.
247	0.
248	0.
249	0.
250	5.7621e-018
251	2.7597e-017
252	5.2526e-018
253	1.2639e-017
254	1.0028e-016
255	1.0301e-017
256	1.3187e-016
257	3.8009e-016
258	-1.2182e-016
259	2.4371e-016
260	-1.288e-016
261	3.18e-016
262	1.7091e-016
263	-5.5445e-017
264	9.4182e-017
265	-9.9868e-019
266	-8.7887e-018
267	7.4153e-018
268	5.5889e-018
269	-1.2036e-019
270	2.5108e-018
271	-3.8241e-018
272	5.4852e-018
273	5.9168e-018
274	3.4705e-017
275	1.5566e-018
276	3.8355e-018
277	4.2713e-018
278	-1.9847e-018
279	4.7837e-019
280	4.2635e-018
281	3.4017e-016
282	0.
283	-1.3617e-016
284	2.7143e-018
285	2.6534e-017
286	0.
287	-6.2134e-017
288	1.2831e-016
289	-3.7581e-017
290	-5.4308e-018
291	-1.6143e-016
292	1.8788e-016
293	-9.3181e-017
294	-5.4344e-017
295	-3.2434e-017
296	2.1723e-018
297	4.6103e-017
298	1.1963e-017
299	0.
300	0.
301	0.
302	0.
303	0.
304	0.
305	0.
306	0.
307	-3.5013e-017
308	-1.7041e-017
309	5.9475e-018
310	3.705e-018
311	1.0119e-017
312	2.1525e-017
313	-2.2517e-018
314	0.
315	0.
316	0.
317	0.
318	0.
319	0.
320	0.
321	0.
322	0.
323	0.
324	0.
325	0.
326	0.
327	0.
328	0.
329	0.
330	0.
331	0.
332	0.
333	0.
334	3.6112e-018
335	3.6101e-018
336	8.7128e-018
337	-1.2059e-017
338	-3.3128e-018
339	3.232e-018
340	-4.8354e-018
341	-8.3969e-018
342	-1.9456e-017
343	-2.3667e-017
344	-4.4884e-017
345	-2.668e-017
346	-7.4545e-018
347	-2.1469e-017
348	-7.5522e-018
349	-1.2402e-018
350	-2.9345e-017
351	-2.6393e-017
352	0.
353	8.1473e-018
354	5.7886e-018
355	1.8053e-017
356	4.3265e-018
357	-1.2753e-017
358	-1.3739e-017
359	-1.6347e-017
360	4.1173e-018
361	1.2324e-018
362	0.
363	0.
364	0.
365	1.1548e-017
366	-2.1236e-017
367	-8.7201e-018
368	-3.1842e-018
369	-2.055e-017
370	-9.7084e-018
371	-1.3808e-018
372	8.9743e-018
373	-2.2503e-017
374	-1.5287e-017
375	-9.637e-018
376	2.1642e-018
377	-1.9324e-017
378	-1.5793e-017
379	-1.8878e-017
380	-3.3248e-018
381	8.5566e-018
382	1.0498e-017
383	0.
384	-3.1136e-017
385	-3.3609e-017
386	-4.1596e-017
387	-4.8999e-017
388	-3.0837e-017
389	-1.9887e-017
390	-2.2468e-017
391	-1.3306e-017
392	-7.8323e-018
393	0.
394	0.
395	0.
396	0.
397	0.
398	0.
399	0.
400	0.
401	3.8824e-017
402	0.
403	0.
404	0.
405	0.
406	0.
407	0.
408	1.4332e-017
409	-2.2603e-018
410	6.8725e-018
411	-4.7117e-018
412	1.636e-018
413	-1.2478e-017
414	-5.4088e-018
415	2.7806e-017
416	-1.0441e-018
417	1.0347e-018
418	-4.3409e-018
419	2.1797e-019
420	-1.5743e-017
421	1.955e-017
422	-7.428e-018
423	-1.593e-017
424	1.553e-017
425	8.3518e-018
426	-9.2366e-018
427	-1.4394e-017
428	-1.409e-017
429	-1.0887e-017
430	-1.1264e-017
431	0.
432	0.
433	0.
434	0.
435	0.
436	0.
437	0.
438	0.
439	0.
440	0.
441	0.
442	-8.2844e-018
443	2.5143e-017
444	1.611e-017
445	2.2704e-017
446	1.0621e-017
447	1.3896e-017
448	-1.3639e-017
449	5.4108e-019
450	-5.6194e-018
451	-3.3796e-018
452	1.2072e-019
453	-1.9014e-018
454	1.6237e-018
