Node Number	Directional Deformation (mm)
1	-5.3719e-003
2	-7.7075e-003
3	0.97842
4	0.95902
5	0.96882
6	0.98289
7	1.1724
8	1.3596
9	1.7497
10	1.5358
11	1.8105
12	-7.6449e-002
13	4.7644e-003
14	0.11534
15	-5.7525e-002
16	-1.561e-002
17	-1.2072e-002
18	-1.3098e-002
19	-5.5258e-003
20	1.6475
21	-7.2867e-003
22	-1.5692e-002
23	-3.5493e-002
24	-5.9859e-002
25	-0.13797
26	-0.18419
27	-1.218
28	-2.6507
29	-2.0904
30	-0.72773
31	0.46865
32	1.1335
33	1.3558
34	1.3994
35	1.5198
36	1.5979
37	-8.3622e-003
38	-1.086e-002
39	-1.8918e-002
40	-2.4018e-002
41	-2.2429e-002
42	-2.0935e-002
43	-1.1574e-002
44	0.7957
45	-7.5112e-003
46	-2.1393e-002
47	-3.938e-002
48	-2.3991e-002
49	1.0699e-002
50	8.4664e-002
51	-8.7553e-002
52	0.34239
53	2.7473
54	2.3503
55	1.6373
56	1.0145
57	0.76946
58	0.77173
59	0.7629
60	0.75945
61	0.83821
62	0.86524
63	0.86331
64	0.8887
65	0.9083
66	0.93747
67	-1.618e-002
68	-1.2977e-002
69	-2.6642e-002
70	-3.2705e-002
71	-3.8936e-002
72	-2.9247e-002
73	-2.0508e-002
74	1.4089
75	-1.6986e-002
76	-7.6708e-002
77	-6.1228e-002
78	0.42256
79	-0.87495
80	-2.2398
81	0.44108
82	1.1681
83	1.0461
84	1.2194
85	1.3366
86	1.4718
87	1.4978
88	1.5432
89	1.5918
90	1.3629
91	-0.314
92	-1.3931e-003
93	-0.41089
94	-7.4817e-002
95	-2.2339
96	1.0651
97	-3.7112e-002
98	-1.058
99	1.3853
100	0.21752
101	-2.2743
102	1.282
103	1.4887
104	-9.0663e-002
105	1.043
106	1.0954
107	1.3741e-002
108	-3.7458e-002
109	1.0949
110	5.086e-002
111	1.7195
112	0.89981
113	-1.4591e-002
114	2.1228
115	7.6095e-002
116	-3.171e-002
117	0.85192
118	0.13656
119	5.0339e-002
120	-1.8233e-002
121	0.81682
122	0.47566
123	0.78286
124	-4.337e-002
125	1.7279
126	1.2085
127	1.4671
128	-0.13027
129	7.1471e-002
130	-3.2285e-002
131	0.82482
132	1.1862
133	3.0549e-002
134	4.4761e-002
135	1.1497
136	0.
137	0.
138	0.
139	0.
140	2.3171e-002
141	3.4938e-002
142	4.1468e-002
143	6.9474e-002
144	8.7404e-002
145	4.8575e-002
146	0.
147	0.
148	5.9041e-002
149	6.2735e-002
150	0.1078
151	8.6356e-002
152	0.11633
153	0.12251
154	0.
155	0.
156	0.
157	0.
158	0.
159	0.
160	0.
161	0.
162	0.
163	0.
164	0.
165	1.269e-003
166	3.3051e-003
167	3.719e-003
168	3.4179e-003
169	2.3777e-003
170	1.2401e-003
171	0.
172	0.
173	0.
174	0.
175	0.
176	0.
177	0.
178	0.
179	0.
180	0.
181	0.
182	0.
183	0.35741
184	9.1237e-002
185	0.15513
186	0.12408
187	7.8745e-002
188	0.2255
189	0.
190	0.15359
191	0.10247
192	0.11142
193	0.19006
194	9.5321e-002
195	2.2618e-002
196	0.
197	0.
198	0.
199	0.
200	0.
201	0.
202	0.
203	0.
204	0.
205	0.
206	0.
207	0.
208	0.
209	0.
210	0.
211	0.
212	0.
213	0.
214	0.
215	0.
216	0.
217	0.
218	0.
219	0.
220	0.
221	0.
222	0.
223	0.
224	0.
225	0.
226	0.
227	0.
228	0.
229	0.
230	0.
231	-1.0946e-002
232	-1.7345e-002
233	-1.245e-002
234	-6.3217e-003
235	-1.734e-002
236	-1.8851e-002
237	0.
238	0.
239	0.
240	1.5574e-003
241	2.2607e-003
242	2.9836e-003
243	3.0297e-003
244	2.2297e-003
245	1.1799e-003
246	0.
247	0.
248	0.
249	0.
250	3.7484e-003
251	-1.5917e-002
252	3.618e-004
253	-3.1266e-003
254	-5.0509e-002
255	1.7134e-003
256	4.159e-003
257	-1.0113e-002
258	1.5272e-002
259	-1.6475e-002
260	1.7634e-002
261	-2.0104e-002
262	-2.6454e-003
263	-3.4446e-003
264	-1.9965e-002
265	1.0799e-002
266	-4.125e-003
267	6.2397e-003
268	2.5668e-002
269	2.372e-002
270	7.1384e-003
271	4.8902e-002
272	4.4688e-003
273	1.3986e-002
274	2.2275e-002
275	1.4246e-002
276	4.3982e-003
277	1.2151e-003
278	2.4427e-002
279	4.2018e-002
280	2.0673e-003
281	0.1317
282	0.
283	0.21756
284	9.6513e-004
285	-1.2402e-002
286	0.
287	6.3524e-002
288	-1.1696e-003
289	9.3437e-002
290	0.13874
291	8.5314e-002
292	2.7527e-002
293	9.0519e-004
294	0.14789
295	-3.2687e-003
296	1.6063e-003
297	8.3453e-002
298	-0.39508
299	0.
300	0.
301	0.
302	0.
303	0.
304	0.
305	0.
306	0.
307	-0.15395
308	-0.11601
309	-9.9165e-002
310	-0.14386
311	-0.21641
312	-0.29053
313	-0.29027
314	0.
315	0.
316	0.
317	0.
318	0.
319	0.
320	0.
321	0.
322	0.
323	0.
324	0.
325	0.
326	0.
327	0.
328	0.
329	0.
330	0.
331	0.
332	0.
333	0.
334	-0.94725
335	-0.77317
336	-0.94095
337	-0.44314
338	-0.76863
339	-0.77904
340	-0.67062
341	-0.49041
342	-0.37388
343	-0.38221
344	-0.5518
345	-0.56797
346	-0.5703
347	-0.64241
348	-0.73946
349	-0.82857
350	-0.89938
351	-0.90295
352	0.
353	-0.15363
354	-0.24641
355	-0.34055
356	-0.41573
357	-0.50336
358	-0.58132
359	-0.66746
360	-0.7514
361	-0.8503
362	0.
363	0.
364	0.
365	4.4322e-003
366	1.2663e-002
367	3.1796e-002
368	6.9574e-002
369	0.12142
370	0.25463
371	0.49216
372	0.39368
373	0.28926
374	0.22326
375	0.19515
376	0.1906
377	0.16666
378	0.14013
379	0.13306
380	0.11029
381	8.41e-002
382	4.7797e-002
383	0.
384	-0.5035
385	-0.44512
386	-0.40407
387	-0.3529
388	-0.29708
389	-0.24093
390	-0.1716
391	-9.0749e-002
392	-6.7848e-002
393	0.
394	0.
395	0.
396	0.
397	0.
398	0.
399	0.
400	0.
401	0.4671
402	0.
403	0.
404	0.
405	0.
406	0.
407	0.
408	-0.12937
409	-1.6307e-002
410	-0.10648
411	7.6295e-002
412	3.6695e-002
413	9.8518e-004
414	2.0329e-002
415	1.3464e-002
416	5.2565e-003
417	0.26763
418	0.33932
419	-0.281
420	-0.58288
421	-0.29771
422	-0.51541
423	-0.44911
424	-0.16327
425	-0.36694
426	-0.75247
427	-0.12788
428	-0.60201
429	-0.171
430	-9.6181e-002
431	0.
432	0.
433	0.
434	0.
435	0.
436	0.
437	0.
438	0.
439	0.
440	0.
441	0.
442	0.36967
443	0.32115
444	5.8384e-002
445	2.4237e-002
446	1.1062e-002
447	-0.36146
448	-0.43658
449	-8.8605e-002
450	-7.1077e-002
451	-0.38996
452	-0.40136
453	-0.4197
454	3.6265e-002
