Node Number	Directional Deformation (mm)
1	-5.1143e-003
2	-5.4384e-003
3	1.3838
4	1.318
5	1.256
6	1.1993
7	1.14
8	1.0509
9	0.94724
10	0.78711
11	0.50451
12	0.13581
13	-1.743e-002
14	-3.9143e-002
15	-4.9208e-002
16	-2.7507e-002
17	-1.3024e-002
18	-7.9872e-003
19	-5.2532e-003
20	0.41826
21	-6.6935e-003
22	-1.0107e-002
23	-1.4605e-002
24	-2.042e-002
25	-4.7971e-002
26	-0.16293
27	-0.39405
28	-0.71934
29	-0.82155
30	-0.63495
31	-0.42699
32	-0.23041
33	-7.0133e-002
34	6.7852e-002
35	0.22057
36	0.32381
37	3.3792e-004
38	1.6935e-003
39	3.5542e-003
40	7.0918e-003
41	6.0399e-003
42	1.503e-003
43	-1.9876e-003
44	1.3399
45	1.6244e-003
46	4.6118e-003
47	-1.0862e-003
48	2.4101e-003
49	-1.2916e-002
50	-8.2933e-003
51	-4.8583e-002
52	0.10633
53	0.53215
54	0.77049
55	0.89971
56	0.94896
57	0.98631
58	1.0878
59	1.1748
60	1.2554
61	1.3584
62	1.3769
63	1.3637
64	1.3773
65	1.3829
66	1.385
67	-1.3435e-003
68	-3.2894e-003
69	-1.0578e-003
70	2.8379e-003
71	4.2365e-003
72	-7.2345e-004
73	-1.7818e-003
74	0.33795
75	-2.4387e-003
76	6.9509e-003
77	9.6553e-003
78	-3.9636e-002
79	-0.41878
80	-0.85505
81	-0.66184
82	-0.39144
83	-0.21442
84	4.6402e-003
85	0.19335
86	0.34772
87	0.34548
88	0.36614
89	0.38603
90	-2.6927e-002
91	-0.17956
92	9.0945e-003
93	-0.7077
94	9.7649e-003
95	-0.54388
96	-0.24374
97	-3.1507e-003
98	-0.88699
99	0.13968
100	3.686e-002
101	-0.76909
102	-0.37166
103	0.2247
104	-3.9089e-003
105	1.0064
106	0.3682
107	-2.6532e-002
108	-8.9165e-002
109	1.1254
110	8.1867e-003
111	0.32487
112	1.1572
113	3.4568e-003
114	0.84531
115	-1.6512e-002
116	4.0009e-003
117	1.2286
118	0.15817
119	0.11969
120	-1.6779e-003
121	1.2215
122	0.69207
123	1.0095
124	-7.1998e-003
125	0.51536
126	0.85824
127	0.59621
128	-4.9831e-002
129	-5.7809e-002
130	7.7338e-003
131	1.2645
132	0.88696
133	-7.4558e-002
134	2.1895e-002
135	1.0625
136	0.
137	0.
138	0.
139	0.
140	3.7666e-003
141	6.4982e-003
142	1.0596e-002
143	1.8665e-002
144	2.1265e-002
145	1.1182e-002
146	0.
147	0.
148	1.6158e-002
149	2.8692e-002
150	3.2087e-002
151	1.9677e-002
152	1.4882e-002
153	1.2018e-002
154	0.
155	0.
156	0.
157	0.
158	0.
159	0.
160	0.
161	0.
162	0.
163	0.
164	0.
165	2.1485e-004
166	9.2453e-004
167	9.9744e-004
168	1.044e-003
169	7.9915e-004
170	5.1392e-004
171	0.
172	0.
173	0.
174	0.
175	0.
176	0.
177	0.
178	0.
179	0.
180	0.
181	0.
182	0.
183	2.9815e-002
184	1.421e-002
185	3.393e-002
186	5.8892e-002
187	5.1855e-002
188	3.5282e-002
189	0.
190	2.6069e-002
191	4.1026e-002
192	4.9314e-002
193	3.5697e-002
194	1.5153e-002
195	1.1696e-002
196	0.
197	0.
198	0.
199	0.
200	0.
201	0.
202	0.
203	0.
204	0.
205	0.
206	0.
207	0.
208	0.
209	0.
210	0.
211	0.
212	0.
213	0.
214	0.
215	0.
216	0.
217	0.
218	0.
219	0.
220	0.
221	0.
222	0.
223	0.
224	0.
225	0.
226	0.
227	0.
228	0.
229	0.
230	0.
231	-5.3359e-004
232	-5.7765e-004
233	-1.2618e-003
234	-1.8716e-003
235	-1.8103e-003
236	-9.9555e-004
237	0.
238	0.
239	0.
240	-1.1473e-004
241	-1.75e-004
242	-8.3599e-005
243	-3.3809e-005
244	4.9669e-005
245	2.1454e-004
246	0.
247	0.
248	0.
249	0.
250	-2.3232e-005
251	-3.8501e-004
252	1.5551e-005
253	4.4863e-004
254	-2.722e-003
255	1.4486e-003
256	-1.1434e-002
257	-7.5742e-003
258	-1.1751e-002
259	-3.7723e-003
260	-1.2668e-002
261	-2.1571e-003
262	-4.3648e-003
263	-8.8154e-003
264	-1.3414e-002
265	-8.4009e-003
266	-1.051e-003
267	1.5617e-003
268	4.8303e-003
269	3.3738e-003
270	1.3507e-003
271	9.4394e-003
272	1.1681e-003
273	1.3703e-003
274	4.87e-003
275	1.6584e-003
276	1.1644e-003
277	6.4519e-004
278	5.3941e-003
279	1.0126e-002
280	8.0092e-004
281	1.6689e-002
282	0.
283	3.9851e-002
284	-5.0657e-004
285	1.162e-003
286	0.
287	1.3571e-002
288	-4.3661e-003
289	1.2846e-002
290	3.2834e-002
291	1.0667e-002
292	-4.9309e-004
293	-1.0418e-003
294	1.0397e-002
295	-3.5255e-004
296	1.1453e-004
297	1.4415e-002
298	-6.2064e-002
299	0.
300	0.
301	0.
302	0.
303	0.
304	0.
305	0.
306	0.
307	-1.7709e-002
308	-1.7674e-002
309	-1.4249e-002
310	-2.9402e-002
311	-4.8633e-002
312	-6.1207e-002
313	-5.3073e-002
314	0.
315	0.
316	0.
317	0.
318	0.
319	0.
320	0.
321	0.
322	0.
323	0.
324	0.
325	0.
326	0.
327	0.
328	0.
329	0.
330	0.
331	0.
332	0.
333	0.
334	-0.22703
335	-0.14665
336	-0.20785
337	-6.709e-002
338	-0.14787
339	-0.15055
340	-0.14274
341	-0.1156
342	-8.8146e-002
343	-7.2015e-002
344	-0.15185
345	-0.13694
346	-0.15831
347	-0.18054
348	-0.19696
349	-0.21198
350	-0.22374
351	-0.23124
352	0.
353	-4.1922e-002
354	-6.6231e-002
355	-9.0425e-002
356	-0.10911
357	-0.1313
358	-0.15049
359	-0.17074
360	-0.18937
361	-0.2112
362	0.
363	0.
364	0.
365	1.2592e-003
366	3.5211e-003
367	7.9797e-003
368	1.6388e-002
369	2.8248e-002
370	6.0243e-002
371	0.11443
372	0.11872
373	0.11247
374	9.013e-002
375	7.6946e-002
376	7.24e-002
377	6.3122e-002
378	5.3133e-002
379	4.8356e-002
380	3.9275e-002
381	2.918e-002
382	1.6243e-002
383	0.
384	-0.13953
385	-0.12767
386	-0.11639
387	-0.10233
388	-8.6097e-002
389	-6.9337e-002
390	-4.9039e-002
391	-2.569e-002
392	-1.9484e-002
393	0.
394	0.
395	0.
396	0.
397	0.
398	0.
399	0.
400	0.
401	0.16796
402	0.
403	0.
404	0.
405	0.
406	0.
407	0.
408	-1.5651e-002
409	7.3429e-003
410	8.8573e-003
411	3.5326e-002
412	9.6666e-003
413	1.6085e-003
414	7.2687e-003
415	3.8185e-003
416	1.7463e-003
417	9.4619e-002
418	9.1329e-002
419	-7.7631e-002
420	-0.152
421	-8.0211e-002
422	-0.14252
423	-0.11894
424	-4.4939e-002
425	-0.10102
426	-0.19353
427	-3.4843e-002
428	-0.17222
429	-4.7551e-002
430	-2.681e-002
431	0.
432	0.
433	0.
434	0.
435	0.
436	0.
437	0.
438	0.
439	0.
440	0.
441	0.
442	0.11078
443	0.10455
444	1.6622e-002
445	6.0654e-003
446	2.1653e-002
447	-7.8055e-002
448	-7.1995e-002
449	-2.2918e-002
450	-1.8567e-002
451	-7.4844e-002
452	-8.9506e-002
453	-0.10482
454	2.7821e-002
