Node Number	Directional Deformation (mm)
1	2.2506e-003
2	1.2094e-003
3	-0.49356
4	-0.46673
5	-0.43234
6	-0.42386
7	-0.33881
8	-0.17345
9	-3.3028e-002
10	-4.555e-002
11	-0.16127
12	5.7668e-002
13	-4.7075e-002
14	1.0344e-002
15	-2.0026e-002
16	5.5985e-003
17	9.3634e-003
18	4.0585e-004
19	-8.74e-004
20	-0.39455
21	-3.692e-003
22	-5.9107e-003
23	-7.1686e-003
24	-5.7299e-003
25	-3.0135e-002
26	-0.1129
27	-0.12541
28	-0.16571
29	-0.27632
30	-0.40067
31	-0.36267
32	-0.29348
33	-0.25921
34	-0.34288
35	-0.33596
36	-0.36374
37	-6.9801e-003
38	-8.1868e-003
39	-5.0936e-003
40	-8.4323e-004
41	6.0704e-003
42	5.8974e-003
43	3.748e-003
44	-0.36299
45	-6.5888e-003
46	-1.0139e-002
47	1.1433e-002
48	1.134e-003
49	3.7045e-002
50	1.9791e-002
51	2.344e-002
52	-1.4566e-002
53	-2.3984e-002
54	-0.56421
55	-0.50157
56	-0.38473
57	-0.16737
58	-0.25444
59	-0.27158
60	-0.33001
61	-0.36848
62	-0.37542
63	-0.37911
64	-0.38677
65	-0.43426
66	-0.47631
67	-6.5747e-003
68	3.3109e-004
69	2.9236e-003
70	2.8875e-003
71	1.4858e-003
72	-3.3848e-003
73	-6.977e-003
74	-0.4251
75	-8.3532e-003
76	-1.7543e-002
77	-4.1271e-002
78	0.13625
79	6.0759e-002
80	-0.53627
81	-7.2913e-002
82	9.7537e-002
83	2.7753e-002
84	-0.22446
85	-0.35932
86	-0.41187
87	-0.40045
88	-0.39182
89	-0.39219
90	-0.3678
91	3.2979e-002
92	2.3016e-002
93	-0.31317
94	6.3205e-003
95	0.19115
96	-0.13049
97	1.228e-003
98	6.8426e-002
99	-0.34951
100	-5.4618e-002
101	-9.8871e-002
102	-0.35787
103	-0.32648
104	1.3414e-002
105	-0.1575
106	-4.5173e-002
107	1.7998e-003
108	3.5887e-002
109	-0.25919
110	-3.6323e-002
111	5.8035e-003
112	-0.21375
113	5.4344e-003
114	7.5355e-002
115	-2.2715e-002
116	-1.7193e-004
117	-0.34902
118	-2.7767e-002
119	-3.596e-002
120	2.1847e-003
121	-0.32244
122	-0.25335
123	-0.23509
124	1.8626e-002
125	3.0397e-002
126	-0.11112
127	-0.11569
128	2.8225e-002
129	3.1939e-003
130	3.9156e-003
131	-0.34738
132	-0.38308
133	-5.5067e-002
134	3.0382e-004
135	-0.31541
136	0.
137	0.
138	1.2172e-004
139	1.4437e-004
140	3.5338e-005
141	-1.9724e-005
142	1.5658e-005
143	7.0871e-006
144	0.
145	0.
146	-1.82e-004
147	-1.171e-004
148	1.9086e-004
149	3.0021e-004
150	4.6625e-004
151	2.9532e-004
152	0.
153	0.
154	0.
155	0.
156	0.
157	0.
158	0.
159	0.
160	0.
161	0.
162	0.
163	0.
164	0.
165	0.
166	0.
167	0.
168	0.
169	0.
170	0.
171	0.
172	0.
173	0.
174	0.
175	0.
176	0.
177	0.
178	0.
179	0.
180	0.
181	0.
182	0.
183	0.
184	0.
185	0.
186	0.
187	0.
188	0.
189	0.
190	0.
191	0.
192	0.
193	0.
194	0.
195	0.
196	0.
197	0.
198	0.
199	0.
200	0.
201	0.
202	0.
203	0.
204	0.
205	0.
206	0.
207	0.
208	0.
209	0.
210	0.
211	0.
212	0.
213	0.
214	0.
215	0.
216	-1.1515e-002
217	-1.6334e-002
218	-1.6817e-002
219	-4.7968e-003
220	1.2015e-004
221	2.5535e-003
222	-1.2403e-002
223	-1.0191e-002
224	-3.24e-003
225	3.2516e-003
226	3.2359e-003
227	5.7618e-003
228	2.9958e-005
229	-3.2977e-004
230	-1.8237e-004
231	-6.5208e-005
232	-1.5245e-004
233	-3.8267e-004
234	-1.3589e-002
235	-3.2769e-002
236	-1.6163e-002
237	6.1942e-003
238	-5.5912e-004
239	1.7879e-003
240	-9.9694e-003
241	-2.4797e-002
242	-1.7311e-002
243	4.2942e-002
244	-2.2036e-003
245	2.3381e-003
246	0.
247	0.
248	3.2919e-003
249	1.4961e-003
250	-2.278e-003
251	1.7503e-004
252	7.5857e-003
253	-1.4347e-003
254	-7.2439e-003
255	-6.8911e-003
256	4.5751e-004
257	6.9018e-003
258	-1.0112e-003
259	3.877e-003
260	-7.6098e-004
261	-8.755e-004
262	-1.5613e-003
263	-5.634e-004
264	1.2585e-003
265	-8.3484e-003
266	1.5596e-004
267	3.0481e-003
268	-3.6833e-004
269	-1.539e-003
270	-1.393e-004
271	-3.4432e-004
272	7.1204e-005
273	-1.989e-002
274	-1.0234e-003
275	2.4288e-003
276	0.
277	7.5787e-004
278	1.6364e-003
279	0.
280	-7.4571e-003
281	-9.296e-003
282	2.4043e-003
283	1.2371e-003
284	-4.0936e-003
285	7.9521e-003
286	1.2906e-003
287	3.8459e-004
288	-1.2352e-003
289	-3.0259e-002
290	-2.67e-002
291	-2.8381e-002
292	-2.8212e-002
293	-2.8531e-002
294	-2.925e-002
295	-2.9382e-002
296	-2.916e-002
297	-1.7685e-002
298	-1.7523e-002
299	-2.3033e-002
300	-1.8259e-002
301	-2.1108e-002
302	-2.2069e-002
303	-2.415e-002
304	-2.3193e-002
305	-2.4425e-002
306	-2.5287e-002
307	-2.5981e-002
308	-2.6682e-002
309	-1.2436e-002
310	-1.6283e-002
311	-4.4141e-003
312	0.
313	0.
314	0.
315	0.
316	0.
317	0.
318	0.
319	0.
320	0.
321	4.2179e-004
322	-2.0739e-003
323	-1.9306e-002
324	-3.0086e-002
325	-2.9304e-002
326	-2.99e-002
327	-3.0174e-002
328	-2.9129e-002
329	-2.6251e-002
330	-2.4562e-002
331	-2.2911e-002
332	-5.4781e-005
333	-1.3905e-004
334	-2.798e-004
335	-5.1444e-004
336	-1.1049e-003
337	-1.2811e-003
338	-1.2584e-003
339	-1.8338e-003
340	-4.7896e-003
341	-8.2595e-003
342	-1.0859e-002
343	-1.0567e-002
344	-1.238e-002
345	-1.2944e-002
346	-1.4359e-002
347	-1.3474e-002
348	-1.4907e-002
349	-1.5421e-002
350	-1.7183e-002
351	0.
352	0.
353	0.
354	0.
355	0.
356	0.
357	0.
358	0.
359	0.
360	-4.7902e-003
361	-1.0659e-002
362	-1.4786e-002
363	6.0063e-004
364	4.3002e-004
365	2.8476e-004
366	1.3912e-004
367	1.8723e-005
368	-2.7208e-005
369	-1.7715e-002
370	-1.9434e-002
371	-2.3042e-002
372	-1.9712e-002
373	-1.8961e-002
374	-1.8529e-002
375	-3.8193e-003
376	-4.4066e-003
377	-3.3262e-003
378	-3.6212e-003
379	-3.4719e-003
380	-3.8763e-003
381	-1.1436e-002
382	-1.1888e-002
383	-9.2636e-003
384	-1.1651e-002
385	-9.9297e-003
386	-9.6461e-003
387	0.
388	0.
389	0.
390	0.
391	0.
392	0.
393	0.
394	0.
395	0.
396	0.
397	0.
398	0.
399	-9.7924e-003
400	-1.1664e-002
401	-5.7258e-003
402	0.
403	0.
404	0.
405	0.
406	0.
407	0.
408	0.
409	0.
410	0.
411	0.
412	0.
413	0.
414	-2.9086e-002
415	-2.7002e-002
416	-2.3241e-002
417	-2.717e-002
418	-2.5496e-002
419	-2.3122e-002
420	-2.8959e-002
421	-2.1472e-002
422	-2.8893e-002
423	-2.6519e-002
424	6.4212e-005
425	1.7848e-003
426	-1.0617e-004
427	-7.7721e-004
428	-1.0211e-002
429	-9.7369e-004
430	-1.3441e-002
431	-1.3345e-002
432	-1.5886e-002
433	-2.6742e-004
434	4.8116e-003
435	-2.0545e-004
436	-1.3777e-002
437	-1.047e-002
438	-1.5211e-002
439	-7.9487e-003
440	-1.6487e-002
441	-6.0926e-003
442	-4.8565e-003
443	-8.1304e-003
444	-2.6323e-002
445	-2.2532e-002
446	-2.5466e-002
