Node Number	Directional Deformation (mm)
1	-3.5662e-003
2	-2.4974e-003
3	-0.11508
4	-0.14512
5	-0.16424
6	-0.20693
7	-0.18281
8	-8.2961e-002
9	-7.5161e-003
10	-1.066e-002
11	-6.2711e-002
12	2.798e-002
13	-1.5421e-002
14	6.4303e-003
15	-7.6768e-003
16	5.459e-003
17	-4.6958e-003
18	-8.4125e-003
19	-5.9874e-003
20	2.7597e-002
21	-2.6135e-003
22	-3.3005e-003
23	-7.5591e-003
24	-4.7846e-003
25	-2.2734e-002
26	-8.1075e-002
27	-9.2688e-002
28	-9.7544e-002
29	-0.13176
30	-0.27473
31	-0.25227
32	-0.13365
33	-5.4957e-002
34	-8.8847e-002
35	-3.3091e-002
36	-3.2438e-003
37	-8.9624e-004
38	-2.1696e-003
39	-1.4713e-003
40	7.6466e-004
41	2.7825e-003
42	5.7578e-004
43	-3.5623e-003
44	7.857e-003
45	-1.1127e-003
46	-5.5588e-003
47	3.1974e-004
48	-1.0747e-002
49	2.4445e-002
50	3.9384e-002
51	1.6773e-002
52	-1.7205e-002
53	-2.407e-002
54	-0.50986
55	-0.43375
56	-0.29492
57	-4.4171e-002
58	-7.3172e-002
59	-2.4078e-002
60	-1.9775e-002
61	3.118e-003
62	-2.339e-003
63	-3.1549e-003
64	-6.0991e-003
65	-5.3883e-002
66	-9.7381e-002
67	-1.8291e-003
68	-1.9597e-003
69	-7.9618e-004
70	1.854e-003
71	1.6821e-003
72	-1.5048e-003
73	-2.4729e-003
74	-5.1372e-002
75	-2.9814e-003
76	-4.6646e-003
77	-2.4278e-002
78	5.9268e-002
79	-3.0704e-002
80	-0.58593
81	-9.3108e-002
82	9.5519e-002
83	0.11009
84	-4.0182e-002
85	-7.2771e-002
86	-3.4769e-002
87	-1.0515e-002
88	1.3786e-002
89	2.349e-002
90	-0.14398
91	4.2639e-002
92	1.1577e-002
93	-0.19018
94	3.5785e-003
95	0.13754
96	-3.1573e-002
97	-1.84e-004
98	4.8998e-002
99	-7.8524e-002
100	-4.32e-002
101	7.6108e-003
102	-0.21436
103	-8.4251e-003
104	-9.4964e-004
105	-7.3078e-002
106	-3.8166e-002
107	8.205e-003
108	1.0652e-003
109	-9.6586e-002
110	-2.5111e-002
111	2.8894e-002
112	-8.3778e-003
113	1.0172e-002
114	8.4965e-002
115	-1.3706e-002
116	-1.6924e-003
117	-7.7149e-002
118	-1.0841e-002
119	-2.3369e-002
120	-4.6716e-003
121	-4.8018e-002
122	-0.2205
123	-9.8905e-002
124	7.5507e-003
125	-7.7371e-003
126	-5.6756e-002
127	-5.3151e-002
128	2.4683e-002
129	3.9373e-003
130	4.7452e-003
131	-3.6882e-002
132	-0.32229
133	-8.194e-003
134	6.2526e-003
135	-0.18009
136	0.
137	0.
138	9.8528e-006
139	1.0683e-005
140	-5.8008e-006
141	-1.1829e-005
142	-1.3877e-006
143	-2.733e-007
144	0.
145	0.
146	-2.4063e-005
147	-1.9327e-005
148	1.1512e-005
149	2.212e-005
150	4.3078e-005
151	2.941e-005
152	0.
153	0.
154	0.
155	0.
156	0.
157	0.
158	0.
159	0.
160	0.
161	0.
162	0.
163	0.
164	0.
165	0.
166	0.
167	0.
168	0.
169	0.
170	0.
171	0.
172	0.
173	0.
174	0.
175	0.
176	0.
177	0.
178	0.
179	0.
180	0.
181	0.
182	0.
183	0.
184	0.
185	0.
186	0.
187	0.
188	0.
189	0.
190	0.
191	0.
192	0.
193	0.
194	0.
195	0.
196	0.
197	0.
198	0.
199	0.
200	0.
201	0.
202	0.
203	0.
204	0.
205	0.
206	0.
207	0.
208	0.
209	0.
210	0.
211	0.
212	0.
213	0.
214	0.
215	0.
216	-1.0069e-003
217	-1.4381e-003
218	-2.5894e-003
219	-1.7892e-003
220	-2.8547e-004
221	1.564e-004
222	-7.7015e-004
223	-1.5948e-003
224	-1.2618e-003
225	-3.4026e-004
226	4.3957e-004
227	5.3098e-004
228	-1.93e-005
229	1.0075e-005
230	1.7881e-004
231	8.6054e-005
232	-5.9724e-005
233	-7.2031e-005
234	-2.487e-003
235	-9.7934e-003
236	1.5252e-003
237	1.4463e-002
238	-2.1515e-003
239	8.8228e-004
240	2.5399e-004
241	-8.2763e-003
242	-1.6127e-002
243	1.5216e-002
244	-2.9918e-003
245	-1.3314e-004
246	0.
247	0.
248	-9.1284e-004
249	-1.9501e-003
250	-2.0923e-003
251	-2.3655e-004
252	1.5173e-003
253	-2.11e-004
254	-2.8669e-003
255	-3.1888e-003
256	-1.0048e-004
257	5.0398e-003
258	-9.983e-004
259	-1.7156e-004
260	-1.5748e-004
261	-2.3723e-004
262	-4.1518e-004
263	-8.6823e-005
264	1.1776e-004
265	-8.1555e-004
266	1.6777e-006
267	9.0159e-005
268	-5.001e-005
269	-2.3925e-004
270	-3.9379e-005
271	-5.6359e-005
272	-7.1732e-006
273	-2.6075e-003
274	-2.5692e-004
275	-1.0362e-003
276	0.
277	-4.919e-004
278	7.7146e-005
279	0.
280	-5.3451e-003
281	2.0163e-003
282	-1.4761e-003
283	-8.9768e-004
284	-4.3755e-003
285	4.0096e-003
286	-5.175e-004
287	-1.5353e-003
288	-7.0495e-005
289	-1.6865e-006
290	-2.8957e-006
291	-1.8345e-006
292	-2.0298e-006
293	-2.2479e-006
294	-2.4674e-006
295	-2.6679e-006
296	-2.8603e-006
297	-1.6784e-006
298	-1.9179e-007
299	-9.0883e-007
300	-5.9902e-007
301	-1.6602e-006
302	-1.9162e-006
303	-2.3443e-006
304	-2.4429e-006
305	-2.6641e-006
306	-2.7383e-006
307	-2.8451e-006
308	-2.8929e-006
309	6.2848e-007
310	5.4043e-008
311	1.1585e-006
312	0.
313	0.
314	0.
315	0.
316	0.
317	0.
318	0.
319	0.
320	0.
321	-1.1061e-007
322	1.2456e-006
323	-8.6862e-007
324	-1.6595e-006
325	-1.5738e-006
326	-1.5064e-006
327	-1.4109e-006
328	-1.3086e-006
329	-1.086e-006
330	-8.9414e-007
331	-9.5082e-007
332	-2.9811e-008
333	-5.8388e-008
334	-9.6604e-008
335	-1.6991e-007
336	-2.7704e-007
337	-2.6276e-007
338	-3.5446e-008
339	4.2445e-007
340	4.9746e-007
341	8.1102e-007
342	7.6868e-007
343	9.8729e-007
344	8.6539e-007
345	7.0595e-007
346	4.6992e-007
347	3.0126e-007
348	8.1447e-008
349	-2.1702e-008
350	-1.4603e-007
351	0.
352	0.
353	0.
354	0.
355	0.
356	0.
357	0.
358	0.
359	0.
360	-6.3553e-007
361	-2.5151e-007
362	-5.7159e-007
363	-6.6402e-008
364	-5.2975e-008
365	-3.1643e-008
366	-1.8627e-008
367	-9.3712e-009
368	-2.1691e-008
369	-8.1471e-007
370	-2.9903e-007
371	-5.9207e-007
372	-6.3324e-007
373	-5.2676e-007
374	-7.5153e-007
375	-1.5072e-007
376	-1.3583e-006
377	6.2011e-007
378	1.0532e-006
379	1.2068e-006
380	6.4386e-007
381	8.9438e-007
382	-7.257e-007
383	-3.3655e-007
384	7.8708e-007
385	6.2607e-007
386	-1.066e-007
387	0.
388	0.
389	0.
390	0.
391	0.
392	0.
393	0.
394	0.
395	0.
396	0.
397	0.
398	0.
399	1.0587e-006
400	-1.341e-007
401	9.7477e-007
402	0.
403	0.
404	0.
405	0.
406	0.
407	0.
408	0.
409	0.
410	0.
411	0.
412	0.
413	0.
414	-1.8581e-006
415	-1.7722e-006
416	-1.5512e-006
417	-2.4575e-006
418	-2.2725e-006
419	-1.0772e-006
420	-2.0703e-006
421	-1.5112e-006
422	-2.5447e-006
423	-1.3946e-006
424	-6.6058e-009
425	4.0898e-007
426	-4.8271e-008
427	-1.6595e-007
428	4.6878e-007
429	5.3673e-008
430	-1.1337e-007
431	5.194e-007
432	-3.6276e-007
433	-5.1568e-008
434	3.728e-007
435	7.2337e-007
436	-1.2564e-006
437	-3.5408e-007
438	-1.0389e-006
439	3.1302e-007
440	-2.8585e-007
441	8.052e-007
442	-3.3687e-007
443	-2.2919e-008
444	-1.9005e-006
445	-7.7891e-007
446	-1.4819e-006
