Node Number	Directional Deformation (mm)
1	4.2363e-004
2	-1.0345e-003
3	-0.19521
4	-0.15623
5	-0.10226
6	-7.1117e-002
7	-6.7179e-003
8	3.7743e-002
9	7.6812e-002
10	0.10148
11	-4.9226e-002
12	3.728e-002
13	2.5293e-002
14	1.7378e-002
15	-8.778e-003
16	-6.1525e-003
17	9.3683e-004
18	1.6621e-003
19	1.867e-004
20	-0.17874
21	-7.3687e-004
22	2.0737e-003
23	8.5091e-003
24	1.0373e-002
25	1.047e-002
26	-9.1683e-003
27	-2.2569e-002
28	-3.4811e-002
29	-0.12273
30	-0.12395
31	-0.22019
32	-0.19388
33	-0.17042
34	-0.22155
35	-0.18721
36	-0.18426
37	1.5674e-003
38	2.489e-003
39	2.2014e-003
40	-6.1034e-004
41	-2.205e-003
42	-1.3894e-003
43	-2.7506e-004
44	-7.8815e-002
45	2.4853e-003
46	4.3632e-003
47	5.9063e-003
48	2.2449e-003
49	-3.4984e-004
50	-2.4439e-002
51	-1.1512e-002
52	-2.6432e-002
53	9.2221e-003
54	-0.15397
55	-0.22309
56	-0.25547
57	-0.16746
58	-0.19172
59	-0.13338
60	-0.11909
61	-9.7941e-002
62	-9.9955e-002
63	-8.6807e-002
64	-9.852e-002
65	-0.12391
66	-0.15257
67	1.1621e-003
68	-8.212e-004
69	6.9458e-004
70	-9.0971e-004
71	1.5439e-005
72	1.0663e-003
73	7.3344e-004
74	-0.11942
75	-1.9925e-004
76	7.8665e-004
77	4.0853e-003
78	3.5911e-002
79	-6.2188e-002
80	-0.19244
81	1.1335e-002
82	6.1662e-002
83	7.229e-002
84	-4.2551e-002
85	-0.12321
86	-9.1569e-002
87	-0.10627
88	-0.13507
89	-0.16539
90	-0.22282
91	1.7652e-002
92	1.5438e-003
93	-0.13503
94	-5.1232e-004
95	-7.9934e-003
96	-2.184e-002
97	2.2259e-003
98	3.6943e-002
99	-0.13222
100	-1.9882e-003
101	3.6018e-002
102	-0.17506
103	-0.17363
104	1.5356e-002
105	-5.4193e-002
106	1.1427e-002
107	5.9636e-003
108	1.2057e-002
109	-8.3794e-002
110	3.8596e-003
111	2.5113e-002
112	-1.3393e-002
113	-3.8596e-003
114	2.6629e-003
115	2.2775e-002
116	3.1343e-003
117	-8.4932e-002
118	-5.9119e-002
119	8.8291e-004
120	-1.2059e-003
121	-0.16781
122	-0.14334
123	-0.16611
124	1.5698e-003
125	2.2814e-002
126	-4.1996e-002
127	-5.5767e-002
128	-5.4862e-003
129	6.7497e-003
130	-3.5364e-003
131	-7.4956e-002
132	-0.21742
133	-3.1164e-002
134	-1.5422e-002
135	-7.5258e-003
136	0.
137	0.
138	-1.4521e-003
139	-1.0568e-003
140	-3.8781e-004
141	8.2723e-005
142	5.0349e-004
143	3.0444e-004
144	0.
145	0.
146	-2.5874e-004
147	-2.0849e-004
148	-2.8846e-004
149	-6.282e-004
150	-1.2825e-003
151	-1.141e-003
152	0.
153	0.
154	0.
155	0.
156	0.
157	0.
158	0.
159	0.
160	0.
161	0.
162	0.
163	0.
164	0.
165	0.
166	0.
167	0.
168	0.
169	0.
170	0.
171	0.
172	0.
173	0.
174	0.
175	0.
176	0.
177	0.
178	0.
179	0.
180	0.
181	0.
182	0.
183	0.
184	0.
185	0.
186	0.
187	0.
188	0.
189	0.
190	0.
191	0.
192	0.
193	0.
194	0.
195	0.
196	0.
197	0.
198	0.
199	0.
200	0.
201	0.
202	0.
203	0.
204	0.
205	0.
206	0.
207	0.
208	0.
209	0.
210	0.
211	0.
212	0.
213	0.
214	0.
215	0.
216	-2.6627e-002
217	-3.5645e-002
218	-3.3511e-002
219	-1.4828e-003
220	9.4936e-003
221	1.1268e-002
222	-2.4654e-002
223	-2.7106e-002
224	-1.7696e-002
225	3.0521e-004
226	1.2459e-002
227	1.7411e-002
228	-5.4656e-005
229	-8.9745e-004
230	-1.3476e-003
231	-1.2524e-003
232	-9.1807e-004
233	-1.0041e-003
234	-4.7842e-003
235	-1.3537e-002
236	-1.4056e-002
237	-1.8323e-002
238	7.4722e-003
239	8.1445e-003
240	-2.7239e-002
241	-3.7841e-002
242	-4.936e-002
243	2.0264e-002
244	-5.7204e-003
245	1.9065e-002
246	0.
247	0.
248	1.3493e-002
249	-9.4776e-004
250	2.3097e-003
251	-7.8573e-004
252	6.362e-003
253	-3.3619e-003
254	-1.0123e-002
255	-7.8644e-003
256	5.5028e-004
257	9.3583e-003
258	-4.0084e-004
259	5.9057e-003
260	-5.6958e-003
261	-5.6412e-003
262	-3.3574e-003
263	-3.8476e-003
264	3.3553e-003
265	-2.1672e-002
266	-2.9114e-003
267	1.1573e-002
268	-6.5461e-004
269	-7.3992e-003
270	-3.4583e-003
271	-1.6205e-003
272	-3.1315e-003
273	-3.0194e-002
274	-6.235e-003
275	1.4542e-003
276	0.
277	8.7422e-003
278	6.8836e-003
279	0.
280	-1.6068e-002
281	-1.1209e-002
282	4.6584e-003
283	-3.6905e-003
284	-8.0372e-003
285	-2.9349e-003
286	3.1344e-003
287	5.5842e-003
288	-3.6516e-003
289	-0.21229
290	-0.18985
291	-0.19771
292	-0.19717
293	-0.20049
294	-0.20717
295	-0.20905
296	-0.20812
297	-0.10566
298	-9.952e-002
299	-0.14896
300	-7.0313e-002
301	-0.15727
302	-0.17086
303	-0.18554
304	-0.17297
305	-0.17987
306	-0.1836
307	-0.18634
308	-0.19037
309	-3.1005e-002
310	1.0242e-003
311	-2.2315e-002
312	0.
313	0.
314	0.
315	0.
316	0.
317	0.
318	0.
319	0.
320	0.
321	4.38e-003
322	-1.7026e-002
323	-0.21245
324	-0.21089
325	-0.20529
326	-0.21151
327	-0.21619
328	-0.21838
329	-0.20566
330	-0.20416
331	-0.20821
332	-5.3849e-004
333	-1.405e-003
334	-2.8313e-003
335	-5.2246e-003
336	-1.1112e-002
337	-1.2878e-002
338	-1.2167e-002
339	6.9692e-004
340	-9.2942e-003
341	-2.796e-002
342	-4.2162e-002
343	-3.5791e-002
344	-5.1623e-002
345	-5.7645e-002
346	-7.1598e-002
347	-6.602e-002
348	-7.8339e-002
349	-8.2914e-002
350	-9.6929e-002
351	0.
352	0.
353	0.
354	0.
355	0.
356	0.
357	0.
358	0.
359	0.
360	-5.6507e-002
361	-0.13507
362	-0.18831
363	6.1995e-003
364	4.444e-003
365	2.9259e-003
366	1.443e-003
367	2.2426e-004
368	-2.5211e-004
369	-0.11614
370	-0.13686
371	-0.15672
372	-0.15997
373	-0.17352
374	-0.19258
375	-2.6688e-002
376	-3.4594e-002
377	-2.6682e-002
378	-2.751e-002
379	-2.4604e-002
380	-4.164e-002
381	-6.4138e-002
382	-7.704e-002
383	-7.5901e-002
384	-8.666e-002
385	-8.8806e-002
386	-0.11173
387	0.
388	0.
389	0.
390	0.
391	0.
392	0.
393	0.
394	0.
395	0.
396	0.
397	0.
398	0.
399	-4.3616e-002
400	-8.326e-002
401	-2.4255e-002
402	0.
403	0.
404	0.
405	0.
406	0.
407	0.
408	0.
409	0.
410	0.
411	0.
412	0.
413	0.
414	-0.21026
415	-0.20245
416	-0.18301
417	-0.19639
418	-0.19251
419	-0.19056
420	-0.2033
421	-0.17204
422	-0.20498
423	-0.20237
424	6.6074e-004
425	1.5349e-002
426	-1.0795e-003
427	-7.8318e-003
428	-4.1898e-002
429	-1.0055e-002
430	-6.9706e-002
431	-6.4514e-002
432	-8.9173e-002
433	-2.7856e-003
434	4.8146e-002
435	-2.6976e-003
436	-8.5808e-002
437	-6.646e-002
438	-8.9625e-002
439	-6.3876e-002
440	-0.13183
441	-3.8974e-002
442	-3.6841e-002
443	-6.0507e-002
444	-0.18063
445	-0.1516
446	-0.17173
