Node Number	Directional Deformation (mm)
1	-3.6997e-003
2	-2.355e-003
3	-0.12916
4	-0.15699
5	-0.17401
6	-0.21481
7	-0.18908
8	-8.7514e-002
9	-1.0544e-002
10	-1.2694e-002
11	-6.6523e-002
12	2.8964e-002
13	-1.7143e-002
14	6.6621e-003
15	-8.0111e-003
16	5.65e-003
17	-4.2614e-003
18	-8.3657e-003
19	-6.1478e-003
20	1.2966e-002
21	-2.6562e-003
22	-3.4824e-003
23	-7.9396e-003
24	-4.9888e-003
25	-2.3025e-002
26	-8.2098e-002
27	-9.3456e-002
28	-9.8614e-002
29	-0.13508
30	-0.27746
31	-0.25551
32	-0.13801
33	-6.1142e-002
34	-9.6882e-002
35	-4.3232e-002
36	-1.5588e-002
37	-1.2715e-003
38	-2.5938e-003
39	-1.8252e-003
40	6.2256e-004
41	2.8956e-003
42	6.3689e-004
43	-3.5583e-003
44	-5.1349e-003
45	-1.517e-003
46	-6.1104e-003
47	5.181e-004
48	-1.0347e-002
49	2.5123e-002
50	3.867e-002
51	1.7468e-002
52	-1.7363e-002
53	-2.1725e-002
54	-0.50538
55	-0.43079
56	-0.29373
57	-4.58e-002
58	-7.745e-002
59	-3.1604e-002
60	-3.0092e-002
61	-9.8888e-003
62	-1.555e-002
63	-1.6686e-002
64	-1.9835e-002
65	-6.7836e-002
66	-0.11144
67	-2.2277e-003
68	-1.9333e-003
69	-8.2043e-004
70	1.8626e-003
71	1.5488e-003
72	-1.7907e-003
73	-2.8519e-003
74	-6.598e-002
75	-3.4051e-003
76	-5.507e-003
77	-2.5899e-002
78	6.0434e-002
79	-3.0056e-002
80	-0.59004
81	-9.1493e-002
82	9.5764e-002
83	0.10654
84	-4.7067e-002
85	-8.3619e-002
86	-4.9432e-002
87	-2.5219e-002
88	-8.4675e-004
89	8.873e-003
90	-0.15116
91	4.3004e-002
92	1.1982e-002
93	-0.19203
94	3.4412e-003
95	0.1393
96	-3.4803e-002
97	-3.9943e-004
98	5.0861e-002
99	-8.847e-002
100	-4.4271e-002
101	7.7135e-003
102	-0.21852
103	-1.9162e-002
104	-5.6625e-004
105	-7.5466e-002
106	-3.699e-002
107	8.1317e-003
108	1.2734e-003
109	-0.10213
110	-2.6271e-002
111	2.9831e-002
112	-1.5174e-002
113	9.9349e-003
114	8.2498e-002
115	-1.405e-002
116	-1.9654e-003
117	-8.6647e-002
118	-1.1403e-002
119	-2.322e-002
120	-4.5925e-003
121	-5.666e-002
122	-0.21793
123	-0.10131
124	7.9834e-003
125	-7.0354e-003
126	-5.8214e-002
127	-5.519e-002
128	2.4984e-002
129	4.1645e-003
130	4.6918e-003
131	-4.7931e-002
132	-0.31998
133	-1.0184e-002
134	6.1035e-003
135	-0.18551
136	0.
137	0.
138	6.7827e-006
139	7.277e-006
140	-7.8715e-006
141	-1.2152e-005
142	1.0419e-006
143	2.6321e-006
144	0.
145	0.
146	-2.5499e-005
147	-2.1837e-005
148	9.5942e-006
149	2.1492e-005
150	4.4335e-005
151	3.1562e-005
152	0.
153	0.
154	0.
155	0.
156	0.
157	0.
158	0.
159	0.
160	0.
161	0.
162	0.
163	0.
164	0.
165	0.
166	0.
167	0.
168	0.
169	0.
170	0.
171	0.
172	0.
173	0.
174	0.
175	0.
176	0.
177	0.
178	0.
179	0.
180	0.
181	0.
182	0.
183	0.
184	0.
185	0.
186	0.
187	0.
188	0.
189	0.
190	0.
191	0.
192	0.
193	0.
194	0.
195	0.
196	0.
197	0.
198	0.
199	0.
200	0.
201	0.
202	0.
203	0.
204	0.
205	0.
206	0.
207	0.
208	0.
209	0.
210	0.
211	0.
212	0.
213	0.
214	0.
215	0.
216	-9.9881e-004
217	-1.4157e-003
218	-2.5811e-003
219	-1.7872e-003
220	-2.6523e-004
221	1.6915e-004
222	-7.7123e-004
223	-1.584e-003
224	-1.2449e-003
225	-3.3368e-004
226	4.573e-004
227	5.6043e-004
228	-3.5083e-005
229	-1.1875e-005
230	1.6451e-004
231	7.6231e-005
232	-7.3903e-005
233	-8.3028e-005
234	-2.5821e-003
235	-1.0124e-002
236	1.1088e-003
237	1.4969e-002
238	-2.1245e-003
239	9.1326e-004
240	2.1754e-004
241	-8.3499e-003
242	-1.64e-002
243	1.5538e-002
244	-3.1936e-003
245	-9.2112e-005
246	0.
247	0.
248	-9.6285e-004
249	-2.0158e-003
250	-2.166e-003
251	-2.3918e-004
252	1.5262e-003
253	-2.253e-004
254	-2.9802e-003
255	-3.5436e-003
256	-1.1547e-004
257	5.1842e-003
258	-1.0397e-003
259	-1.5611e-004
260	-1.6123e-004
261	-2.4093e-004
262	-4.1063e-004
263	-8.5944e-005
264	1.2018e-004
265	-8.1655e-004
266	8.9584e-008
267	9.3904e-005
268	-5.059e-005
269	-2.4353e-004
270	-3.6923e-005
271	-5.8109e-005
272	-8.66e-006
273	-2.5675e-003
274	-2.5669e-004
275	-1.0439e-003
276	0.
277	-4.1524e-004
278	7.3122e-005
279	0.
280	-5.3863e-003
281	2.0918e-003
282	-1.5502e-003
283	-9.1962e-004
284	-4.5461e-003
285	4.101e-003
286	-5.186e-004
287	-1.631e-003
288	-9.6291e-005
289	-1.6865e-006
290	-2.8957e-006
291	-1.8345e-006
292	-2.0298e-006
293	-2.2479e-006
294	-2.4674e-006
295	-2.6679e-006
296	-2.8603e-006
297	-1.6784e-006
298	-1.9179e-007
299	-9.0883e-007
300	-5.9902e-007
301	-1.6602e-006
302	-1.9162e-006
303	-2.3443e-006
304	-2.4429e-006
305	-2.6641e-006
306	-2.7383e-006
307	-2.8451e-006
308	-2.8929e-006
309	6.2848e-007
310	5.4043e-008
311	1.1585e-006
312	0.
313	0.
314	0.
315	0.
316	0.
317	0.
318	0.
319	0.
320	0.
321	-1.1061e-007
322	1.2456e-006
323	-8.6862e-007
324	-1.6595e-006
325	-1.5738e-006
326	-1.5064e-006
327	-1.4109e-006
328	-1.3086e-006
329	-1.086e-006
330	-8.9414e-007
331	-9.5082e-007
332	-2.9811e-008
333	-5.8388e-008
334	-9.6604e-008
335	-1.6991e-007
336	-2.7704e-007
337	-2.6276e-007
338	-3.5446e-008
339	4.2445e-007
340	4.9746e-007
341	8.1102e-007
342	7.6868e-007
343	9.8729e-007
344	8.6539e-007
345	7.0595e-007
346	4.6992e-007
347	3.0126e-007
348	8.1447e-008
349	-2.1702e-008
350	-1.4603e-007
351	0.
352	0.
353	0.
354	0.
355	0.
356	0.
357	0.
358	0.
359	0.
360	-6.3553e-007
361	-2.5151e-007
362	-5.7159e-007
363	-6.6402e-008
364	-5.2975e-008
365	-3.1643e-008
366	-1.8627e-008
367	-9.3712e-009
368	-2.1691e-008
369	-8.1471e-007
370	-2.9903e-007
371	-5.9207e-007
372	-6.3324e-007
373	-5.2676e-007
374	-7.5153e-007
375	-1.5072e-007
376	-1.3583e-006
377	6.2011e-007
378	1.0532e-006
379	1.2068e-006
380	6.4386e-007
381	8.9438e-007
382	-7.257e-007
383	-3.3655e-007
384	7.8708e-007
385	6.2607e-007
386	-1.066e-007
387	0.
388	0.
389	0.
390	0.
391	0.
392	0.
393	0.
394	0.
395	0.
396	0.
397	0.
398	0.
399	1.0587e-006
400	-1.341e-007
401	9.7477e-007
402	0.
403	0.
404	0.
405	0.
406	0.
407	0.
408	0.
409	0.
410	0.
411	0.
412	0.
413	0.
414	-1.8581e-006
415	-1.7722e-006
416	-1.5512e-006
417	-2.4575e-006
418	-2.2725e-006
419	-1.0772e-006
420	-2.0703e-006
421	-1.5112e-006
422	-2.5447e-006
423	-1.3946e-006
424	-6.6058e-009
425	4.0898e-007
426	-4.8271e-008
427	-1.6595e-007
428	4.6878e-007
429	5.3673e-008
430	-1.1337e-007
431	5.194e-007
432	-3.6276e-007
433	-5.1568e-008
434	3.728e-007
435	7.2337e-007
436	-1.2564e-006
437	-3.5408e-007
438	-1.0389e-006
439	3.1302e-007
440	-2.8585e-007
441	8.052e-007
442	-3.3687e-007
443	-2.2919e-008
444	-1.9005e-006
445	-7.7891e-007
446	-1.4819e-006
