Node Number	Directional Deformation (mm)
1	2.1699e-004
2	-1.2276e-003
3	-0.69096
4	-0.63055
5	-0.56102
6	-0.52118
7	-0.41369
8	-0.23999
9	-9.5923e-002
10	-0.13415
11	-0.22237
12	7.0366e-002
13	-5.2782e-002
14	1.0786e-002
15	-2.6349e-002
16	3.6483e-003
17	1.105e-002
18	7.4841e-004
19	-1.9651e-003
20	-0.57328
21	-3.999e-003
22	-3.2834e-003
23	-7.7892e-005
24	-1.8731e-004
25	-3.0037e-002
26	-0.12398
27	-0.15311
28	-0.19934
29	-0.34823
30	-0.45304
31	-0.37717
32	-0.30454
33	-0.29231
34	-0.42013
35	-0.4544
36	-0.5136
37	-4.3651e-003
38	-5.467e-003
39	-2.9198e-003
40	-8.8528e-004
41	3.7469e-003
42	3.0792e-003
43	1.1266e-003
44	-0.5462
45	-4.4206e-003
46	-8.4408e-003
47	1.1165e-002
48	1.5879e-004
49	3.4701e-002
50	2.0385e-002
51	3.2087e-002
52	-2.7236e-002
53	-3.3336e-002
54	-0.47483
55	-0.43088
56	-0.34655
57	-0.17981
58	-0.31073
59	-0.37177
60	-0.47215
61	-0.55005
62	-0.55873
63	-0.56552
64	-0.57067
65	-0.62471
66	-0.67232
67	-4.8938e-003
68	-1.7406e-003
69	1.8734e-003
70	1.7712e-003
71	2.3107e-003
72	-1.745e-003
73	-5.6449e-003
74	-0.66752
75	-8.5492e-003
76	-1.9342e-002
77	-4.377e-002
78	0.12592
79	2.8183e-002
80	-0.68722
81	-8.9202e-002
82	5.9108e-002
83	-6.399e-002
84	-0.35916
85	-0.54409
86	-0.64881
87	-0.62291
88	-0.59425
89	-0.57975
90	-0.45032
91	7.998e-002
92	2.539e-002
93	-0.30154
94	7.673e-003
95	0.1756
96	-0.20798
97	3.7068e-003
98	6.8749e-002
99	-0.50636
100	-5.615e-002
101	-8.3176e-002
102	-0.37037
103	-0.45603
104	1.9676e-002
105	-0.18111
106	-0.11869
107	1.2566e-002
108	4.1453e-002
109	-0.30511
110	-3.3951e-002
111	3.7532e-002
112	-0.29317
113	6.589e-003
114	8.5702e-002
115	1.6576e-002
116	1.8286e-003
117	-0.4658
118	-5.6505e-002
119	-4.9686e-002
120	1.3791e-003
121	-0.43476
122	-0.18883
123	-0.26191
124	2.1609e-002
125	2.0192e-002
126	-9.4448e-002
127	-0.18465
128	2.7851e-002
129	8.7053e-003
130	2.2468e-003
131	-0.49834
132	-0.32813
133	-5.9338e-002
134	-3.0334e-003
135	-0.37503
136	0.
137	0.
138	1.7899e-005
139	-2.0419e-004
140	-8.1104e-004
141	-8.3918e-004
142	-1.1241e-004
143	1.9567e-004
144	0.
145	0.
146	-9.2021e-004
147	-9.809e-004
148	-1.3886e-004
149	3.0925e-004
150	1.2157e-003
151	1.031e-003
152	0.
153	0.
154	0.
155	0.
156	0.
157	0.
158	0.
159	0.
160	0.
161	0.
162	0.
163	0.
164	0.
165	0.
166	0.
167	0.
168	0.
169	0.
170	0.
171	0.
172	0.
173	0.
174	0.
175	0.
176	0.
177	0.
178	0.
179	0.
180	0.
181	0.
182	0.
183	0.
184	0.
185	0.
186	0.
187	0.
188	0.
189	0.
190	0.
191	0.
192	0.
193	0.
194	0.
195	0.
196	0.
197	0.
198	0.
199	0.
200	0.
201	0.
202	0.
203	0.
204	0.
205	0.
206	0.
207	0.
208	0.
209	0.
210	0.
211	0.
212	0.
213	0.
214	0.
215	0.
216	-2.4641e-002
217	-2.8019e-002
218	-1.9698e-002
219	1.3199e-002
220	2.3494e-002
221	1.8381e-002
222	-2.2905e-002
223	-2.8835e-002
224	-1.1991e-002
225	1.7789e-002
226	3.4622e-002
227	3.2896e-002
228	-1.3553e-003
229	-2.262e-003
230	-1.3747e-003
231	-2.4701e-004
232	5.5025e-004
233	1.9479e-004
234	-7.4282e-003
235	-3.5271e-002
236	-4.3309e-002
237	1.5355e-002
238	-1.4836e-002
239	9.4435e-003
240	-4.2368e-003
241	-4.748e-002
242	-2.9947e-002
243	9.3373e-002
244	-1.8594e-002
245	4.8218e-002
246	0.
247	0.
248	1.4816e-002
249	2.9906e-003
250	1.1024e-004
251	-1.0436e-003
252	2.1524e-002
253	-2.1067e-003
254	-2.0924e-002
255	-1.846e-002
256	1.8693e-003
257	1.5659e-002
258	-7.3613e-004
259	7.3899e-003
260	-3.8986e-003
261	-4.1901e-003
262	1.3245e-003
263	-2.8956e-003
264	4.2799e-003
265	-2.2498e-002
266	-2.1955e-004
267	1.4657e-002
268	-1.928e-003
269	-4.6245e-003
270	-1.7478e-004
271	-2.1756e-003
272	-4.8408e-004
273	-3.3291e-003
274	-3.2201e-003
275	4.1985e-003
276	0.
277	1.7376e-002
278	6.9849e-003
279	0.
280	-1.1511e-002
281	2.9059e-002
282	2.9873e-003
283	-7.6903e-003
284	-1.1012e-002
285	8.4391e-003
286	4.8902e-003
287	2.8941e-003
288	-4.361e-003
289	-0.18668
290	-0.16257
291	-0.1751
292	-0.17327
293	-0.17378
294	-0.17655
295	-0.17627
296	-0.17414
297	9.575e-004
298	-8.2145e-003
299	-9.2737e-002
300	-0.15769
301	-0.1713
302	-0.17143
303	-0.17515
304	-0.16276
305	-0.16305
306	-0.16369
307	-0.16303
308	-0.16367
309	-0.10313
310	-0.13487
311	-3.0951e-002
312	0.
313	0.
314	0.
315	0.
316	0.
317	0.
318	0.
319	0.
320	0.
321	2.2528e-003
322	1.9412e-002
323	-0.18649
324	-0.18578
325	-0.18291
326	-0.18887
327	-0.19402
328	-0.19614
329	-0.18962
330	-0.18903
331	-0.19325
332	-3.9808e-004
333	-8.9298e-004
334	-1.7429e-003
335	-3.1222e-003
336	-6.9255e-003
337	-8.5282e-003
338	-8.695e-003
339	2.4023e-003
340	-1.236e-002
341	-2.6204e-002
342	-2.6705e-002
343	-1.5885e-002
344	-1.5796e-002
345	-6.5624e-003
346	-8.7181e-003
347	2.4705e-003
348	-1.0174e-003
349	-6.078e-004
350	-7.1973e-003
351	0.
352	0.
353	0.
354	0.
355	0.
356	0.
357	0.
358	0.
359	0.
360	-4.0648e-002
361	-0.12004
362	-0.16106
363	2.839e-003
364	2.0259e-003
365	1.4112e-003
366	6.6034e-004
367	1.9976e-005
368	-2.4388e-004
369	-0.15895
370	-0.15993
371	-0.1628
372	-0.16568
373	-0.18313
374	-0.17787
375	-2.9364e-002
376	-4.2061e-002
377	-3.6418e-002
378	-3.3421e-002
379	-2.6765e-002
380	-3.4881e-002
381	-9.9561e-002
382	-0.10456
383	-0.10071
384	-0.10034
385	-9.6444e-002
386	-0.11878
387	0.
388	0.
389	0.
390	0.
391	0.
392	0.
393	0.
394	0.
395	0.
396	0.
397	0.
398	0.
399	-6.7588e-002
400	-7.3281e-002
401	-3.3239e-002
402	0.
403	0.
404	0.
405	0.
406	0.
407	0.
408	0.
409	0.
410	0.
411	0.
412	0.
413	0.
414	-0.185
415	-0.18294
416	-0.17487
417	-0.17173
418	-0.17478
419	-0.18113
420	-0.17713
421	-0.17174
422	-0.17493
423	-0.18492
424	4.3032e-004
425	7.9407e-003
426	-6.4824e-004
427	-4.5624e-003
428	-1.9884e-002
429	-5.2166e-003
430	-1.1819e-004
431	-9.9322e-003
432	-3.3607e-003
433	-9.9759e-004
434	3.0801e-002
435	-1.4753e-003
436	3.4127e-003
437	5.9841e-003
438	1.551e-003
439	-4.396e-002
440	-0.11505
441	-4.1354e-002
442	-3.2441e-002
443	-5.5613e-002
444	-0.13955
445	-0.1083
446	-0.12924
