Node Number	Directional Deformation (mm)
1	6.823e-003
2	6.2523e-003
3	-0.69493
4	-0.6554
5	-0.60431
6	-0.5857
7	-0.49885
8	-0.33504
9	-0.19567
10	-0.12456
11	-0.22311
12	0.13497
13	-3.7013e-002
14	3.1907e-002
15	-9.4066e-003
16	1.1673e-002
17	2.7638e-002
18	1.4022e-002
19	5.4881e-003
20	-0.537
21	7.725e-003
22	1.8842e-002
23	4.1797e-002
24	5.4048e-002
25	5.1491e-002
26	8.8915e-003
27	1.9179e-002
28	5.1733e-002
29	-0.17158
30	-0.37691
31	-0.43466
32	-0.37308
33	-0.34293
34	-0.44665
35	-0.45873
36	-0.49667
37	-6.9524e-003
38	-5.9222e-003
39	-1.9967e-003
40	-3.1851e-003
41	4.6554e-004
42	3.3461e-003
43	5.1811e-003
44	-0.5446
45	-8.9229e-003
46	-1.1626e-002
47	6.1376e-003
48	3.8962e-003
49	2.5698e-002
50	-1.2902e-002
51	1.5106e-003
52	-5.2967e-002
53	-9.1895e-003
54	-0.54826
55	-0.5569
56	-0.4704
57	-0.26961
58	-0.37868
59	-0.41205
60	-0.49191
61	-0.54985
62	-0.55854
63	-0.56408
64	-0.56904
65	-0.62499
66	-0.67593
67	-1.2289e-002
68	5.5579e-003
69	1.0118e-002
70	3.4172e-003
71	5.6709e-004
72	-4.5576e-003
73	-1.2837e-002
74	-0.63089
75	-2.378e-002
76	-4.8834e-002
77	-7.2873e-002
78	7.0326e-002
79	-8.0246e-002
80	-0.70788
81	-0.14716
82	-3.666e-002
83	-9.917e-002
84	-0.37828
85	-0.53611
86	-0.61294
87	-0.58704
88	-0.55647
89	-0.54379
90	-0.48337
91	0.10045
92	4.5225e-002
93	-0.27886
94	3.5023e-003
95	0.10344
96	-0.25581
97	2.0325e-002
98	3.4828e-002
99	-0.51021
100	-6.9295e-002
101	7.6915e-002
102	-0.44918
103	-0.45066
104	8.874e-002
105	-0.30562
106	-5.378e-003
107	3.4334e-002
108	4.2246e-002
109	-0.4031
110	-3.6235e-002
111	-1.9826e-002
112	-0.35468
113	5.6747e-004
114	-0.13539
115	3.2481e-002
116	4.2348e-003
117	-0.50452
118	-0.10659
119	-0.10244
120	6.0846e-003
121	-0.47071
122	-0.30688
123	-0.34959
124	4.2623e-002
125	-7.5942e-002
126	-0.24466
127	-0.16568
128	2.2524e-002
129	2.4001e-002
130	-3.287e-003
131	-0.51954
132	-0.45984
133	-9.5951e-002
134	-1.3735e-002
135	-0.47611
136	0.
137	0.
138	2.82e-003
139	2.518e-003
140	-7.3582e-004
141	-2.4123e-003
142	-2.3502e-003
143	-1.8629e-003
144	0.
145	0.
146	-1.9814e-003
147	-1.1209e-003
148	1.5195e-003
149	1.9158e-003
150	3.3786e-003
151	1.7748e-003
152	0.
153	0.
154	0.
155	0.
156	0.
157	0.
158	0.
159	0.
160	0.
161	0.
162	0.
163	0.
164	0.
165	0.
166	0.
167	0.
168	0.
169	0.
170	0.
171	0.
172	0.
173	0.
174	0.
175	0.
176	0.
177	0.
178	0.
179	0.
180	0.
181	0.
182	0.
183	0.
184	0.
185	0.
186	0.
187	0.
188	0.
189	0.
190	0.
191	0.
192	0.
193	0.
194	0.
195	0.
196	0.
197	0.
198	0.
199	0.
200	0.
201	0.
202	0.
203	0.
204	0.
205	0.
206	0.
207	0.
208	0.
209	0.
210	0.
211	0.
212	0.
213	0.
214	0.
215	0.
216	-9.2508e-002
217	-0.11972
218	-0.10485
219	8.4925e-003
220	4.3641e-002
221	4.472e-002
222	-8.8651e-002
223	-0.10079
224	-5.3629e-002
225	2.507e-002
226	6.6373e-002
227	7.2713e-002
228	4.564e-004
229	-2.7105e-003
230	-1.6446e-003
231	8.2353e-004
232	3.1633e-006
233	-3.3763e-003
234	-7.0809e-002
235	-0.10656
236	-4.5776e-002
237	-1.7587e-002
238	8.6364e-003
239	4.6687e-002
240	-0.11865
241	-0.15437
242	-0.11253
243	0.14328
244	-2.1488e-002
245	8.8538e-002
246	0.
247	0.
248	4.4697e-002
249	-2.5924e-002
250	-5.282e-004
251	1.1764e-004
252	3.5194e-002
253	-1.6809e-002
254	-6.4006e-002
255	-5.2634e-002
256	6.6184e-003
257	3.4259e-002
258	-7.7016e-003
259	3.6931e-002
260	-1.2017e-002
261	-1.4002e-002
262	-6.5878e-003
263	-1.1284e-002
264	1.3734e-002
265	-7.6719e-002
266	6.3508e-004
267	4.0291e-002
268	-6.2557e-003
269	-1.5917e-002
270	-3.3387e-003
271	-6.0347e-003
272	-5.0566e-004
273	-8.3356e-002
274	-1.5053e-002
275	-7.2406e-004
276	0.
277	2.3062e-002
278	2.6517e-002
279	0.
280	-6.04e-002
281	5.5523e-004
282	6.9474e-003
283	-1.2488e-002
284	-4.0247e-002
285	1.0362e-002
286	1.2522e-002
287	1.8599e-002
288	-1.254e-002
289	-0.49447
290	-0.44403
291	-0.46665
292	-0.46449
293	-0.46945
294	-0.48042
295	-0.48285
296	-0.48013
297	-0.16187
298	-0.15991
299	-0.31426
300	-0.31258
301	-0.38557
302	-0.40977
303	-0.43702
304	-0.41196
305	-0.42429
306	-0.43161
307	-0.43731
308	-0.44504
309	-0.14426
310	-0.22194
311	-5.1597e-002
312	0.
313	0.
314	0.
315	0.
316	0.
317	0.
318	0.
319	0.
320	0.
321	9.0649e-003
322	1.8468e-002
323	-0.45446
324	-0.4916
325	-0.47994
326	-0.48944
327	-0.49568
328	-0.49482
329	-0.46485
330	-0.45124
331	-0.45219
332	-1.1288e-003
333	-2.8744e-003
334	-5.7466e-003
335	-1.0555e-002
336	-2.2204e-002
337	-2.5108e-002
338	-2.1459e-002
339	2.3153e-002
340	-1.3352e-002
341	-5.476e-002
342	-6.0307e-002
343	-4.4179e-002
344	-7.3826e-002
345	-8.0805e-002
346	-0.10841
347	-9.6242e-002
348	-0.12002
349	-0.12873
350	-0.15554
351	0.
352	0.
353	0.
354	0.
355	0.
356	0.
357	0.
358	0.
359	0.
360	-0.16004
361	-0.35793
362	-0.40709
363	1.2232e-002
364	8.7512e-003
365	5.7489e-003
366	2.8095e-003
367	3.8588e-004
368	-5.5797e-004
369	-0.32368
370	-0.36112
371	-0.37001
372	-0.37275
373	-0.39885
374	-0.41475
375	-5.0891e-002
376	-7.3007e-002
377	-5.7535e-002
378	-5.2958e-002
379	-5.1968e-002
380	-0.11457
381	-0.13402
382	-0.17368
383	-0.19523
384	-0.18742
385	-0.19305
386	-0.30017
387	0.
388	0.
389	0.
390	0.
391	0.
392	0.
393	0.
394	0.
395	0.
396	0.
397	0.
398	0.
399	-6.9657e-002
400	-0.17803
401	-2.2435e-002
402	0.
403	0.
404	0.
405	0.
406	0.
407	0.
408	0.
409	0.
410	0.
411	0.
412	0.
413	0.
414	-0.4846
415	-0.46498
416	-0.42669
417	-0.45866
418	-0.44896
419	-0.42362
420	-0.47553
421	-0.41071
422	-0.47571
423	-0.46247
424	1.1792e-003
425	3.2081e-002
426	-2.2246e-003
427	-1.5787e-002
428	-7.2893e-002
429	-2.0265e-002
430	-9.7535e-002
431	-9.1391e-002
432	-0.13755
433	-5.8973e-003
434	0.11031
435	-7.913e-003
436	-0.11937
437	-8.3258e-002
438	-0.13245
439	-0.12446
440	-0.26866
441	-8.4105e-002
442	-6.5143e-002
443	-0.14834
444	-0.40604
445	-0.32143
446	-0.3837
