Node Number	Equivalent (von-Mises) Stress (MPa)
1	7.4574
2	6.1144
3	14.515
4	21.336
5	31.273
6	72.231
7	116.75
8	159.74
9	147.25
10	439.74
11	1108.9
12	379.56
13	522.86
14	173.29
15	30.88
16	27.693
17	7.6301
18	7.9796
19	2.4907
20	10.989
21	1.5985
22	3.1801
23	8.1261
24	21.535
25	17.365
26	143.53
27	219.65
28	594.11
29	1151.
30	772.45
31	268.87
32	292.74
33	71.409
34	58.742
35	16.951
36	8.2329
37	4.225
38	4.1744
39	1.7486
40	1.9785
41	3.2665
42	5.0275
43	2.0009
44	1.8604
45	5.6662
46	3.1309
47	12.363
48	47.876
49	135.46
50	232.41
51	148.01
52	253.81
53	765.3
54	201.02
55	351.23
56	437.
57	209.
58	32.27
59	16.925
60	3.0954
61	3.3496
62	14.227
63	10.792
64	7.127
65	14.682
66	14.981
67	5.8281
68	1.4063
69	6.1522
70	2.3175
71	4.1963
72	0.9152
73	5.0315
74	1.4728
75	1.7484
76	45.494
77	52.216
78	145.27
79	144.91
80	707.05
81	471.45
82	222.7
83	350.82
84	49.227
85	5.9396
86	3.568
87	8.5453
88	13.61
89	6.9449
90	76.336
91	113.48
92	36.004
93	671.39
94	20.025
95	478.55
96	108.39
97	12.401
98	768.68
99	14.398
100	44.36
101	623.26
102	99.141
103	9.3924
104	33.888
105	61.175
106	785.96
107	75.619
108	184.43
109	217.13
110	53.856
111	1099.4
112	86.726
113	27.503
114	206.57
115	408.77
116	2.8296
117	27.891
118	1099.7
119	186.26
120	5.7527
121	14.732
122	210.86
123	133.21
124	25.974
125	842.23
126	161.74
127	798.96
128	278.63
129	90.144
130	4.7526
131	10.287
132	216.16
133	70.544
134	90.552
135	173.9
136	786.08
137	1043.8
138	910.74
139	1097.4
140	778.27
141	2060.6
142	1913.9
143	569.07
144	891.74
145	922.29
146	916.71
147	1015.6
148	768.14
149	515.73
150	542.76
151	559.66
152	563.99
153	797.72
154	1280.2
155	1087.8
156	1077.
157	1972.8
158	2783.5
159	1927.4
160	820.06
161	1206.7
162	37.516
163	26.66
164	26.783
165	30.498
166	67.795
167	120.44
168	185.23
169	298.27
170	378.48
171	716.86
172	35.566
173	21.5
174	17.449
175	11.093
176	18.429
177	26.44
178	26.375
179	723.7
180	398.69
181	208.02
182	172.7
183	102.24
184	32.543
185	21.302
186	7.9508
187	23.579
188	29.168
189	28.451
190	36.115
191	25.266
192	26.767
193	21.787
194	15.494
195	14.048
196	22.589
197	25.498
198	893.79
199	62.322
200	121.78
201	204.22
202	206.36
203	268.92
204	467.12
205	648.64
206	737.86
207	102.24
208	705.57
209	57.471
210	102.74
211	184.92
212	332.39
213	332.39
214	446.39
215	797.68
216	1204.9
217	1120.2
218	808.52
219	668.44
220	470.78
221	165.59
222	165.59
223	105.11
224	52.003
225	41.554
226	19.724
227	22.277
228	38.86
229	40.953
230	1296.8
231	38.65
232	101.45
233	252.63
234	322.72
235	379.48
236	395.32
237	978.61
238	78.421
239	75.216
240	63.341
241	54.943
242	35.131
243	34.79
244	1090.3
245	1660.4
246	5056.7
247	959.87
248	1101.
249	845.36
250	961.67
251	190.44
252	324.95
253	83.849
254	76.424
255	315.98
256	171.83
257	467.73
258	850.84
259	34.374
260	622.94
261	50.032
262	261.32
263	40.255
264	6.8442
265	17.021
266	198.14
267	111.47
268	13.316
269	212.07
270	29.391
271	177.71
272	17.994
273	73.613
274	14.464
275	291.96
276	62.999
277	453.76
278	25.652
279	44.191
280	107.71
281	194.52
282	14.524
283	80.305
284	513.95
285	451.07
286	141.29
287	197.98
288	578.46
289	109.17
290	185.14
291	797.08
292	63.611
293	1263.3
294	124.1
295	19.574
296	972.38
297	1033.7
298	336.59
299	1138.5
300	17.905
301	891.38
302	278.4
303	488.21
304	890.07
305	422.22
306	1492.6
307	1015.5
308	696.76
309	624.15
310	1414.2
311	1506.
312	1179.6
313	464.18
314	579.57
315	487.45
316	635.37
317	607.54
318	503.04
319	290.35
320	438.58
321	714.06
322	539.37
323	334.85
324	502.87
325	594.45
326	566.55
327	406.56
328	370.5
329	330.99
330	237.14
331	626.48
332	502.85
333	349.38
334	338.72
335	429.58
336	512.53
337	547.95
338	352.07
339	165.63
340	200.75
341	294.11
342	146.19
343	178.01
344	203.56
345	132.68
346	346.83
347	1478.
348	323.86
349	86.465
350	554.04
351	447.5
352	447.5
353	447.5
354	140.86
355	67.617
356	78.754
357	36.58
358	190.52
359	425.32
360	1553.8
361	791.57
362	921.96
363	1119.6
364	1237.6
365	1175.5
366	1587.6
367	136.55
368	249.47
369	7.0192
370	18.948
371	40.249
372	67.517
373	117.75
374	360.99
375	551.36
376	1548.4
377	1086.9
378	579.54
379	301.81
380	192.49
381	194.13
382	146.95
383	191.9
384	279.94
385	184.53
386	321.59
387	214.91
388	5.7152
389	1022.2
390	597.89
391	386.98
392	160.15
393	89.156
394	42.36
395	22.654
396	9.9166
397	65.895
398	35.819
399	31.531
400	19.013
401	12.755
402	9.8266
403	343.94
404	945.77
405	1292.6
406	899.01
407	640.84
408	827.19
409	48.361
410	28.492
411	18.386
412	2.5705
413	3.4891
414	3.0993
415	458.25
416	1190.8
417	240.62
418	272.48
419	194.48
420	255.89
421	90.777
422	25.985
423	662.69
424	57.196
425	469.24
426	716.31
427	15.439
428	456.
429	10.754
430	183.48
431	54.055
432	543.57
433	32.598
434	165.67
435	205.18
436	331.31
437	319.25
438	371.03
439	249.3
440	303.32
441	368.53
442	228.39
443	467.37
444	261.47
445	317.07
446	413.58
447	532.54
448	372.13
449	220.43
450	326.28
451	260.57
452	293.73
453	280.82
454	277.34
455	86.182
456	108.44
457	86.499
458	73.654
459	570.28
460	178.8
461	142.23
462	145.21
463	84.589
464	671.98
465	981.31
466	182.14
467	67.445
468	323.58
469	154.55
470	375.4
471	649.62
472	62.785
473	92.345
474	87.255
