Node Number	Equivalent (von-Mises) Stress (MPa)
1	4.3296
2	2.7151
3	1.2399
4	1.6386
5	3.4797
6	4.5456
7	6.2911
8	9.6524
9	12.929
10	20.382
11	73.214
12	81.952
13	120.12
14	114.43
15	30.65
16	16.659
17	5.0273
18	4.3426
19	3.1716
20	1.166
21	1.3383
22	3.8245
23	7.7043
24	16.656
25	21.438
26	43.272
27	96.716
28	117.59
29	44.658
30	32.977
31	8.2264
32	7.3648
33	6.838
34	4.7849
35	4.4392
36	1.6815
37	3.8425
38	1.0613
39	1.54
40	2.378
41	3.5186
42	2.9322
43	3.2173
44	0.76899
45	1.2226
46	11.81
47	13.115
48	45.844
49	28.259
50	58.298
51	82.157
52	117.57
53	62.488
54	22.336
55	32.419
56	22.694
57	13.827
58	7.2539
59	4.3659
60	1.6854
61	1.0551
62	2.0261
63	1.7522
64	2.3133
65	1.3174
66	0.98717
67	1.0461
68	1.3286
69	3.7259
70	2.5055
71	3.7466
72	3.1503
73	1.4469
74	1.1433
75	4.9689
76	10.681
77	34.832
78	20.017
79	64.419
80	91.174
81	33.458
82	30.869
83	19.856
84	8.9731
85	3.5535
86	1.8511
87	2.306
88	2.7911
89	0.932
90	6.6579
91	46.246
92	11.952
93	34.984
94	3.5484
95	31.069
96	10.132
97	6.1412
98	31.101
99	3.9762
100	26.301
101	35.403
102	8.6465
103	2.6186
104	16.651
105	14.47
106	58.915
107	13.763
108	106.34
109	10.439
110	10.416
111	74.44
112	6.6898
113	12.404
114	16.125
115	110.96
116	3.0319
117	3.3208
118	62.941
119	54.977
120	4.4565
121	3.5923
122	25.093
123	8.933
124	13.331
125	45.637
126	18.401
127	47.471
128	70.349
129	25.564
130	3.1592
131	2.571
132	22.907
133	76.709
134	14.989
135	7.2886
136	4.9073
137	36.537
138	22.399
139	26.979
140	39.579
141	131.11
142	158.87
143	28.789
144	32.991
145	21.052
146	10.577
147	19.718
148	9.3326
149	4.9819
150	16.733
151	14.355
152	15.963
153	17.143
154	37.659
155	20.93
156	120.07
157	140.68
158	319.85
159	236.98
160	130.83
161	61.206
162	0.23789
163	0.15788
164	0.23384
165	0.30529
166	0.94343
167	1.6215
168	2.3801
169	3.2047
170	4.3286
171	8.4415
172	0.37798
173	0.24238
174	0.17227
175	0.15687
176	0.27703
177	0.29186
178	0.19228
179	5.0721
180	3.6733
181	2.5122
182	2.2817
183	1.8992
184	1.0594
185	0.83545
186	0.46292
187	0.25305
188	0.23445
189	0.18213
190	0.31377
191	0.20512
192	0.29123
193	0.28933
194	0.24256
195	0.1625
196	0.18445
197	0.24327
198	30.015
199	3.1022
200	2.4297
201	4.0529
202	12.604
203	31.863
204	31.173
205	43.708
206	27.027
207	1.8577
208	10.539
209	1.1097
210	1.2425
211	6.2975
212	20.901
213	20.901
214	19.502
215	24.271
216	24.255
217	18.31
218	12.698
219	5.8138
220	4.5019
221	2.231
222	2.231
223	1.776
224	1.3269
225	0.95614
226	0.40808
227	0.1288
228	1.1442
229	1.417
230	105.93
231	0.91813
232	1.5202
233	11.856
234	20.037
235	20.785
236	10.625
237	65.039
238	2.2358
239	2.788
240	2.443
241	1.0875
242	1.4743
243	1.3243
244	170.1
245	176.77
246	592.42
247	165.4
248	156.24
249	53.596
250	27.187
251	22.861
252	46.107
253	12.275
254	3.3339
255	139.33
256	13.471
257	64.842
258	195.81
259	3.131
260	41.312
261	2.611
262	18.956
263	0.77645
264	0.14649
265	0.12646
266	5.0254
267	1.9352
268	0.43213
269	1.8335
270	0.71826
271	1.7171
272	0.22078
273	1.2172
274	0.16986
275	4.852
276	1.324
277	4.7214
278	0.24401
279	0.57777
280	1.1084
281	2.3104
282	0.20885
283	1.5581
284	6.2733
285	7.98
286	16.959
287	35.755
288	15.395
289	1.488
290	1.8427
291	50.902
292	2.4721
293	102.7
294	5.5224
295	0.16728
296	50.433
297	27.31
298	16.034
299	87.032
300	0.60618
301	33.91
302	25.835
303	2.578e-003
304	1.7766e-002
305	2.1119e-003
306	5.4689e-002
307	1.8448e-002
308	6.9279e-003
309	9.7777e-003
310	5.2666e-002
311	5.503e-002
312	3.9286e-002
313	1.7135e-002
314	1.8384e-002
315	1.2859e-002
316	1.3777e-002
317	1.3479e-002
318	1.3252e-002
319	1.9514e-003
320	1.4915e-003
321	1.3012e-003
322	1.6721e-003
323	2.0214e-003
324	1.5892e-003
325	1.2671e-003
326	1.1783e-003
327	2.1407e-003
328	2.3738e-003
329	3.1203e-003
330	8.3682e-003
331	2.7265e-003
332	2.9315e-003
333	3.0712e-003
334	2.9933e-003
335	2.5183e-003
336	2.0918e-003
337	1.7778e-003
338	2.897e-003
339	3.4791e-003
340	3.3342e-003
341	3.3355e-003
342	3.9728e-003
343	3.9194e-003
344	3.9439e-003
345	3.9744e-003
346	3.4089e-003
347	6.1447e-002
348	9.6239e-003
349	3.0104e-004
350	1.2479e-002
351	1.0696e-002
352	1.0696e-002
353	1.0696e-002
354	4.2313e-003
355	7.3613e-004
356	2.7226e-004
357	1.5529e-003
358	3.0816e-003
359	7.3631e-003
360	4.276e-002
361	2.4501e-002
362	2.6042e-002
363	1.7397e-002
364	4.7815e-002
365	2.9287e-002
366	4.321e-002
367	3.9329e-003
368	3.5539e-003
369	1.6126e-004
370	4.1273e-004
371	7.6641e-004
372	1.4299e-003
373	2.3756e-003
374	6.4522e-003
375	9.7904e-003
376	3.4161e-002
377	1.4133e-002
378	7.8628e-003
379	2.8788e-003
380	3.8133e-003
381	3.6399e-003
382	4.0415e-003
383	4.5954e-003
384	4.9557e-003
385	4.707e-003
386	5.0658e-003
387	4.645e-003
388	1.2686e-004
389	1.9549e-002
390	1.6004e-002
391	5.8066e-003
392	2.5225e-003
393	1.7466e-003
394	8.2749e-004
395	4.8636e-004
396	2.2808e-004
397	4.3842e-004
398	3.7624e-004
399	1.5297e-004
400	7.7468e-005
401	1.7265e-004
402	2.2708e-004
403	1.9152e-002
404	7.092e-002
405	8.206e-002
406	2.1059e-002
407	1.1986e-002
408	1.0912e-002
409	2.3209e-004
410	1.5179e-004
411	7.8842e-005
412	5.1514e-005
413	5.0951e-005
414	6.6157e-005
415	6.2407e-003
416	3.4846e-002
417	2.7638e-003
418	2.182e-003
419	1.3544e-003
420	4.1728e-003
421	9.4182e-004
422	4.8675e-004
423	9.4225e-003
424	1.219e-003
425	1.067e-002
426	1.4491e-002
427	1.4562e-004
428	9.235e-003
429	2.5054e-004
430	5.6963e-003
431	4.8895e-004
432	1.5409e-002
433	6.8152e-004
434	2.8812e-003
435	3.0942e-003
436	4.0429e-003
437	3.2424e-003
438	2.6376e-003
439	2.9973e-003
440	3.2403e-003
441	2.5272e-003
442	3.5507e-003
443	2.5639e-003
444	4.5431e-003
445	2.149e-003
446	2.8083e-003
447	1.7589e-003
448	2.0711e-003
449	2.9845e-003
450	3.4474e-003
451	3.4409e-003
452	3.4792e-003
453	4.4999e-003
454	2.8057e-003
455	4.2553e-003
456	4.3901e-003
457	4.2042e-003
458	2.258e-003
459	2.8224e-002
460	4.1665e-003
461	2.3285e-003
462	3.0533e-003
463	3.1445e-003
464	5.8552e-003
465	2.3992e-002
466	2.6575e-003
467	4.2307e-003
468	2.3224e-003
469	3.3836e-003
470	3.6424e-003
471	1.3151e-002
472	3.6421e-003
473	3.998e-003
474	4.173e-003
