Node Number	Equivalent (von-Mises) Stress (MPa)
1	4.1843
2	2.6094
3	1.177
4	1.5587
5	3.1643
6	4.1779
7	5.6945
8	9.2455
9	12.207
10	18.531
11	70.057
12	78.959
13	115.11
14	107.6
15	29.113
16	15.605
17	4.8115
18	3.8204
19	3.1777
20	1.0784
21	1.2433
22	3.4947
23	7.3186
24	15.574
25	19.771
26	40.568
27	92.145
28	110.93
29	42.091
30	30.37
31	7.4684
32	6.5848
33	5.9434
34	4.3206
35	3.9801
36	1.5168
37	3.93
38	1.1154
39	1.5575
40	2.2948
41	3.4743
42	2.8928
43	3.2336
44	0.59953
45	1.1445
46	11.223
47	12.395
48	42.824
49	27.794
50	55.407
51	80.244
52	115.94
53	61.962
54	20.413
55	30.719
56	20.445
57	12.264
58	6.602
59	3.8296
60	1.4279
61	0.88179
62	1.7525
63	1.4652
64	1.9122
65	1.0695
66	0.89889
67	1.1097
68	1.2934
69	3.4674
70	2.3733
71	3.5017
72	2.9684
73	1.2699
74	0.9358
75	4.6693
76	9.7782
77	32.143
78	19.08
79	62.923
80	89.099
81	30.609
82	28.382
83	17.638
84	7.8488
85	3.0651
86	1.5712
87	1.8599
88	2.2666
89	0.7397
90	5.932
91	44.411
92	10.853
93	33.734
94	3.2763
95	29.957
96	9.4388
97	5.7959
98	30.091
99	3.5758
100	24.92
101	33.594
102	7.9962
103	2.31
104	15.397
105	13.47
106	57.346
107	12.74
108	102.43
109	9.7534
110	9.7617
111	72.375
112	6.1549
113	11.524
114	14.875
115	107.91
116	2.8641
117	2.9552
118	61.206
119	53.101
120	4.1802
121	3.2245
122	23.035
123	8.0584
124	12.351
125	45.192
126	17.387
127	46.215
128	68.15
129	24.041
130	3.0105
131	2.258
132	21.471
133	73.741
134	14.459
135	6.8826
136	4.9009
137	35.412
138	22.157
139	25.962
140	38.995
141	128.79
142	154.86
143	30.184
144	30.299
145	20.345
146	9.9777
147	18.868
148	8.7959
149	4.7719
150	16.099
151	13.133
152	15.354
153	16.984
154	36.514
155	20.37
156	115.5
157	137.12
158	312.85
159	233.57
160	126.97
161	58.208
162	0.24446
163	0.16055
164	0.2339
165	0.30515
166	0.92639
167	1.5918
168	2.3188
169	3.1485
170	4.1984
171	8.0349
172	0.38132
173	0.24547
174	0.17378
175	0.15528
176	0.27439
177	0.29489
178	0.19718
179	5.107
180	3.7064
181	2.4857
182	2.2546
183	1.8648
184	1.0338
185	0.81431
186	0.45165
187	0.25825
188	0.2297
189	0.18456
190	0.31465
191	0.2031
192	0.29205
193	0.28715
194	0.23948
195	0.1627
196	0.18312
197	0.24556
198	28.803
199	3.0354
200	2.3797
201	3.8574
202	12.12
203	30.832
204	30.176
205	42.381
206	26.223
207	1.7699
208	10.049
209	1.0387
210	1.2065
211	6.034
212	20.144
213	20.144
214	18.81
215	23.008
216	23.227
217	17.716
218	12.741
219	5.8887
220	4.5706
221	2.1967
222	2.1967
223	1.7437
224	1.2959
225	0.92726
226	0.3923
227	0.13395
228	1.0096
229	1.3268
230	100.6
231	0.87423
232	1.4811
233	11.399
234	19.266
235	20.142
236	9.8673
237	61.651
238	2.2087
239	2.7468
240	2.4343
241	1.09
242	1.4335
243	1.1787
244	161.82
245	170.96
246	580.5
247	161.25
248	150.53
249	51.263
250	26.311
251	22.021
252	44.537
253	11.671
254	3.215
255	134.62
256	12.858
257	62.715
258	189.74
259	3.0715
260	39.736
261	2.4928
262	18.352
263	0.75709
264	0.14662
265	0.12571
266	4.9414
267	1.922
268	0.42428
269	1.7692
270	0.694
271	1.7133
272	0.22344
273	1.1796
274	0.1699
275	4.738
276	1.2724
277	4.7883
278	0.24713
279	0.57386
280	1.0285
281	2.2942
282	0.20952
283	1.5293
284	6.1162
285	7.7963
286	16.304
287	34.607
288	14.8
289	1.4538
290	1.8208
291	49.125
292	2.3694
293	99.425
294	5.2553
295	0.17027
296	48.351
297	27.118
298	15.516
299	85.871
300	0.58839
301	32.817
302	24.938
303	2.578e-003
304	1.7766e-002
305	2.1119e-003
306	5.4689e-002
307	1.8448e-002
308	6.9279e-003
309	9.7777e-003
310	5.2666e-002
311	5.503e-002
312	3.9286e-002
313	1.7135e-002
314	1.8384e-002
315	1.2859e-002
316	1.3777e-002
317	1.3479e-002
318	1.3252e-002
319	1.9514e-003
320	1.4915e-003
321	1.3012e-003
322	1.6721e-003
323	2.0214e-003
324	1.5892e-003
325	1.2671e-003
326	1.1783e-003
327	2.1407e-003
328	2.3738e-003
329	3.1203e-003
330	8.3682e-003
331	2.7265e-003
332	2.9315e-003
333	3.0712e-003
334	2.9933e-003
335	2.5183e-003
336	2.0918e-003
337	1.7778e-003
338	2.897e-003
339	3.4791e-003
340	3.3342e-003
341	3.3355e-003
342	3.9728e-003
343	3.9194e-003
344	3.9439e-003
345	3.9744e-003
346	3.4089e-003
347	6.1447e-002
348	9.6239e-003
349	3.0104e-004
350	1.2479e-002
351	1.0696e-002
352	1.0696e-002
353	1.0696e-002
354	4.2313e-003
355	7.3613e-004
356	2.7226e-004
357	1.5529e-003
358	3.0816e-003
359	7.3631e-003
360	4.276e-002
361	2.4501e-002
362	2.6042e-002
363	1.7397e-002
364	4.7815e-002
365	2.9287e-002
366	4.321e-002
367	3.9329e-003
368	3.5539e-003
369	1.6126e-004
370	4.1273e-004
371	7.6641e-004
372	1.4299e-003
373	2.3756e-003
374	6.4522e-003
375	9.7904e-003
376	3.4161e-002
377	1.4133e-002
378	7.8628e-003
379	2.8788e-003
380	3.8133e-003
381	3.6399e-003
382	4.0415e-003
383	4.5954e-003
384	4.9557e-003
385	4.707e-003
386	5.0658e-003
387	4.645e-003
388	1.2686e-004
389	1.9549e-002
390	1.6004e-002
391	5.8066e-003
392	2.5225e-003
393	1.7466e-003
394	8.2749e-004
395	4.8636e-004
396	2.2808e-004
397	4.3842e-004
398	3.7624e-004
399	1.5297e-004
400	7.7468e-005
401	1.7265e-004
402	2.2708e-004
403	1.9152e-002
404	7.092e-002
405	8.206e-002
406	2.1059e-002
407	1.1986e-002
408	1.0912e-002
409	2.3209e-004
410	1.5179e-004
411	7.8842e-005
412	5.1514e-005
413	5.0951e-005
414	6.6157e-005
415	6.2407e-003
416	3.4846e-002
417	2.7638e-003
418	2.182e-003
419	1.3544e-003
420	4.1728e-003
421	9.4182e-004
422	4.8675e-004
423	9.4225e-003
424	1.219e-003
425	1.067e-002
426	1.4491e-002
427	1.4562e-004
428	9.235e-003
429	2.5054e-004
430	5.6963e-003
431	4.8895e-004
432	1.5409e-002
433	6.8152e-004
434	2.8812e-003
435	3.0942e-003
436	4.0429e-003
437	3.2424e-003
438	2.6376e-003
439	2.9973e-003
440	3.2403e-003
441	2.5272e-003
442	3.5507e-003
443	2.5639e-003
444	4.5431e-003
445	2.149e-003
446	2.8083e-003
447	1.7589e-003
448	2.0711e-003
449	2.9845e-003
450	3.4474e-003
451	3.4409e-003
452	3.4792e-003
453	4.4999e-003
454	2.8057e-003
455	4.2553e-003
456	4.3901e-003
457	4.2042e-003
458	2.258e-003
459	2.8224e-002
460	4.1665e-003
461	2.3285e-003
462	3.0533e-003
463	3.1445e-003
464	5.8552e-003
465	2.3992e-002
466	2.6575e-003
467	4.2307e-003
468	2.3224e-003
469	3.3836e-003
470	3.6424e-003
471	1.3151e-002
472	3.6421e-003
473	3.998e-003
474	4.173e-003
