Node Number	Directional Deformation (mm)
1	-2.998e-003
2	2.5098e-003
3	-1.864e-002
4	-5.3651e-002
5	-8.7636e-002
6	-0.13191
7	-0.16536
8	-0.16315
9	-0.18195
10	-0.14184
11	0.10731
12	-5.4766e-002
13	3.9467e-002
14	-1.3492e-002
15	-3.5798e-002
16	-1.6179e-002
17	1.4615e-002
18	7.6594e-003
19	2.7092e-004
20	9.3285e-002
21	1.0117e-003
22	1.9736e-003
23	5.2596e-003
24	-3.257e-003
25	1.9446e-002
26	-9.159e-002
27	0.14413
28	-8.0588e-002
29	-0.40562
30	-0.40811
31	-0.21907
32	-6.1095e-002
33	1.0424e-002
34	4.8103e-003
35	3.5757e-002
36	6.4447e-002
37	-2.9531e-003
38	-1.0059e-002
39	-7.6918e-003
40	1.1651e-003
41	6.9907e-003
42	3.3794e-003
43	9.3168e-004
44	4.5216e-002
45	-9.1005e-003
46	-2.0035e-002
47	7.8339e-004
48	-1.7851e-003
49	2.5833e-002
50	1.526e-002
51	1.4691e-002
52	6.929e-002
53	-0.59977
54	-0.50873
55	-0.18984
56	-2.4291e-002
57	2.4929e-002
58	1.6551e-002
59	2.8057e-002
60	2.5863e-002
61	4.5345e-002
62	4.4073e-002
63	3.8309e-002
64	3.242e-002
65	9.1466e-003
66	-1.0339e-002
67	-6.4418e-003
68	1.4175e-003
69	2.5743e-003
70	5.2186e-003
71	-2.8601e-004
72	-4.1682e-003
73	-6.6248e-003
74	8.5662e-002
75	-4.8329e-003
76	-3.5094e-002
77	-8.5607e-002
78	7.6129e-002
79	0.22438
80	0.30735
81	8.0672e-002
82	0.23356
83	0.13398
84	7.0144e-002
85	5.2564e-002
86	8.4276e-002
87	8.6995e-002
88	8.8206e-002
89	9.4258e-002
90	-5.3756e-002
91	1.6372e-002
92	1.7594e-002
93	-3.1529e-002
94	3.2027e-003
95	0.10992
96	1.3439e-002
97	4.3225e-003
98	4.5222e-003
99	1.8707e-002
100	-7.7725e-003
101	-0.1851
102	-0.17072
103	5.1395e-002
104	8.2933e-003
105	-5.9379e-002
106	-0.14502
107	-1.2779e-002
108	2.1199e-002
109	-9.0132e-002
110	-1.4275e-002
111	-0.4476
112	6.5592e-004
113	1.2423e-002
114	-0.19564
115	9.3078e-004
116	-3.0451e-003
117	-3.6699e-002
118	-3.9325e-002
119	1.8734e-002
120	9.096e-003
121	8.9363e-003
122	-0.14942
123	-9.9673e-003
124	3.0872e-003
125	-1.8476e-002
126	-0.12179
127	-6.5791e-002
128	6.5475e-002
129	-2.8745e-003
130	6.7959e-003
131	3.1266e-003
132	-0.10927
133	-3.5694e-002
134	3.7416e-003
135	-0.18035
136	0.
137	0.
138	0.
139	0.
140	-1.6176e-004
141	-4.1019e-004
142	-5.6519e-004
143	-4.3247e-004
144	1.6777e-005
145	2.7027e-004
146	0.
147	0.
148	6.3709e-004
149	6.703e-004
150	-3.2252e-004
151	-1.2762e-003
152	-2.1951e-003
153	-1.3591e-003
154	0.
155	0.
156	0.
157	0.
158	0.
159	0.
160	0.
161	0.
162	0.
163	0.
164	0.
165	1.7254e-005
166	1.8852e-005
167	6.9336e-006
168	-3.3252e-006
169	-1.4275e-005
170	-1.7988e-005
171	0.
172	0.
173	0.
174	0.
175	0.
176	0.
177	0.
178	0.
179	0.
180	0.
181	0.
182	0.
183	-1.3726e-002
184	-7.6191e-003
185	-9.5086e-004
186	-2.4287e-003
187	-4.9237e-003
188	-1.2837e-002
189	0.
190	4.1989e-004
191	-3.5769e-004
192	3.6549e-004
193	4.0354e-004
194	-3.7113e-003
195	-1.1955e-003
196	0.
197	0.
198	0.
199	0.
200	0.
201	0.
202	0.
203	0.
204	0.
205	0.
206	0.
207	0.
208	0.
209	0.
210	0.
211	0.
212	0.
213	0.
214	0.
215	0.
216	0.
217	0.
218	0.
219	0.
220	0.
221	0.
222	0.
223	0.
224	0.
225	0.
226	0.
227	0.
228	0.
229	0.
230	0.
231	-2.3776e-004
232	1.5019e-004
233	1.9638e-005
234	-2.7418e-004
235	-3.9627e-004
236	-7.7526e-005
237	0.
238	0.
239	0.
240	1.0497e-005
241	1.4166e-005
242	1.1152e-005
243	-4.7219e-006
244	-7.0478e-006
245	-1.0111e-005
246	0.
247	0.
248	0.
249	0.
250	4.439e-006
251	-5.3713e-005
252	-1.0325e-005
253	-2.3859e-005
254	-1.4332e-004
255	-4.6415e-006
256	-2.7985e-003
257	-2.036e-003
258	-9.4959e-005
259	1.1561e-004
260	4.0595e-003
261	4.9769e-004
262	-1.9195e-003
263	3.2425e-004
264	2.5643e-003
265	1.1929e-003
266	2.4423e-004
267	1.4997e-007
268	-2.4221e-005
269	2.2234e-005
270	-3.1127e-006
271	-5.3854e-005
272	6.6595e-006
273	-1.1493e-005
274	-8.3894e-005
275	-1.4814e-005
276	6.2956e-006
277	-4.2375e-006
278	-3.5632e-005
279	-7.0676e-005
280	-2.1348e-006
281	-1.8584e-003
282	0.
283	-1.1136e-004
284	1.3143e-005
285	6.4325e-005
286	0.
287	-2.0056e-003
288	-2.6817e-004
289	-1.0761e-003
290	4.7551e-004
291	1.4805e-003
292	-4.5825e-004
293	-2.7823e-004
294	-1.9637e-003
295	3.8367e-005
296	9.669e-006
297	-1.6019e-003
298	-1.5205e-006
299	0.
300	0.
301	0.
302	0.
303	0.
304	0.
305	0.
306	0.
307	-1.6821e-007
308	-3.5045e-007
309	-3.3491e-007
310	-6.138e-007
311	-4.2926e-007
312	-1.1183e-006
313	-1.7509e-006
314	0.
315	0.
316	0.
317	0.
318	0.
319	0.
320	0.
321	0.
322	0.
323	0.
324	0.
325	0.
326	0.
327	0.
328	0.
329	0.
330	0.
331	0.
332	0.
333	0.
334	-4.5366e-006
335	-2.4203e-006
336	-3.9619e-006
337	5.5225e-008
338	-2.916e-006
339	-7.5726e-007
340	-9.382e-007
341	-1.6433e-006
342	-8.0275e-007
343	-3.5907e-007
344	-1.6097e-006
345	2.7109e-007
346	-1.8154e-006
347	-2.4241e-006
348	-3.3792e-006
349	-4.6656e-006
350	-4.9873e-006
351	-4.4713e-006
352	-3.3409e-006
353	-3.3355e-006
354	-3.2624e-006
355	-3.3098e-006
356	-3.3987e-006
357	-3.5009e-006
358	-3.6587e-006
359	-3.8916e-006
360	-4.1285e-006
361	-4.3589e-006
362	9.4946e-007
363	-1.137e-006
364	-2.3837e-008
365	-3.0536e-008
366	-6.1059e-008
367	6.1685e-008
368	3.3597e-007
369	3.9942e-007
370	-1.8605e-007
371	-1.9586e-006
372	-7.3257e-007
373	1.8068e-007
374	7.5389e-007
375	7.7559e-007
376	9.183e-007
377	9.4718e-007
378	8.9018e-007
379	9.3789e-007
380	1.0374e-006
381	1.0924e-006
382	1.068e-006
383	-3.0922e-006
384	-2.69e-006
385	-3.3677e-006
386	-3.3447e-006
387	-3.2683e-006
388	-3.2376e-006
389	-3.1806e-006
390	-3.1772e-006
391	-3.1582e-006
392	-3.1109e-006
393	-3.1728e-006
394	-3.1442e-006
395	-3.1357e-006
396	-3.1532e-006
397	-3.1524e-006
398	-3.1293e-006
399	1.2408e-007
400	7.9245e-007
401	-5.578e-007
402	7.0491e-008
403	3.9018e-008
404	1.1801e-008
405	-1.2144e-008
406	-1.5523e-008
407	-2.4634e-008
408	-1.1838e-006
409	-1.628e-006
410	-7.542e-007
411	-6.0259e-007
412	-8.1914e-008
413	-1.4786e-006
414	1.6813e-008
415	-1.8164e-008
416	-2.8096e-008
417	7.2741e-007
418	-4.4989e-007
419	-3.1895e-006
420	-3.7664e-006
421	-3.1904e-006
422	-3.4081e-006
423	-3.3829e-006
424	-3.1407e-006
425	-3.2478e-006
426	-4.3375e-006
427	-3.1522e-006
428	-3.0862e-006
429	-3.2106e-006
430	-3.1223e-006
431	0.
432	0.
433	0.
434	0.
435	0.
436	0.
437	0.
438	0.
439	0.
440	0.
441	0.
442	9.3158e-007
443	8.0877e-007
444	-1.6408e-007
445	-2.5621e-007
446	-8.219e-007
447	-2.0874e-006
448	-2.9323e-006
449	-1.6763e-006
450	-1.8324e-006
451	-2.094e-006
452	-2.33e-006
453	-2.7598e-006
454	-5.7691e-007
