Node Number	Directional Deformation (mm)
1	1.2062e-002
2	1.5742e-002
3	-0.39417
4	-0.38429
5	-0.37065
6	-0.37805
7	-0.38479
8	-0.35969
9	-0.35803
10	-0.30178
11	4.2246e-002
12	-0.10093
13	4.1582e-002
14	2.0624e-002
15	-4.9819e-002
16	-2.5227e-002
17	1.645e-002
18	1.558e-002
19	9.6884e-003
20	-0.25366
21	1.2995e-002
22	1.9136e-002
23	3.5274e-002
24	3.8825e-002
25	8.2394e-002
26	7.8698e-002
27	0.47624
28	8.0454e-002
29	-0.39074
30	-0.46525
31	-0.29921
32	-0.16837
33	-0.14714
34	-0.20886
35	-0.22978
36	-0.24456
37	-1.3513e-002
38	-1.1785e-002
39	-4.2649e-003
40	2.625e-003
41	9.4213e-003
42	1.1812e-002
43	1.3072e-002
44	-0.28009
45	-1.4673e-002
46	-1.8402e-002
47	1.1124e-002
48	1.3701e-002
49	1.7385e-002
50	4.2544e-003
51	2.3116e-002
52	-4.9634e-002
53	-0.76375
54	-0.55923
55	-0.20542
56	-5.8401e-002
57	-7.287e-002
58	-0.13191
59	-0.1824
60	-0.24482
61	-0.27894
62	-0.28568
63	-0.30396
64	-0.31266
65	-0.3521
66	-0.38318
67	-1.7457e-002
68	1.5427e-002
69	1.8961e-002
70	1.2914e-002
71	6.282e-004
72	-7.3718e-003
73	-1.6957e-002
74	-0.31705
75	-2.4388e-002
76	-4.62e-002
77	-7.7425e-002
78	5.7632e-002
79	0.16384
80	0.19608
81	-5.6154e-003
82	0.12217
83	-6.7399e-002
84	-0.18975
85	-0.28017
86	-0.31901
87	-0.30612
88	-0.28694
89	-0.26479
90	-0.273
91	0.12524
92	2.8313e-002
93	-1.9393e-002
94	2.1822e-003
95	-4.6615e-002
96	-0.18307
97	1.7963e-002
98	-0.12354
99	-0.29055
100	-2.7909e-002
101	-3.9627e-003
102	-0.29699
103	-0.22798
104	7.3608e-002
105	-0.17029
106	3.9843e-002
107	1.7001e-002
108	-2.8263e-002
109	-0.24934
110	-1.7253e-002
111	-0.56106
112	-0.19066
113	5.6756e-003
114	-0.26112
115	9.3574e-002
116	4.2225e-003
117	-0.29323
118	-1.8318e-002
119	-0.10405
120	1.1395e-002
121	-0.22295
122	-0.18204
123	-0.12337
124	1.8109e-002
125	-1.6847e-003
126	-0.18648
127	-0.14108
128	0.11145
129	6.8658e-002
130	4.0681e-003
131	-0.29292
132	-0.13694
133	-0.11192
134	-2.6789e-002
135	-0.38292
136	0.
137	0.
138	0.
139	0.
140	3.3582e-002
141	4.4298e-002
142	2.6443e-002
143	-3.6636e-002
144	-6.7242e-002
145	-6.9143e-002
146	0.
147	0.
148	-7.6748e-002
149	-8.8897e-002
150	6.1451e-003
151	5.0453e-002
152	9.6238e-002
153	6.3882e-002
154	0.
155	0.
156	0.
157	0.
158	0.
159	0.
160	0.
161	0.
162	0.
163	0.
164	0.
165	-5.6711e-005
166	8.6058e-005
167	4.9903e-004
168	5.4737e-004
169	5.1102e-004
170	1.9959e-004
171	0.
172	0.
173	0.
174	0.
175	0.
176	0.
177	0.
178	0.
179	0.
180	0.
181	0.
182	0.
183	-6.3159e-002
184	0.13277
185	4.7685e-002
186	4.9553e-002
187	-0.10878
188	-0.1603
189	0.
190	-8.1996e-002
191	-8.2502e-002
192	6.7839e-003
193	3.0406e-002
194	0.12322
195	0.12763
196	0.
197	0.
198	0.
199	0.
200	0.
201	0.
202	0.
203	0.
204	0.
205	0.
206	0.
207	0.
208	0.
209	0.
210	0.
211	0.
212	0.
213	0.
214	0.
215	0.
216	0.
217	0.
218	0.
219	0.
220	0.
221	0.
222	0.
223	0.
224	0.
225	0.
226	0.
227	0.
228	0.
229	0.
230	0.
231	2.394e-003
232	4.5938e-003
233	3.081e-003
234	2.3545e-003
235	4.1197e-003
236	-4.1674e-003
237	0.
238	0.
239	0.
240	-7.5105e-004
241	-8.349e-004
242	-1.2657e-004
243	8.2676e-004
244	1.2152e-003
245	9.0258e-004
246	0.
247	0.
248	0.
249	0.
250	6.8946e-004
251	-1.8131e-003
252	3.6231e-004
253	7.3916e-004
254	-3.4781e-002
255	2.2789e-003
256	-2.254e-002
257	2.052e-002
258	3.9677e-002
259	1.2632e-002
260	-1.2562e-002
261	7.9752e-003
262	-1.0515e-002
263	5.5367e-002
264	3.8693e-002
265	-5.7369e-002
266	4.5878e-003
267	1.7729e-003
268	1.1134e-002
269	9.8371e-003
270	9.4506e-004
271	-2.7877e-002
272	5.3467e-004
273	-8.1187e-004
274	3.4047e-002
275	1.4998e-003
276	9.005e-004
277	-1.7396e-005
278	-3.7119e-002
279	-5.5723e-002
280	2.2975e-004
281	2.7768e-003
282	0.
283	3.9436e-002
284	4.5527e-005
285	1.3506e-002
286	0.
287	-1.9362e-002
288	7.6321e-003
289	1.1746e-002
290	-2.5428e-002
291	3.4155e-002
292	1.0422e-003
293	-5.0334e-004
294	-3.8177e-002
295	1.3538e-003
296	-1.2934e-004
297	7.8995e-002
298	-0.15266
299	0.
300	0.
301	0.
302	0.
303	0.
304	0.
305	0.
306	0.
307	7.7662e-003
308	5.0527e-003
309	-5.1781e-003
310	-5.196e-002
311	-7.925e-002
312	-0.12819
313	-0.14335
314	0.
315	0.
316	0.
317	0.
318	0.
319	0.
320	0.
321	0.
322	0.
323	0.
324	0.
325	0.
326	0.
327	0.
328	0.
329	0.
330	0.
331	0.
332	0.
333	0.
334	-0.39299
335	-0.35245
336	-0.42355
337	0.10818
338	-0.32748
339	-0.26019
340	-0.19692
341	-0.11654
342	-7.1523e-002
343	-2.7672e-002
344	-6.8517e-002
345	2.3761e-002
346	-0.10035
347	-0.14639
348	-0.20263
349	-0.26291
350	-0.33862
351	-0.38993
352	1.3168e-003
353	-1.0451e-002
354	-3.3408e-003
355	-2.6516e-002
356	-5.3931e-002
357	-9.9273e-002
358	-0.14009
359	-0.20947
360	-0.2592
361	-0.33453
362	0.56937
363	0.29621
364	-2.0628e-003
365	-2.9331e-003
366	-6.4898e-003
367	-1.7566e-002
368	-2.0026e-002
369	-6.7192e-003
370	5.5146e-002
371	0.10683
372	0.1585
373	0.15608
374	0.26754
375	0.29367
376	0.36086
377	0.40569
378	0.42923
379	0.47886
380	0.52328
381	0.55515
382	0.57263
383	7.0518e-002
384	-0.1465
385	-0.17076
386	-0.11849
387	-6.9217e-002
388	-4.0255e-002
389	-7.9779e-003
390	8.7892e-003
391	3.6823e-002
392	6.2337e-002
393	4.0284e-002
394	4.83e-002
395	5.3107e-002
396	5.2161e-002
397	5.6452e-002
398	6.5231e-002
399	-3.0702e-003
400	0.58364
401	0.10882
402	1.2002e-002
403	1.1845e-002
404	6.778e-003
405	1.6749e-003
406	3.5543e-004
407	-1.3856e-003
408	1.1196e-002
409	9.3141e-004
410	2.5247e-002
411	-3.0809e-002
412	1.4583e-002
413	0.22894
414	-1.3847e-002
415	-9.8188e-004
416	-1.5655e-003
417	0.30352
418	5.9381e-002
419	-5.6329e-004
420	-0.1573
421	8.4171e-003
422	-0.1429
423	-5.7446e-002
424	3.7969e-002
425	-7.2619e-002
426	-0.2432
427	3.2717e-002
428	-0.168
429	9.0104e-003
430	5.8713e-002
431	0.
432	0.
433	0.
434	0.
435	0.
436	0.
437	0.
438	0.
439	0.
440	0.
441	0.
442	0.47305
443	0.33274
444	-4.4183e-003
445	5.5522e-002
446	5.2952e-002
447	-5.2342e-002
448	-0.18341
449	0.21962
450	0.19954
451	-6.5056e-002
452	-7.7911e-002
453	-4.7646e-002
454	2.3632e-002
