Node Number	Equivalent (von-Mises) Stress (MPa)
1	1.8333
2	1.0358
3	97.289
4	36.194
5	42.949
6	26.047
7	41.383
8	64.156
9	91.947
10	219.63
11	180.11
12	239.87
13	184.5
14	201.71
15	17.32
16	16.703
17	4.4625
18	5.2767
19	2.7807
20	54.59
21	1.3054
22	3.3221
23	3.6481
24	12.314
25	11.127
26	119.15
27	222.61
28	292.64
29	243.55
30	354.19
31	135.79
32	69.679
33	21.769
34	41.485
35	75.422
36	25.912
37	3.4581
38	1.997
39	2.0656
40	2.6316
41	1.9906
42	2.7923
43	2.3653
44	98.411
45	1.7864
46	3.197
47	5.6834
48	24.044
49	25.882
50	124.54
51	142.53
52	155.12
53	127.5
54	354.79
55	221.74
56	131.7
57	96.173
58	36.972
59	37.301
60	35.196
61	38.715
62	37.824
63	13.215
64	9.9978
65	31.354
66	26.873
67	2.2271
68	1.4882
69	1.5273
70	1.589
71	3.8882
72	2.0373
73	1.506
74	52.96
75	1.5173
76	11.748
77	16.117
78	69.884
79	196.51
80	293.6
81	285.65
82	150.68
83	117.56
84	37.033
85	23.871
86	12.022
87	11.138
88	14.589
89	16.717
90	26.868
91	127.6
92	5.6386
93	241.45
94	5.1634
95	162.78
96	25.103
97	2.5676
98	97.144
99	17.52
100	37.519
101	190.71
102	68.993
103	20.056
104	8.8722
105	57.308
106	93.006
107	26.011
108	145.3
109	43.88
110	4.1207
111	140.98
112	45.505
113	9.2197
114	93.239
115	235.32
116	3.124
117	39.168
118	156.1
119	63.05
120	1.3517
121	13.39
122	340.98
123	47.217
124	15.807
125	112.41
126	141.62
127	126.72
128	139.66
129	65.182
130	2.1028
131	10.185
132	146.19
133	120.11
134	11.773
135	36.364
136	1.5157
137	1.8449
138	1.853
139	1.3798
140	0.79555
141	0.65611
142	0.79081
143	1.0428
144	1.4155
145	1.3023
146	1.7076
147	1.473
148	0.76308
149	0.83
150	0.76601
151	0.89886
152	48.607
153	33.022
154	25.67
155	14.994
156	9.6178
157	6.4632
158	5.4299
159	2.0475
160	0.92809
161	57.071
162	53.117
163	61.867
164	84.014
165	3.2355
166	4.5016
167	4.9256
168	15.567
169	20.115
170	29.234
171	32.673
172	38.747
173	2.9175
174	3.0758
175	0.62276
176	3.3324
177	5.8097
178	7.0261
179	7.5014
180	13.006
181	18.629
182	28.91
183	38.243
184	44.542
185	62.8
186	60.228
187	56.518
188	21.64
189	16.133
190	16.133
191	10.673
192	4.4653
193	55.242
194	33.303
195	15.507
196	13.935
197	13.935
198	9.1158
199	5.6221
200	2.5187
201	1.5919
202	2.4596
203	48.477
204	2.7513
205	145.13
206	1.7501
207	7.4431
208	13.025
209	11.895
210	25.452
211	27.721
212	69.706
213	95.179
214	64.59
215	67.387
216	44.306
217	36.765
218	32.105
219	32.42
220	32.718
221	41.115
222	59.813
223	45.018
224	56.874
225	43.738
226	45.186
227	46.932
228	4.0257
229	3.0438
230	2.3142
231	2.0483
232	2.8539
233	1.9584
234	87.308
235	79.254
236	160.77
237	91.611
238	90.489
239	83.52
240	92.708
241	82.701
242	109.93
243	50.398
244	92.485
245	63.644
246	8.8679
247	60.545
248	11.619
249	22.759
250	9.197
251	7.614
252	62.333
253	12.464
254	48.191
255	91.313
256	3.0745
257	31.824
258	4.2043
259	22.245
260	2.1962
261	5.9026
262	12.936
263	2.1845
264	7.7742
265	18.628
266	1.2423
267	19.758
268	0.79905
269	8.611
270	3.5257
271	0.96102
272	0.67438
273	11.383
274	4.7831
275	20.853
276	17.706
277	29.062
278	14.313
279	7.356
280	79.685
281	75.42
282	64.96
283	65.494
284	39.245
285	57.188
286	2.8501
287	10.743
288	3.2533
289	104.89
290	115.12
291	77.033
292	56.849
293	52.483
294	49.153
295	86.817
296	99.688
297	28.523
298	22.506
299	45.367
300	233.82
301	120.64
302	36.767
303	50.248
304	115.2
305	74.388
306	59.071
307	26.016
308	98.711
309	132.55
310	228.34
311	61.872
312	38.338
313	10.848
314	74.397
315	59.209
316	59.209
317	59.209
318	18.236
319	8.7129
320	9.8164
321	4.7508
322	24.345
323	46.659
324	64.552
325	22.094
326	28.955
327	41.164
328	39.616
329	21.54
330	20.584
331	45.387
332	0.94813
333	2.7354
334	5.7208
335	9.7858
336	17.294
337	48.831
338	75.996
339	185.53
340	134.68
341	96.169
342	78.698
343	45.872
344	22.883
345	31.555
346	27.5
347	32.989
348	21.263
349	30.926
350	37.799
351	0.58445
352	103.13
353	87.902
354	53.48
355	22.047
356	12.729
357	6.0352
358	3.248
359	1.3327
360	106.3
361	129.15
362	95.325
363	8.2955
364	4.3067
365	3.0362
366	2.2691
367	1.7348
368	1.4168
369	141.97
370	36.962
371	42.957
372	69.681
373	66.394
374	57.952
375	50.235
376	107.59
377	187.18
378	107.83
379	78.958
380	105.65
381	79.263
382	47.387
383	43.278
384	52.334
385	78.866
386	96.56
387	42.276
388	48.609
389	101.61
390	154.98
391	82.867
392	106.69
393	5.7845
394	3.4365
395	2.241
396	0.84351
397	0.30763
398	0.18812
399	138.51
400	89.229
401	75.518
402	24.153
403	33.52
404	11.732
405	3.1564
406	85.039
407	8.1132
408	60.548
409	91.69
410	1.9497
411	60.34
412	1.497
413	23.659
414	57.303
415	31.144
416	26.728
417	64.129
418	36.966
419	31.273
420	52.236
421	27.577
422	53.324
423	42.586
424	7.6147
425	72.087
426	4.6287
427	22.577
428	40.915
429	42.834
430	19.861
431	15.02
432	9.3027
433	8.9618
434	72.548
435	21.977
436	21.84
437	24.754
438	18.754
439	44.188
440	44.31
441	99.251
442	50.027
443	37.96
444	18.863
445	20.655
446	24.726
