Node Number	Equivalent (von-Mises) Stress (MPa)
1	12.364
2	9.1266
3	20.816
4	15.038
5	14.769
6	22.443
7	40.167
8	108.43
9	37.543
10	31.023
11	112.37
12	72.789
13	142.36
14	206.8
15	31.421
16	31.623
17	8.7446
18	15.877
19	11.53
20	34.042
21	6.2438
22	15.037
23	9.9231
24	34.225
25	32.979
26	159.57
27	167.12
28	252.68
29	81.587
30	57.304
31	75.716
32	47.072
33	36.127
34	42.979
35	27.351
36	14.826
37	6.6611
38	3.657
39	3.5601
40	7.8227
41	6.3192
42	8.0484
43	10.323
44	3.7795
45	2.7334
46	8.3043
47	9.345
48	26.324
49	51.994
50	139.34
51	115.41
52	233.19
53	190.68
54	105.16
55	62.637
56	13.912
57	51.42
58	12.633
59	14.375
60	6.6693
61	4.0651
62	17.884
63	10.484
64	8.2121
65	15.214
66	14.196
67	5.8896
68	5.0463
69	5.3596
70	5.3373
71	13.687
72	5.027
73	5.0642
74	6.1291
75	3.9955
76	26.139
77	38.123
78	76.239
79	126.97
80	86.448
81	76.942
82	37.83
83	58.631
84	23.644
85	10.56
86	7.6311
87	14.344
88	19.852
89	12.023
90	22.545
91	66.633
92	29.909
93	60.603
94	10.714
95	41.298
96	30.48
97	8.9837
98	59.976
99	6.3089
100	42.332
101	60.472
102	33.714
103	7.4597
104	22.025
105	38.817
106	82.016
107	43.966
108	63.25
109	54.283
110	26.229
111	153.14
112	27.311
113	17.589
114	37.331
115	145.58
116	3.9293
117	16.911
118	184.06
119	147.73
120	4.1198
121	11.629
122	135.75
123	25.781
124	23.801
125	61.532
126	65.815
127	55.078
128	89.057
129	86.502
130	5.4301
131	9.9797
132	52.622
133	94.616
134	41.441
135	37.606
136	3.7657
137	3.3657
138	3.9369
139	2.6964
140	1.337
141	0.99422
142	1.7938
143	2.3052
144	2.9648
145	3.9933
146	3.9857
147	3.0244
148	1.5266
149	1.4282
150	1.4708
151	2.2646
152	66.391
153	44.811
154	35.041
155	19.398
156	11.408
157	6.7895
158	5.2683
159	2.2798
160	2.3755
161	47.747
162	64.064
163	33.698
164	39.848
165	4.2803
166	4.7257
167	6.2531
168	12.43
169	19.053
170	29.079
171	48.518
172	39.095
173	2.5863
174	2.719
175	2.4353
176	2.2731
177	4.8922
178	7.6344
179	8.5577
180	17.373
181	26.293
182	40.066
183	52.909
184	48.176
185	53.874
186	37.085
187	35.575
188	35.384
189	28.442
190	28.442
191	18.797
192	11.086
193	100.22
194	62.77
195	27.157
196	20.074
197	20.074
198	13.145
199	8.1038
200	4.7903
201	3.965
202	10.73
203	94.155
204	9.7247
205	91.557
206	8.1332
207	17.003
208	30.639
209	43.713
210	48.91
211	63.666
212	76.295
213	44.1
214	96.774
215	118.71
216	83.807
217	85.783
218	53.357
219	48.714
220	48.204
221	55.046
222	130.2
223	155.84
224	349.41
225	182.12
226	54.022
227	47.993
228	4.8091
229	6.1241
230	5.788
231	9.4721
232	14.253
233	12.339
234	101.21
235	281.02
236	754.24
237	308.49
238	170.99
239	57.266
240	163.47
241	353.86
242	484.25
243	132.58
244	109.12
245	51.67
246	24.162
247	56.77
248	22.245
249	86.716
250	11.156
251	8.7048
252	104.28
253	27.382
254	76.929
255	154.99
256	8.9615
257	33.304
258	8.8125
259	18.525
260	3.0621
261	11.155
262	20.829
263	3.2729
264	10.379
265	38.595
266	2.4532
267	26.376
268	1.6506
269	14.933
270	3.9145
271	1.6512
272	1.8164
273	27.033
274	7.3148
275	13.681
276	35.304
277	54.189
278	27.856
279	10.434
280	248.98
281	102.53
282	101.46
283	45.549
284	101.99
285	36.581
286	9.1245
287	23.009
288	7.1576
289	43.502
290	51.647
291	32.374
292	24.242
293	22.747
294	21.946
295	37.954
296	44.251
297	13.465
298	9.4642
299	19.166
300	13.052
301	10.508
302	15.056
303	21.043
304	46.473
305	31.817
306	26.118
307	13.496
308	44.19
309	25.653
310	12.548
311	35.082
312	20.278
313	4.7544
314	30.888
315	25.842
316	25.842
317	25.842
318	8.0298
319	3.8079
320	4.2979
321	2.0666
322	10.856
323	20.382
324	26.897
325	9.3081
326	10.644
327	14.166
328	15.099
329	7.2347
330	11.827
331	15.248
332	0.36559
333	1.0543
334	2.2142
335	3.7488
336	6.516
337	18.87
338	30.667
339	65.571
340	48.333
341	25.928
342	23.491
343	19.735
344	16.672
345	11.86
346	11.357
347	14.799
348	7.4465
349	13.191
350	15.63
351	0.22389
352	32.742
353	35.47
354	20.693
355	8.4509
356	4.8909
357	2.3372
358	1.2527
359	0.5141
360	32.282
361	30.446
362	22.683
363	3.625
364	1.8488
365	1.291
366	0.96577
367	0.70069
368	0.5434
369	25.389
370	58.657
371	43.707
372	19.356
373	13.552
374	16.203
375	30.916
376	58.156
377	82.141
378	42.571
379	29.261
380	33.695
381	29.002
382	53.279
383	73.451
384	32.874
385	21.081
386	23.295
387	20.229
388	28.432
389	55.394
390	63.729
391	30.013
392	35.884
393	2.5148
394	1.4785
395	0.95563
396	0.36138
397	0.11881
398	7.0702e-002
399	19.023
400	15.322
401	34.029
402	10.105
403	13.234
404	4.7837
405	1.3516
406	35.694
407	3.1351
408	23.542
409	37.003
410	0.80797
411	25.166
412	0.57445
413	10.554
414	24.086
415	14.051
416	10.98
417	28.363
418	18.055
419	9.6443
420	22.404
421	17.718
422	24.237
423	14.885
424	3.1817
425	26.183
426	1.7953
427	8.712
428	12.228
429	17.572
430	6.5489
431	7.9401
432	3.2788
433	3.9991
434	30.972
435	9.6394
436	11.276
437	11.443
438	10.404
439	30.065
440	15.138
441	38.575
442	27.236
443	38.744
444	9.1171
445	6.2804
446	10.626
