Node Number	Directional Deformation (mm)
1	-4.2385e-003
2	-5.5356e-003
3	-0.38843
4	-0.38668
5	-0.37939
6	-0.40611
7	-0.38637
8	-0.28512
9	-0.19548
10	-0.22183
11	-8.5868e-002
12	9.6053e-003
13	-2.0794e-002
14	7.6093e-003
15	-9.4809e-005
16	1.2137e-002
17	-2.0808e-003
18	-7.5188e-003
19	-5.1742e-003
20	-0.36421
21	-8.6312e-004
22	9.8993e-004
23	-3.5827e-003
24	9.9201e-004
25	-1.9276e-002
26	-5.8851e-002
27	-4.2839e-002
28	-0.10197
29	-0.11426
30	-0.40507
31	-0.36706
32	-0.31203
33	-0.32667
34	-0.38662
35	-0.36482
36	-0.36392
37	2.4603e-003
38	6.4548e-004
39	-6.3273e-004
40	1.3627e-004
41	-1.7752e-004
42	-2.376e-003
43	-5.896e-003
44	-0.25259
45	2.5444e-003
46	-1.6356e-003
47	6.3999e-003
48	-1.1645e-002
49	2.3502e-002
50	3.5004e-002
51	9.8622e-003
52	-2.187e-003
53	-0.12575
54	-0.5935
55	-0.4918
56	-0.34644
57	-0.13004
58	-0.19707
59	-0.20345
60	-0.24224
61	-0.25491
62	-0.25962
63	-0.26546
64	-0.27085
65	-0.32178
66	-0.36838
67	8.0399e-004
68	-3.911e-003
69	-3.9195e-003
70	1.5391e-004
71	5.0922e-004
72	4.3842e-004
73	3.9218e-004
74	-0.42358
75	4.0512e-003
76	4.7478e-003
77	-2.6466e-002
78	8.1852e-002
79	5.0073e-003
80	-0.65941
81	-0.23021
82	-8.7887e-002
83	-0.14149
84	-0.32611
85	-0.40345
86	-0.41469
87	-0.39496
88	-0.37462
89	-0.3673
90	-0.42448
91	3.9866e-002
92	1.4882e-002
93	-0.33111
94	5.7075e-003
95	0.12377
96	-0.27354
97	-2.0109e-004
98	-0.18596
99	-0.39631
100	-5.1444e-002
101	-6.9786e-002
102	-0.38817
103	-0.34416
104	-9.1447e-004
105	-0.18143
106	-2.9042e-002
107	1.3872e-002
108	1.0664e-002
109	-0.25348
110	-2.7048e-002
111	4.5295e-002
112	-0.17771
113	9.4754e-003
114	5.6956e-002
115	-3.7618e-002
116	3.6909e-003
117	-0.28145
118	2.3564e-003
119	-4.2052e-002
120	-5.1552e-003
121	-0.23886
122	-0.32659
123	-0.19928
124	4.2195e-003
125	-6.168e-002
126	-0.12608
127	-4.3637e-002
128	2.2784e-002
129	1.0466e-002
130	5.23e-003
131	-0.26258
132	-0.39343
133	-3.815e-003
134	7.8634e-003
135	-0.36725
136	0.
137	0.
138	0.
139	0.
140	6.6805e-013
141	1.1552e-012
142	1.4861e-013
143	5.3237e-014
144	1.9049e-015
145	-3.3227e-013
146	0.
147	0.
148	-2.6378e-013
149	-2.2338e-013
150	-1.5147e-013
151	2.405e-013
152	2.6824e-013
153	2.4163e-013
154	0.
155	0.
156	6.6277e-013
157	1.2484e-012
158	-2.5215e-012
159	1.828e-013
160	-1.7109e-012
161	-9.3416e-013
162	0.
163	0.
164	0.
165	0.
166	0.
167	0.
168	0.
169	0.
170	0.
171	0.
172	-1.9779e-015
173	-1.9748e-017
174	1.4765e-015
175	4.6461e-015
176	2.6359e-015
177	3.2108e-015
178	0.
179	0.
180	0.
181	0.
182	0.
183	0.
184	0.
185	0.
186	0.
187	0.
188	0.
189	-4.3832e-015
190	-5.3982e-015
191	-7.5131e-017
192	4.1404e-015
193	9.7323e-015
194	1.1037e-014
195	0.
196	0.
197	0.
198	0.
199	0.
200	0.
201	0.
202	0.
203	0.
204	0.
205	0.
206	0.
207	0.
208	0.
209	0.
210	0.
211	0.
212	0.
213	0.
214	0.
215	0.
216	0.
217	0.
218	0.
219	0.
220	0.
221	0.
222	0.
223	0.
224	0.
225	0.
226	0.
227	0.
228	0.
229	0.
230	0.
231	0.
232	0.
233	0.
234	0.
235	0.
236	-4.2479e-014
237	-3.4912e-014
238	-5.1564e-014
239	-2.5969e-014
240	5.0568e-015
241	9.7036e-015
242	3.219e-012
243	-5.9343e-012
244	-5.2853e-012
245	5.2224e-012
246	-1.0008e-012
247	-1.4137e-013
248	0.
249	1.2051e-013
250	7.3836e-014
251	-1.9505e-013
252	7.3023e-014
253	8.3553e-013
254	-2.0275e-015
255	-1.5537e-012
256	2.1454e-012
257	-2.8967e-014
258	-7.6728e-013
259	8.7813e-015
260	1.1405e-013
261	-1.1501e-014
262	-1.1759e-014
263	6.0348e-015
264	-1.2642e-014
265	-3.6329e-014
266	4.1087e-015
267	-5.4933e-015
268	-4.934e-014
269	-5.1701e-015
270	2.9103e-015
271	-3.9156e-015
272	1.8145e-013
273	2.5789e-015
274	-1.9705e-013
275	2.6493e-014
276	-3.3245e-013
277	5.2133e-013
278	0.
279	0.
280	9.1528e-014
281	1.6563e-013
282	-5.1049e-013
283	1.3518e-012
284	-1.177e-012
285	3.3664e-013
286	4.9768e-014
287	-9.5956e-014
288	4.3749e-013
289	-7.7822e-006
290	-3.204e-006
291	-4.8036e-006
292	-8.3736e-007
293	-3.005e-006
294	-2.145e-006
295	-3.8047e-006
296	-2.4012e-006
297	-2.3785e-006
298	4.4081e-008
299	-1.0375e-005
300	-6.9312e-006
301	-1.1109e-005
302	-1.0311e-005
303	-8.5035e-006
304	-8.5239e-006
305	-8.4358e-006
306	-8.1321e-006
307	-2.3928e-005
308	-2.3657e-005
309	-2.2752e-005
310	-2.1859e-005
311	-2.0917e-005
312	-1.9619e-005
313	-1.8503e-005
314	-1.5999e-005
315	-1.3852e-005
316	-2.2869e-005
317	-2.3198e-005
318	-2.3492e-005
319	-2.3832e-005
320	-2.4066e-005
321	-2.428e-005
322	-2.4499e-005
323	-1.1337e-005
324	-1.4311e-005
325	-1.6726e-005
326	-1.8574e-005
327	-2.0007e-005
328	-2.1261e-005
329	-2.2347e-005
330	-2.2859e-005
331	3.0492e-006
332	0.
333	0.
334	0.
335	0.
336	0.
337	0.
338	0.
339	0.
340	0.
341	2.3505e-008
342	-2.1699e-005
343	-1.5628e-007
344	-2.669e-006
345	2.2923e-008
346	-5.1552e-006
347	-1.5215e-006
348	-1.7114e-006
349	-3.1463e-007
350	6.5566e-008
351	-1.9403e-005
352	-2.109e-005
353	-4.7983e-008
354	-1.2147e-007
355	-2.0751e-007
356	-3.6213e-007
357	-5.4497e-007
358	-4.1232e-007
359	4.3787e-007
360	5.1483e-007
361	-1.5634e-006
362	-3.1845e-006
363	-4.6639e-006
364	-6.4446e-006
365	-9.3358e-006
366	-1.1755e-005
367	-1.4084e-005
368	-1.5959e-005
369	-1.7551e-005
370	-1.8375e-005
371	-1.9226e-005
372	0.
373	0.
374	0.
375	0.
376	0.
377	0.
378	0.
379	0.
380	0.
381	4.3911e-008
382	2.3496e-008
383	1.0837e-008
384	1.0617e-008
385	1.3226e-008
386	-2.4226e-008
387	0.
388	0.
389	0.
390	0.
391	0.
392	0.
393	0.
394	0.
395	0.
396	0.
397	0.
398	0.
399	6.333e-007
400	-6.5593e-006
401	3.358e-007
402	-2.0434e-005
403	0.
404	0.
405	0.
406	0.
407	0.
408	0.
409	0.
410	0.
411	0.
412	0.
413	0.
414	0.
415	8.3696e-009
416	1.6789e-006
417	-1.0395e-007
418	-3.1729e-007
419	-4.0697e-006
420	2.9321e-007
421	-2.1541e-005
422	-1.9266e-005
423	-1.5656e-005
424	-2.2527e-005
425	-1.9689e-005
426	-2.346e-005
427	-1.3822e-005
428	-2.397e-005
429	-1.5123e-005
430	-1.8288e-005
431	-1.4039e-005
432	-1.1657e-005
433	-1.82e-005
434	-1.5013e-007
435	9.6505e-007
436	1.9105e-007
437	-1.6212e-005
438	-1.1821e-005
439	-1.8118e-005
440	-8.6301e-006
441	-7.0194e-006
442	-1.7779e-006
443	-3.032e-006
444	-1.2994e-006
445	-2.2755e-005
446	-2.1738e-005
