Node Number	Directional Deformation (mm)
1	-5.8324e-003
2	-6.1012e-003
3	-0.41204
4	-0.4277
5	-0.43557
6	-0.47801
7	-0.44971
8	-0.32419
9	-0.2001
10	-0.20984
11	-0.1155
12	3.181e-002
13	-4.45e-002
14	4.2681e-003
15	-1.9843e-002
16	6.4089e-003
17	6.9717e-004
18	-7.6073e-003
19	-6.4113e-003
20	-0.27289
21	-1.6581e-003
22	2.2119e-004
23	-3.2084e-003
24	-6.1292e-003
25	-4.4806e-002
26	-0.12095
27	-0.12854
28	-0.20367
29	-0.24007
30	-0.46657
31	-0.36977
32	-0.29724
33	-0.29877
34	-0.35336
35	-0.30773
36	-0.28961
37	1.5825e-003
38	-1.1308e-003
39	-2.4589e-003
40	-7.2934e-004
41	-6.4435e-004
42	-3.5779e-003
43	-6.8904e-003
44	-0.26044
45	6.0714e-004
46	-5.5504e-003
47	7.1068e-003
48	-1.0603e-002
49	1.5558e-002
50	3.2765e-002
51	5.4078e-003
52	-3.1267e-002
53	-7.8229e-002
54	-0.52973
55	-0.47283
56	-0.32425
57	-0.1177
58	-0.19577
59	-0.21887
60	-0.25527
61	-0.26534
62	-0.27437
63	-0.28398
64	-0.29279
65	-0.3459
66	-0.39326
67	-7.3828e-004
68	-4.6849e-003
69	-5.0101e-003
70	-5.0883e-004
71	-8.1913e-004
72	-9.6918e-004
73	-9.2802e-004
74	-0.32287
75	2.5158e-003
76	-1.0825e-003
77	-4.2588e-002
78	6.6764e-002
79	-5.3239e-002
80	-0.7022
81	-6.0243e-002
82	2.9285e-002
83	-4.9488e-002
84	-0.23288
85	-0.30952
86	-0.31702
87	-0.29815
88	-0.27905
89	-0.27606
90	-0.38757
91	6.3829e-002
92	1.3469e-002
93	-0.30906
94	3.2284e-003
95	0.20453
96	-0.16806
97	-2.4447e-003
98	6.7901e-002
99	-0.31636
100	-6.4226e-002
101	-7.8666e-002
102	-0.36085
103	-0.28159
104	-6.8229e-003
105	-0.21762
106	-8.1512e-002
107	1.4132e-002
108	2.5694e-002
109	-0.33548
110	-4.0047e-002
111	0.19435
112	-0.22913
113	6.8459e-003
114	2.3415e-002
115	-4.1623e-002
116	1.1546e-003
117	-0.33914
118	-3.3929e-002
119	1.3629e-003
120	-5.435e-003
121	-0.26091
122	-0.24877
123	-0.19829
124	4.2443e-003
125	-1.253e-002
126	-0.15824
127	-3.5806e-003
128	2.9942e-002
129	7.8888e-003
130	3.8288e-003
131	-0.2949
132	-0.36044
133	-3.0038e-002
134	1.2765e-003
135	-0.43288
136	0.
137	0.
138	0.
139	0.
140	-2.6776e-013
141	1.9848e-013
142	-7.0118e-014
143	8.208e-013
144	8.1078e-014
145	1.1635e-012
146	0.
147	0.
148	1.1777e-012
149	1.197e-012
150	1.2663e-012
151	7.4905e-013
152	9.1855e-014
153	-1.9339e-013
154	0.
155	0.
156	-2.3352e-013
157	-7.1796e-013
158	-1.4491e-012
159	4.7273e-012
160	-6.9182e-012
161	-1.4909e-012
162	0.
163	0.
164	0.
165	0.
166	0.
167	0.
168	0.
169	0.
170	0.
171	0.
172	-1.2883e-014
173	-4.3208e-014
174	-3.197e-014
175	-2.0767e-014
176	1.1501e-014
177	2.1772e-014
178	0.
179	0.
180	0.
181	0.
182	0.
183	0.
184	0.
185	0.
186	0.
187	0.
188	0.
189	2.1848e-014
190	3.3919e-014
191	1.2566e-014
192	-3.7675e-015
193	-2.957e-014
194	-4.5015e-014
195	0.
196	0.
197	0.
198	0.
199	0.
200	0.
201	0.
202	0.
203	0.
204	0.
205	0.
206	0.
207	0.
208	0.
209	0.
210	0.
211	0.
212	0.
213	0.
214	0.
215	0.
216	0.
217	0.
218	0.
219	0.
220	0.
221	0.
222	0.
223	0.
224	0.
225	0.
226	0.
227	0.
228	0.
229	0.
230	0.
231	0.
232	0.
233	0.
234	0.
235	0.
236	-9.1188e-014
237	-9.4188e-014
238	-4.9124e-014
239	-5.0816e-014
240	-1.6315e-014
241	2.0736e-014
242	1.7064e-012
243	-3.6751e-012
244	-8.9291e-012
245	5.1181e-012
246	-6.6149e-012
247	-1.3155e-012
248	0.
249	3.4394e-013
250	3.5425e-013
251	-3.374e-013
252	-5.8975e-014
253	2.9523e-012
254	-3.2266e-014
255	-2.7212e-012
256	-1.4035e-012
257	-7.1919e-014
258	-6.4732e-013
259	-3.4213e-014
260	3.8866e-013
261	1.11e-013
262	4.4091e-014
263	-2.1927e-014
264	2.1727e-012
265	2.1763e-013
266	-1.2386e-013
267	-3.2809e-014
268	3.6648e-013
269	1.2803e-013
270	1.9932e-013
271	-4.2397e-014
272	-2.2264e-013
273	1.6803e-014
274	6.892e-013
275	-2.4371e-013
276	-3.7236e-013
277	1.6776e-012
278	0.
279	0.
280	-2.6721e-013
281	7.468e-013
282	3.3569e-014
283	1.494e-012
284	-2.1142e-012
285	3.6982e-013
286	-4.9149e-014
287	-6.9993e-014
288	3.9761e-013
289	-0.18097
290	-0.13686
291	-0.17222
292	-6.6612e-002
293	-0.12195
294	-9.9168e-002
295	-8.1717e-002
296	-7.4461e-002
297	-6.468e-002
298	-6.5171e-002
299	-0.13062
300	-0.10388
301	-0.13154
302	-0.13393
303	-0.13486
304	-0.13214
305	-0.14286
306	-0.16685
307	-0.1383
308	-0.13938
309	-0.13755
310	-0.13112
311	-0.12822
312	-0.13137
313	-0.1447
314	-0.14226
315	-0.14169
316	-0.15798
317	-0.14879
318	-0.14748
319	-0.14783
320	-0.14993
321	-0.14882
322	-0.14558
323	-0.16976
324	-0.15609
325	-0.16199
326	-0.1573
327	-0.15364
328	-0.15327
329	-0.15731
330	-0.15773
331	-1.813e-002
332	0.
333	0.
334	0.
335	0.
336	0.
337	0.
338	0.
339	0.
340	0.
341	2.7779e-003
342	1.463e-002
343	3.1176e-002
344	-5.9779e-002
345	-1.1566e-002
346	-2.1521e-002
347	-2.283e-002
348	-3.0823e-002
349	-2.7799e-002
350	-4.1886e-002
351	1.7369e-002
352	-6.6341e-002
353	-3.5022e-004
354	-9.5547e-004
355	-1.8269e-003
356	-3.0541e-003
357	-6.5286e-003
358	-1.0082e-002
359	-6.3647e-003
360	2.1684e-002
361	2.1035e-002
362	9.1301e-003
363	1.2331e-002
364	1.6188e-002
365	2.2537e-002
366	2.377e-002
367	1.9524e-002
368	2.1579e-002
369	1.7021e-002
370	2.1748e-002
371	1.9865e-002
372	0.
373	0.
374	0.
375	0.
376	0.
377	0.
378	0.
379	0.
380	0.
381	3.1165e-003
382	2.2092e-003
383	1.4795e-003
384	7.5552e-004
385	1.6878e-004
386	-1.5853e-004
387	0.
388	0.
389	0.
390	0.
391	0.
392	0.
393	0.
394	0.
395	0.
396	0.
397	0.
398	0.
399	-3.9548e-002
400	-4.9876e-002
401	-1.5844e-002
402	-7.1389e-002
403	0.
404	0.
405	0.
406	0.
407	0.
408	0.
409	0.
410	0.
411	0.
412	0.
413	0.
414	0.
415	4.5387e-004
416	1.5063e-002
417	-7.5173e-004
418	-3.841e-003
419	5.6441e-003
420	-9.757e-004
421	-0.15243
422	-0.14921
423	-0.14029
424	-0.14257
425	-0.14148
426	-0.14543
427	-0.14706
428	-0.14718
429	-0.1413
430	-0.15062
431	2.1372e-002
432	1.9117e-002
433	1.7688e-002
434	-1.2503e-003
435	1.9444e-002
436	-4.9836e-003
437	2.3139e-002
438	2.3637e-002
439	2.1362e-002
440	-8.5565e-002
441	-6.2662e-002
442	-1.9929e-002
443	-2.8578e-002
444	-7.1826e-003
445	-0.11162
446	-9.0405e-002
