Node Number	Directional Deformation (mm)
1	-1.1722e-003
2	-6.5139e-006
3	1.1132e-002
4	-6.2069e-002
5	-8.5669e-002
6	-7.8149e-002
7	0.21117
8	0.56097
9	0.9788
10	0.93052
11	-0.25567
12	-0.1587
13	7.6306e-002
14	2.526e-003
15	-1.8936e-002
16	7.5258e-004
17	1.6555e-003
18	2.6884e-003
19	-1.3539e-004
20	1.0577
21	-2.4288e-003
22	-2.5674e-004
23	4.6672e-003
24	-2.8385e-003
25	-9.0238e-003
26	3.4597e-002
27	3.693e-002
28	-0.71104
29	-1.9382
30	-1.4273
31	-0.30241
32	0.37035
33	0.63993
34	0.65448
35	0.82641
36	0.95104
37	8.3027e-003
38	6.961e-003
39	5.9352e-003
40	8.3687e-003
41	9.6278e-003
42	8.4272e-003
43	2.8312e-003
44	9.4688e-002
45	9.4203e-003
46	8.8371e-003
47	2.908e-003
48	-1.7199e-002
49	1.3933e-002
50	2.0305e-002
51	4.3475e-002
52	-6.6692e-002
53	5.1332e-002
54	1.6512
55	1.1796
56	0.26793
57	-0.19942
58	-9.1067e-002
59	-5.8041e-002
60	5.0184e-004
61	9.231e-002
62	8.7009e-002
63	4.0705e-002
64	1.5866e-002
65	-9.9541e-003
66	-1.1275e-002
67	7.4907e-003
68	-7.497e-004
69	5.1711e-003
70	5.6468e-003
71	7.3637e-003
72	5.6477e-003
73	6.7896e-003
74	1.0972
75	7.1397e-003
76	1.7661e-002
77	-2.5511e-002
78	4.9225e-002
79	-0.17779
80	-1.1615
81	-0.99417
82	0.12273
83	0.23614
84	0.72106
85	0.93808
86	1.0913
87	1.0537
88	1.0339
89	1.0287
90	0.55947
91	-9.1004e-003
92	-5.7581e-002
93	-1.4603
94	1.3565e-002
95	-0.20897
96	0.38177
97	1.4045e-002
98	-2.2447
99	0.85767
100	-6.663e-002
101	-1.0677
102	8.0168e-002
103	0.82286
104	-2.8489e-002
105	0.36544
106	-0.12422
107	-4.0894e-002
108	4.2679e-002
109	0.18008
110	-2.2645e-002
111	-0.50441
112	-1.5146e-002
113	1.7843e-003
114	0.91337
115	5.3902e-002
116	6.5501e-003
117	-0.17939
118	-3.9737e-002
119	-1.3264e-002
120	1.0851e-002
121	-2.798e-002
122	1.0072e-002
123	-0.11597
124	5.9821e-006
125	-0.60088
126	0.31475
127	0.44554
128	-1.0469e-002
129	-1.6808e-002
130	1.2297e-002
131	-6.0222e-002
132	0.69225
133	5.7642e-004
134	-2.4532e-002
135	0.16426
136	0.
137	0.
138	0.
139	0.
140	-2.0295e-013
141	-1.9261e-013
142	-8.4316e-014
143	6.6839e-014
144	5.3867e-015
145	-2.9762e-014
146	0.
147	0.
148	-4.2385e-013
149	-4.92e-013
150	-5.7767e-014
151	1.2267e-014
152	-8.8741e-013
153	-5.1713e-013
154	0.
155	0.
156	0.
157	0.
158	0.
159	0.
160	0.
161	0.
162	0.
163	0.
164	0.
165	4.6241e-015
166	4.8571e-015
167	6.4472e-015
168	2.2798e-015
169	1.8759e-015
170	-4.0313e-016
171	0.
172	0.
173	0.
174	0.
175	0.
176	0.
177	0.
178	0.
179	0.
180	0.
181	0.
182	0.
183	0.
184	0.
185	0.
186	0.
187	0.
188	0.
189	0.
190	0.
191	0.
192	0.
193	0.
194	0.
195	-1.4606e-012
196	-1.1327e-012
197	4.523e-012
198	3.2815e-013
199	-9.2676e-013
200	-4.5405e-014
201	0.
202	0.
203	0.
204	0.
205	0.
206	0.
207	0.
208	0.
209	0.
210	0.
211	0.
212	0.
213	0.
214	0.
215	0.
216	0.
217	0.
218	0.
219	0.
220	0.
221	0.
222	0.
223	0.
224	0.
225	0.
226	0.
227	0.
228	0.
229	0.
230	0.
231	0.
232	-3.691e-015
233	-8.1535e-015
234	-1.0299e-014
235	-7.8464e-015
236	-8.3135e-015
237	-3.5526e-015
238	8.1948e-014
239	1.3343e-013
240	1.6477e-013
241	1.3832e-013
242	9.1268e-014
243	2.3222e-014
244	-3.6041e-012
245	-3.3818e-013
246	-1.2867e-012
247	-3.7963e-012
248	-1.8318e-012
249	5.7986e-013
250	0.
251	0.
252	0.
253	0.
254	-2.0857e-013
255	9.5159e-014
256	-5.8305e-015
257	1.245e-013
258	1.2167e-012
259	-1.0362e-013
260	1.1587e-012
261	-1.7478e-012
262	1.323e-013
263	1.0905e-012
264	-1.123e-015
265	4.7505e-013
266	-7.5176e-015
267	-1.4988e-014
268	-9.3352e-015
269	1.865e-014
270	-4.2385e-014
271	2.0958e-014
272	-6.5712e-015
273	1.8267e-014
274	9.8501e-014
275	5.6758e-015
276	3.084e-014
277	7.1597e-015
278	5.1352e-014
279	2.0902e-014
280	7.8296e-014
281	-8.3295e-016
282	2.0645e-015
283	1.4781e-014
284	3.3971e-014
285	7.5763e-015
286	2.8041e-014
287	-6.8842e-014
288	8.223e-014
289	5.7781e-013
290	-6.2735e-013
291	0.
292	0.
293	-8.2193e-014
294	-8.0508e-013
295	-1.8871e-013
296	3.9612e-013
297	8.1497e-014
298	3.2836e-014
299	2.3547e-015
300	3.1244e-013
301	-8.5239e-013
302	8.4065e-014
303	-1.0501e-013
304	-3.8989e-013
305	-3.4066e-013
306	-3.2363e-013
307	7.3016e-006
308	9.133e-006
309	7.8749e-006
310	9.105e-006
311	1.3282e-005
312	1.1805e-005
313	9.2649e-006
314	1.6145e-005
315	1.292e-005
316	6.0574e-006
317	-6.6016e-007
318	3.0271e-006
319	-1.083e-006
320	1.469e-006
321	5.5116e-006
322	5.5996e-006
323	5.4879e-006
324	6.5782e-006
325	0.
326	-7.001e-008
327	7.7924e-008
328	3.9077e-007
329	3.6342e-007
330	-1.5648e-009
331	-5.8441e-007
332	-9.6346e-007
333	-1.7373e-006
334	-2.1754e-006
335	0.
336	0.
337	0.
338	0.
339	0.
340	0.
341	0.
342	6.9993e-006
343	6.535e-006
344	6.0785e-006
345	5.5577e-006
346	4.8305e-006
347	3.9516e-006
348	3.0171e-006
349	1.979e-006
350	8.9153e-007
351	3.6356e-006
352	0.
353	0.
354	0.
355	0.
356	0.
357	0.
358	0.
359	0.
360	0.
361	0.
362	0.
363	8.2767e-006
364	8.9323e-006
365	6.0626e-006
366	1.2529e-005
367	1.4515e-005
368	1.1457e-005
369	9.3877e-006
370	8.1892e-006
371	0.
372	0.
373	0.
374	8.998e-008
375	2.2935e-007
376	4.4348e-007
377	8.4358e-007
378	1.5691e-006
379	3.9132e-006
380	7.6961e-006
381	1.4657e-005
382	1.6255e-005
383	1.587e-005
384	1.448e-005
385	1.2401e-005
386	1.0664e-005
387	8.8637e-006
388	6.9313e-006
389	5.0412e-006
390	3.301e-006
391	1.5118e-006
392	0.
393	0.
394	0.
395	0.
396	0.
397	0.
398	0.
399	0.
400	0.
401	0.
402	0.
403	0.
404	0.
405	0.
406	0.
407	0.
408	0.
409	0.
410	0.
411	0.
412	0.
413	0.
414	0.
415	0.
416	0.
417	0.
418	0.
419	1.9631e-006
420	2.5029e-006
421	3.2067e-007
422	1.548e-006
423	0.
424	0.
425	0.
426	0.
427	0.
428	0.
429	0.
430	0.
431	0.
432	0.
433	0.
434	0.
435	3.5673e-008
436	7.0947e-006
437	2.2381e-007
438	8.8838e-007
439	1.8192e-005
440	2.7847e-007
441	2.2738e-006
442	9.5809e-007
443	1.6294e-006
444	4.1274e-006
445	8.4393e-007
446	3.4058e-006
447	7.0888e-007
448	2.3796e-006
449	8.9685e-007
450	5.3632e-006
451	2.244e-007
452	8.2573e-007
453	2.4596e-006
454	4.9695e-006
455	1.2324e-006
456	4.1904e-006
457	9.5143e-008
458	4.4931e-006
459	7.4317e-006
460	1.0401e-005
461	4.8021e-006
462	6.4275e-007
463	5.5602e-006
464	4.4738e-006
465	3.6255e-006
466	6.8128e-006
467	3.7924e-006
468	8.4471e-007
469	4.7439e-006
470	7.9835e-007
471	3.5995e-006
472	1.02e-005
473	1.5059e-005
474	6.0123e-006
475	9.0476e-006
476	2.5374e-006
477	8.73e-006
478	1.9146e-006
479	8.6437e-006
480	6.9037e-006
481	1.1229e-006
482	2.4547e-006
483	1.1843e-006
