Node Number	Directional Deformation (mm)
1	1.6463e-003
2	2.5843e-004
3	0.42551
4	0.41231
5	0.44203
6	0.49728
7	0.8268
8	1.1896
9	1.604
10	1.3889
11	-0.15708
12	-0.19329
13	0.15627
14	1.0147e-002
15	-1.2948e-002
16	3.8751e-003
17	1.1794e-003
18	3.1038e-003
19	1.7126e-003
20	1.0965
21	-1.391e-003
22	1.9524e-003
23	6.8583e-003
24	-2.9682e-003
25	-4.4238e-003
26	6.3777e-002
27	4.3776e-002
28	-0.83966
29	-2.1095
30	-1.4038
31	-0.12437
32	0.59606
33	0.8732
34	0.85496
35	0.97519
36	1.0488
37	9.9094e-003
38	7.5584e-003
39	4.9333e-003
40	6.8231e-003
41	9.157e-003
42	1.0374e-002
43	5.3149e-003
44	0.43961
45	9.2761e-003
46	3.7214e-003
47	-1.7738e-003
48	-2.088e-002
49	2.8713e-002
50	2.045e-002
51	5.0003e-002
52	-8.7227e-002
53	9.9862e-002
54	2.1041
55	1.7561
56	0.83493
57	0.34103
58	0.40492
59	0.39232
60	0.39947
61	0.45454
62	0.46133
63	0.42836
64	0.41467
65	0.3964
66	0.40065
67	8.0008e-003
68	3.0964e-004
69	6.3721e-003
70	5.4076e-003
71	6.2026e-003
72	6.0893e-003
73	8.076e-003
74	1.0666
75	8.1075e-003
76	1.2222e-002
77	-3.929e-002
78	6.5947e-002
79	-0.1968
80	-1.4032
81	-0.97522
82	0.31388
83	0.40966
84	0.83647
85	0.98502
86	1.0882
87	1.0717
88	1.0647
89	1.0649
90	0.77175
91	-3.3591e-003
92	-7.2071e-002
93	-1.5019
94	9.1171e-003
95	-0.27011
96	0.57785
97	1.5872e-002
98	-2.3624
99	0.97521
100	-6.5828e-002
101	-1.3114
102	0.2921
103	0.95149
104	-4.2477e-002
105	0.93793
106	-0.13696
107	-4.7087e-002
108	4.3071e-002
109	0.77095
110	-2.1804e-002
111	-0.40357
112	0.51086
113	-7.3862e-003
114	1.4809
115	6.0318e-002
116	3.7899e-003
117	0.33201
118	-2.7335e-002
119	8.6084e-003
120	1.1715e-002
121	0.42788
122	0.44213
123	0.42508
124	-8.1659e-003
125	-0.35618
126	0.85645
127	0.64974
128	-3.4319e-002
129	-6.6084e-003
130	9.6799e-003
131	0.38865
132	1.2517
133	-2.0352e-002
134	-2.0184e-002
135	0.78437
136	0.
137	0.
138	0.
139	0.
140	-3.1491e-013
141	-3.7282e-013
142	-3.8736e-013
143	-3.0285e-013
144	-1.219e-013
145	-6.4992e-014
146	0.
147	0.
148	-5.2346e-013
149	-7.9505e-013
150	-1.1872e-012
151	-7.6485e-013
152	-1.1372e-012
153	-5.7842e-013
154	0.
155	0.
156	0.
157	0.
158	0.
159	0.
160	0.
161	0.
162	0.
163	0.
164	0.
165	-2.1639e-015
166	-7.8486e-015
167	-1.0206e-014
168	-1.5574e-014
169	-1.2436e-014
170	-8.1791e-015
171	0.
172	0.
173	0.
174	0.
175	0.
176	0.
177	0.
178	0.
179	0.
180	0.
181	0.
182	0.
183	0.
184	0.
185	0.
186	0.
187	0.
188	0.
189	0.
190	0.
191	0.
192	0.
193	0.
194	0.
195	-1.5662e-012
196	-1.1147e-012
197	2.8474e-012
198	-9.2359e-013
199	-6.3356e-013
200	1.7856e-013
201	0.
202	0.
203	0.
204	0.
205	0.
206	0.
207	0.
208	0.
209	0.
210	0.
211	0.
212	0.
213	0.
214	0.
215	0.
216	0.
217	0.
218	0.
219	0.
220	0.
221	0.
222	0.
223	0.
224	0.
225	0.
226	0.
227	0.
228	0.
229	0.
230	0.
231	0.
232	-1.2061e-014
233	-2.4442e-014
234	-3.0922e-014
235	-2.7249e-014
236	-2.453e-014
237	-1.2973e-014
238	6.4138e-014
239	1.0252e-013
240	1.3025e-013
241	1.1298e-013
242	6.7585e-014
243	3.7124e-014
244	-3.7116e-012
245	3.9953e-013
246	-3.8694e-012
247	-4.4103e-012
248	-1.9846e-012
249	1.0004e-012
250	0.
251	0.
252	0.
253	0.
254	-2.6951e-013
255	3.0102e-013
256	-1.2469e-014
257	7.6083e-014
258	1.9897e-012
259	-7.5633e-014
260	1.603e-012
261	-1.6059e-012
262	1.3121e-013
263	1.3909e-012
264	-5.8626e-015
265	5.7472e-013
266	-2.9782e-014
267	-4.0345e-014
268	-2.6751e-014
269	-6.8768e-016
270	-9.0566e-014
271	1.0486e-015
272	-5.8767e-014
273	-1.0217e-014
274	1.3706e-014
275	-1.4435e-014
276	-2.7092e-015
277	-1.0329e-014
278	-5.4286e-014
279	8.1937e-015
280	-5.8747e-015
281	-1.0863e-014
282	-1.2543e-014
283	-2.8409e-014
284	-6.0589e-015
285	-1.429e-015
286	9.5345e-015
287	-1.5587e-013
288	-5.4059e-014
289	5.8442e-013
290	-1.0998e-012
291	0.
292	0.
293	-1.2502e-013
294	-9.4434e-013
295	-9.887e-014
296	4.2253e-013
297	7.3987e-014
298	3.3266e-015
299	-4.0248e-015
300	4.5649e-013
301	-1.0673e-012
302	1.6088e-015
303	-1.1717e-013
304	-6.7178e-013
305	-5.7505e-013
306	-4.1105e-013
307	-1.211e-003
308	-6.3875e-004
309	-1.0251e-003
310	-4.0335e-004
311	-5.7988e-004
312	-5.0967e-004
313	-4.3374e-004
314	-4.3254e-004
315	-4.5663e-004
316	-4.3963e-004
317	-1.1248e-003
318	-8.3936e-004
319	-1.1146e-003
320	-1.1277e-003
321	-1.1007e-003
322	-1.1242e-003
323	-1.1803e-003
324	-1.2274e-003
325	0.
326	-3.2661e-004
327	-5.1929e-004
328	-5.5992e-004
329	-6.7503e-004
330	-9.3334e-004
331	-1.1263e-003
332	-1.2172e-003
333	-1.3079e-003
334	-1.2443e-003
335	0.
336	0.
337	0.
338	0.
339	0.
340	0.
341	0.
342	-1.292e-003
343	-1.284e-003
344	-1.223e-003
345	-1.1008e-003
346	-9.5159e-004
347	-7.6498e-004
348	-6.1844e-004
349	-4.4744e-004
350	-3.194e-004
351	-1.0305e-004
352	0.
353	0.
354	0.
355	0.
356	0.
357	0.
358	0.
359	0.
360	0.
361	0.
362	0.
363	9.1553e-004
364	-2.2214e-004
365	-1.065e-004
366	-4.4088e-005
367	-8.3321e-005
368	-5.4187e-005
369	-1.1397e-004
370	-1.4743e-004
371	0.
372	0.
373	0.
374	3.6092e-006
375	1.0156e-005
376	2.1008e-005
377	4.5129e-005
378	9.5285e-005
379	1.7962e-004
380	4.8475e-004
381	9.9229e-004
382	1.1546e-003
383	1.2333e-003
384	1.3252e-003
385	1.297e-003
386	1.2699e-003
387	1.1887e-003
388	9.2671e-004
389	7.0534e-004
390	5.0397e-004
391	2.4205e-004
392	0.
393	0.
394	0.
395	0.
396	0.
397	0.
398	0.
399	0.
400	0.
401	0.
402	0.
403	0.
404	0.
405	0.
406	0.
407	0.
408	0.
409	0.
410	0.
411	0.
412	0.
413	0.
414	0.
415	0.
416	0.
417	0.
418	0.
419	-1.7687e-004
420	-3.8478e-005
421	-5.2778e-004
422	-8.7264e-005
423	0.
424	0.
425	0.
426	0.
427	0.
428	0.
429	0.
430	0.
431	0.
432	0.
433	0.
434	0.
435	7.9033e-006
436	1.7825e-004
437	8.441e-006
438	3.5856e-005
439	1.2439e-003
440	8.568e-005
441	-7.0375e-004
442	-1.2264e-003
443	-8.9776e-004
444	-1.2677e-003
445	-4.5803e-004
446	-1.0678e-003
447	-2.9356e-004
448	-1.2796e-003
449	-9.6631e-004
450	-1.3217e-003
451	-3.4631e-004
452	-5.907e-004
453	-1.0691e-003
454	-1.2884e-003
455	-3.5628e-004
456	-1.0592e-003
457	-1.2894e-003
458	-1.2143e-003
459	1.1075e-003
460	1.3173e-003
461	8.6812e-004
462	1.0508e-005
463	2.9532e-004
464	-3.5967e-005
465	1.0418e-003
466	1.186e-003
467	7.7826e-004
468	-6.9128e-005
469	-1.4089e-004
470	-6.4187e-005
471	-2.3875e-004
472	-2.3977e-004
473	5.9599e-004
474	2.8534e-004
475	-1.2858e-004
476	-8.0975e-005
477	-1.3165e-004
478	-2.0643e-004
479	-6.6709e-005
480	6.965e-005
481	-9.2395e-005
482	-2.2525e-004
483	-5.0719e-004
