Node Number	Directional Deformation (mm)
1	-1.384e-003
2	-3.6697e-003
3	0.8593
4	0.87272
5	0.93167
6	1.0369
7	1.436
8	1.7749
9	2.1068
10	1.6687
11	0.32454
12	-0.26329
13	0.12801
14	4.1615e-002
15	1.8171e-002
16	1.1519e-002
17	-3.2794e-003
18	-5.4265e-003
19	-2.7859e-003
20	1.2893
21	-2.556e-003
22	-1.6297e-003
23	-2.6625e-003
24	-5.4802e-003
25	2.158e-002
26	0.14649
27	7.7292e-003
28	-1.129
29	-2.1615
30	-1.2974
31	-3.3306e-002
32	0.73087
33	1.0875
34	1.0714
35	1.2086
36	1.2636
37	-9.704e-004
38	-3.2317e-003
39	-5.8715e-003
40	-1.0541e-002
41	-9.3973e-003
42	-5.4541e-003
43	-2.8338e-003
44	0.50062
45	-4.8972e-003
46	-1.5659e-002
47	-1.2712e-002
48	-9.5348e-003
49	3.1289e-002
50	-4.8676e-003
51	-4.3502e-002
52	-0.2162
53	7.6547e-002
54	1.8432
55	1.7695
56	1.0288
57	0.502
58	0.54144
59	0.50087
60	0.48603
61	0.57358
62	0.6469
63	0.65746
64	0.69861
65	0.72956
66	0.78472
67	-2.361e-003
68	-3.2146e-003
69	-4.5015e-003
70	-7.6045e-003
71	-8.9163e-003
72	-1.7512e-003
73	-1.1534e-003
74	0.88497
75	-3.3779e-003
76	-3.1e-002
77	-6.0921e-002
78	0.12671
79	-0.32182
80	-1.928
81	-1.3445
82	-5.0633e-002
83	0.19569
84	0.67916
85	0.82832
86	0.975
87	1.0228
88	1.1019
89	1.1814
90	0.91268
91	9.0434e-002
92	-2.9697e-002
93	-1.5956
94	-1.8916e-002
95	-0.37914
96	0.4502
97	-3.613e-003
98	-2.4961
99	0.95018
100	2.6796e-002
101	-1.6159
102	0.29415
103	1.0983
104	-5.4417e-002
105	1.2657
106	-9.675e-002
107	1.7446e-002
108	-2.2092e-002
109	1.2877
110	1.9052e-002
111	3.1711e-002
112	0.83869
113	-1.327e-002
114	1.81
115	5.6832e-002
116	-8.3983e-003
117	0.70902
118	-8.2225e-002
119	6.5286e-002
120	-5.6139e-003
121	0.61064
122	0.59869
123	0.64573
124	-2.4809e-002
125	0.23774
126	1.2022
127	0.87371
128	-9.3969e-002
129	3.4099e-002
130	-1.3421e-002
131	0.64545
132	1.3745
133	-6.8846e-002
134	1.4628e-002
135	1.362
136	0.
137	0.
138	0.
139	0.
140	7.7137e-012
141	7.0688e-012
142	5.8281e-012
143	7.8958e-012
144	2.2061e-012
145	1.8285e-012
146	0.
147	0.
148	1.0484e-011
149	1.3585e-011
150	1.0718e-011
151	1.2928e-011
152	1.0774e-011
153	7.9774e-012
154	0.
155	0.
156	0.
157	0.
158	0.
159	0.
160	0.
161	0.
162	0.
163	0.
164	0.
165	3.8615e-013
166	3.8569e-013
167	6.2437e-013
168	3.3705e-013
169	2.5065e-013
170	-4.8252e-014
171	0.
172	0.
173	0.
174	0.
175	0.
176	0.
177	0.
178	0.
179	0.
180	0.
181	0.
182	0.
183	0.
184	0.
185	0.
186	0.
187	0.
188	0.
189	0.
190	0.
191	0.
192	0.
193	0.
194	0.
195	1.7775e-011
196	2.4328e-011
197	8.1835e-011
198	3.225e-011
199	3.4705e-011
200	1.1152e-011
201	0.
202	0.
203	0.
204	0.
205	0.
206	0.
207	0.
208	0.
209	0.
210	0.
211	0.
212	0.
213	0.
214	0.
215	0.
216	0.
217	0.
218	0.
219	0.
220	0.
221	0.
222	0.
223	0.
224	0.
225	0.
226	0.
227	0.
228	0.
229	0.
230	0.
231	0.
232	-4.1926e-013
233	-9.2389e-013
234	-1.1001e-012
235	-9.3121e-013
236	-1.0947e-012
237	-5.1845e-013
238	-2.3592e-012
239	-1.9238e-012
240	-1.4915e-012
241	-1.3896e-012
242	-2.0077e-012
243	-1.2359e-012
244	1.2038e-011
245	2.5729e-011
246	4.3468e-011
247	2.5522e-011
248	2.1688e-011
249	-1.6581e-012
250	0.
251	0.
252	0.
253	0.
254	3.2515e-012
255	-1.1428e-011
256	-4.1255e-012
257	-1.55e-012
258	7.5365e-012
259	-2.6285e-012
260	-3.6536e-012
261	3.1203e-012
262	-3.045e-012
263	-7.7112e-012
264	-7.9256e-013
265	-3.4564e-012
266	-1.7472e-012
267	-1.5713e-012
268	-1.312e-012
269	-1.3497e-011
270	-6.7444e-012
271	1.7291e-012
272	4.1299e-012
273	2.7813e-012
274	8.4693e-012
275	8.4388e-013
276	2.2712e-012
277	6.4608e-013
278	7.2074e-012
279	3.3801e-012
280	8.1865e-012
281	-5.2999e-014
282	3.1796e-013
283	2.7441e-012
284	2.3545e-012
285	5.2915e-013
286	2.4209e-012
287	5.2221e-012
288	7.5447e-012
289	2.8191e-011
290	4.1428e-011
291	0.
292	0.
293	-4.2458e-012
294	1.4527e-011
295	8.6629e-012
296	1.7149e-011
297	-1.4013e-013
298	3.1312e-012
299	1.217e-013
300	-2.1795e-013
301	1.5362e-011
302	1.7046e-011
303	3.5444e-012
304	4.3362e-011
305	8.102e-012
306	5.0068e-012
307	-1.0492
308	-0.72714
309	-1.0574
310	-0.80359
311	-0.76282
312	-0.72644
313	-0.68385
314	-0.74068
315	-0.76817
316	-0.81169
317	-1.1617
318	-1.0573
319	-1.1711
320	-1.1508
321	-1.0671
322	-1.0181
323	-1.0646
324	-1.0989
325	0.
326	-0.1808
327	-0.29478
328	-0.32993
329	-0.43483
330	-0.60102
331	-0.7641
332	-0.87129
333	-0.99956
334	-1.1121
335	0.
336	0.
337	0.
338	0.
339	0.
340	0.
341	0.
342	-0.91691
343	-0.80726
344	-0.69252
345	-0.57735
346	-0.47784
347	-0.37199
348	-0.28719
349	-0.20391
350	-0.14852
351	-0.31288
352	0.
353	0.
354	0.
355	0.
356	0.
357	0.
358	0.
359	0.
360	0.
361	0.
362	0.
363	0.7461
364	-0.26699
365	-0.32102
366	-0.17899
367	-0.15578
368	-0.126
369	-0.26849
370	-0.26384
371	0.
372	0.
373	0.
374	4.1723e-003
375	1.1557e-002
376	2.3488e-002
377	4.7667e-002
378	0.1013
379	0.18892
380	0.52158
381	1.0849
382	1.0174
383	0.95536
384	0.87817
385	0.76418
386	0.68385
387	0.59616
388	0.48034
389	0.37885
390	0.26823
391	0.12375
392	0.
393	0.
394	0.
395	0.
396	0.
397	0.
398	0.
399	0.
400	0.
401	0.
402	0.
403	0.
404	0.
405	0.
406	0.
407	0.
408	0.
409	0.
410	0.
411	0.
412	0.
413	0.
414	0.
415	0.
416	0.
417	0.
418	0.
419	-0.35425
420	-0.31591
421	-0.52884
422	-0.10533
423	0.
424	0.
425	0.
426	0.
427	0.
428	0.
429	0.
430	0.
431	0.
432	0.
433	0.
434	0.
435	1.221e-002
436	0.18616
437	9.4343e-003
438	3.9323e-002
439	1.004
440	0.12174
441	-0.35536
442	-0.83476
443	-0.48884
444	-0.7616
445	-0.23931
446	-0.55876
447	-0.14589
448	-0.96902
449	-0.58396
450	-0.89974
451	-0.1907
452	-0.32803
453	-0.61336
454	-0.68418
455	-0.17378
456	-0.50466
457	-1.0023
458	-0.94982
459	0.52345
460	0.67745
461	0.41978
462	1.6267e-002
463	0.43154
464	-6.0138e-002
465	0.42147
466	0.58736
467	0.35049
468	-3.6268e-002
469	-5.2923e-002
470	-2.8675e-002
471	-0.33185
472	-0.19738
473	0.46997
474	7.049e-002
475	-0.26763
476	-3.0097e-002
477	-0.10832
478	-0.11578
479	-7.6763e-002
480	2.4569e-002
481	-4.5609e-002
482	-0.24196
483	-0.70718
