Node Number	Directional Deformation (mm)
1	2.8638e-003
2	4.3917e-003
3	0.92798
4	0.96206
5	1.0938
6	1.2996
7	1.5993
8	1.6539
9	1.6188
10	1.2122
11	0.34967
12	-0.10592
13	4.4068e-002
14	1.2649e-002
15	1.2647e-002
16	1.3171e-002
17	7.4725e-003
18	3.3903e-003
19	2.8517e-003
20	0.97715
21	4.9489e-003
22	5.2676e-003
23	4.8316e-003
24	7.0805e-003
25	1.9105e-002
26	4.7676e-002
27	-0.1039
28	-0.67997
29	-1.2449
30	-0.98505
31	-0.42489
32	9.0573e-002
33	0.45558
34	0.63418
35	0.91257
36	0.96237
37	-4.1165e-003
38	-3.039e-003
39	-8.1517e-004
40	-9.5034e-004
41	2.8554e-005
42	-1.3052e-004
43	1.4139e-003
44	0.90523
45	-4.9075e-003
46	-5.7532e-003
47	-2.6958e-003
48	1.1428e-002
49	2.5072e-002
50	-2.1356e-002
51	-5.2828e-002
52	-0.19039
53	0.12231
54	1.1581
55	1.5173
56	1.3342
57	1.0193
58	1.0364
59	0.97386
60	0.90512
61	0.93758
62	0.98846
63	0.90915
64	0.92319
65	0.91565
66	0.90303
67	-3.3863e-003
68	3.7153e-003
69	2.0815e-003
70	1.4346e-003
71	1.055e-004
72	2.7021e-004
73	-2.269e-003
74	0.84933
75	-4.226e-003
76	-1.2532e-002
77	-3.3952e-003
78	8.5861e-002
79	-0.24139
80	-1.2049
81	-1.1356
82	-0.36462
83	-1.3754e-002
84	0.48824
85	0.76472
86	0.86403
87	0.81144
88	0.87274
89	0.91941
90	0.51808
91	2.1643e-002
92	1.5109e-002
93	-1.2627
94	-6.1356e-004
95	-0.27463
96	0.10611
97	2.6065e-003
98	-1.6677
99	0.70476
100	6.3162e-002
101	-0.91282
102	-0.28499
103	0.85746
104	-9.8941e-004
105	1.4701
106	2.3095e-002
107	9.9799e-003
108	-4.6052e-002
109	1.57
110	3.2785e-002
111	2.7118e-002
112	1.2296
113	1.1994e-002
114	1.3366
115	-1.6414e-002
116	1.0511e-003
117	1.0024
118	-1.2064e-002
119	3.7126e-002
120	1.4691e-003
121	1.0104
122	0.93656
123	1.0895
124	6.9039e-003
125	0.33045
126	1.2216
127	0.53774
128	-7.5305e-002
129	1.8434e-002
130	-5.3656e-005
131	0.8923
132	1.4035
133	-4.2736e-002
134	3.0055e-002
135	1.5113
136	0.
137	0.
138	0.
139	0.
140	2.3934e-012
141	2.6012e-012
142	2.0592e-012
143	2.1093e-012
144	8.1474e-013
145	6.632e-013
146	0.
147	0.
148	3.4567e-012
149	3.4301e-012
150	8.6851e-013
151	3.8309e-012
152	4.7246e-012
153	2.8886e-012
154	0.
155	0.
156	0.
157	0.
158	0.
159	0.
160	0.
161	0.
162	0.
163	0.
164	0.
165	1.9216e-013
166	1.849e-013
167	1.6798e-013
168	1.3895e-013
169	8.0839e-014
170	3.3249e-014
171	0.
172	0.
173	0.
174	0.
175	0.
176	0.
177	0.
178	0.
179	0.
180	0.
181	0.
182	0.
183	0.
184	0.
185	0.
186	0.
187	0.
188	0.
189	0.
190	0.
191	0.
192	0.
193	0.
194	0.
195	6.976e-012
196	7.8509e-012
197	1.9435e-011
198	1.2253e-011
199	1.107e-011
200	3.6147e-012
201	0.
202	0.
203	0.
204	0.
205	0.
206	0.
207	0.
208	0.
209	0.
210	0.
211	0.
212	0.
213	0.
214	0.
215	0.
216	0.
217	0.
218	0.
219	0.
220	0.
221	0.
222	0.
223	0.
224	0.
225	0.
226	0.
227	0.
228	0.
229	0.
230	0.
231	0.
232	-1.8958e-013
233	-4.3644e-013
234	-5.6131e-013
235	-4.9162e-013
236	-5.3381e-013
237	-3.3748e-013
238	-2.026e-013
239	-2.3828e-013
240	-2.9827e-013
241	-2.8958e-013
242	-2.7184e-013
243	-1.5096e-013
244	5.9499e-012
245	8.5047e-012
246	1.7278e-011
247	1.2072e-011
248	7.256e-012
249	-1.4496e-012
250	0.
251	0.
252	0.
253	0.
254	1.138e-013
255	-5.0209e-012
256	-1.4458e-012
257	-2.9795e-013
258	9.7634e-014
259	-7.063e-013
260	-5.0402e-012
261	2.4134e-012
262	-5.9914e-013
263	-5.0826e-012
264	-1.6118e-013
265	-2.3658e-012
266	-6.0986e-013
267	-7.5729e-013
268	-6.1362e-013
269	-2.7269e-012
270	-1.0213e-012
271	1.9078e-013
272	1.3854e-012
273	3.8502e-013
274	2.7262e-012
275	1.3105e-013
276	4.7568e-013
277	1.7908e-013
278	2.4407e-012
279	8.1e-013
280	2.3888e-012
281	-5.719e-014
282	-2.1272e-013
283	7.6654e-013
284	7.967e-013
285	1.7734e-013
286	3.2184e-013
287	1.7693e-012
288	2.3623e-012
289	6.0525e-012
290	1.3463e-011
291	0.
292	0.
293	-3.7407e-013
294	4.9149e-012
295	2.8645e-012
296	5.3071e-012
297	-7.3299e-014
298	5.8934e-013
299	1.0833e-014
300	-1.4326e-012
301	4.9846e-012
302	5.9053e-012
303	1.2676e-012
304	1.4716e-011
305	3.2608e-012
306	1.7599e-012
307	-0.44309
308	-0.27407
309	-0.43062
310	-0.27133
311	-0.29068
312	-0.27794
313	-0.24963
314	-0.25052
315	-0.27095
316	-0.27458
317	-0.50666
318	-0.4612
319	-0.48489
320	-0.47815
321	-0.44672
322	-0.44151
323	-0.46361
324	-0.4655
325	0.
326	-8.3047e-002
327	-0.13534
328	-0.15103
329	-0.19894
330	-0.27465
331	-0.34806
332	-0.39407
333	-0.44758
334	-0.48712
335	0.
336	0.
337	0.
338	0.
339	0.
340	0.
341	0.
342	-0.40942
343	-0.36793
344	-0.32007
345	-0.26872
346	-0.22364
347	-0.17465
348	-0.13521
349	-9.6102e-002
350	-6.961e-002
351	-8.974e-002
352	0.
353	0.
354	0.
355	0.
356	0.
357	0.
358	0.
359	0.
360	0.
361	0.
362	0.
363	0.36466
364	-9.6015e-002
365	-9.4038e-002
366	-5.2828e-002
367	-4.7717e-002
368	-3.932e-002
369	-9.568e-002
370	-9.7498e-002
371	0.
372	0.
373	0.
374	1.8611e-003
375	5.1534e-003
376	1.0515e-002
377	2.1607e-002
378	4.5544e-002
379	8.5339e-002
380	0.23415
381	0.47472
382	0.47344
383	0.43727
384	0.39706
385	0.34486
386	0.30809
387	0.26817
388	0.21582
389	0.16995
390	0.12052
391	5.5765e-002
392	0.
393	0.
394	0.
395	0.
396	0.
397	0.
398	0.
399	0.
400	0.
401	0.
402	0.
403	0.
404	0.
405	0.
406	0.
407	0.
408	0.
409	0.
410	0.
411	0.
412	0.
413	0.
414	0.
415	0.
416	0.
417	0.
418	0.
419	-0.12435
420	-8.1968e-002
421	-0.232
422	-4.7927e-002
423	0.
424	0.
425	0.
426	0.
427	0.
428	0.
429	0.
430	0.
431	0.
432	0.
433	0.
434	0.
435	4.9381e-003
436	8.6427e-002
437	4.2293e-003
438	1.7822e-002
439	0.4739
440	5.0282e-002
441	-0.16591
442	-0.37875
443	-0.22621
444	-0.35132
445	-0.11092
446	-0.25942
447	-6.8135e-002
448	-0.43925
449	-0.2677
450	-0.40682
451	-8.7877e-002
452	-0.15113
453	-0.28217
454	-0.3157
455	-8.1527e-002
456	-0.23507
457	-0.44397
458	-0.42418
459	0.24243
460	0.31119
461	0.19025
462	6.6818e-003
463	0.1734
464	-2.5123e-002
465	0.19433
466	0.27246
467	0.16044
468	-1.7651e-002
469	-2.7888e-002
470	-1.4135e-002
471	-0.13353
472	-8.6158e-002
473	0.23733
474	8.2827e-002
475	-8.9195e-002
476	-1.6304e-002
477	-4.4774e-002
478	-5.495e-002
479	-3.831e-002
480	9.0049e-003
481	-2.2307e-002
482	-0.10896
483	-0.27117
