Node Number	Equivalent (von-Mises) Stress (MPa)
1	4.0025
2	1.1159
3	0.65638
4	1.2977
5	4.0917
6	5.096
7	8.489
8	12.182
9	16.469
10	33.434
11	68.563
12	96.276
13	100.21
14	80.971
15	25.054
16	19.481
17	7.8945
18	5.4871
19	7.0172
20	0.76272
21	0.84139
22	2.7262
23	8.7329
24	15.693
25	16.338
26	25.368
27	66.847
28	81.601
29	59.735
30	52.24
31	17.024
32	11.763
33	10.758
34	7.5767
35	5.8461
36	1.5439
37	6.7483
38	3.3422
39	2.4273
40	2.5871
41	6.2049
42	6.0466
43	5.507
44	2.0242
45	3.2387
46	12.428
47	12.403
48	34.473
49	54.959
50	38.829
51	79.558
52	162.95
53	99.022
54	30.908
55	36.65
56	36.486
57	26.713
58	10.177
59	8.1289
60	3.5718
61	2.311
62	4.745
63	4.5658
64	5.0898
65	3.2019
66	1.5219
67	4.0757
68	3.3019
69	1.8316
70	2.9736
71	4.1511
72	3.1765
73	1.8187
74	2.8564
75	4.6235
76	14.691
77	29.584
78	19.396
79	53.727
80	123.26
81	49.08
82	45.669
83	39.759
84	16.915
85	7.0339
86	3.9658
87	6.3835
88	6.6192
89	2.3377
90	12.678
91	30.242
92	11.489
93	35.744
94	7.2543
95	40.759
96	15.188
97	7.6431
98	53.715
99	6.2499
100	29.764
101	34.457
102	14.549
103	3.6064
104	15.168
105	21.427
106	85.896
107	28.939
108	142.8
109	13.639
110	16.265
111	97.192
112	10.344
113	10.424
114	28.567
115	115.19
116	4.4785
117	5.0613
118	102.25
119	82.613
120	2.7011
121	6.1017
122	42.051
123	15.835
124	8.6921
125	57.28
126	32.174
127	59.047
128	68.257
129	25.83
130	3.3535
131	4.5349
132	33.32
133	91.798
134	34.822
135	7.5809
136	44.856
137	38.895
138	41.048
139	24.502
140	33.249
141	95.788
142	168.72
143	63.43
144	71.082
145	28.593
146	32.123
147	24.423
148	24.101
149	24.624
150	23.515
151	40.628
152	33.938
153	33.487
154	32.272
155	28.407
156	132.8
157	151.84
158	332.51
159	269.67
160	210.95
161	45.01
162	1.2354
163	1.2976
164	1.4613
165	1.6229
166	3.7758
167	5.7617
168	5.606
169	11.855
170	24.478
171	2.1985
172	1.3943
173	1.1142
174	0.77317
175	0.83514
176	0.95822
177	1.1629
178	28.968
179	13.51
180	6.6534
181	6.6534
182	3.4867
183	2.5128
184	0.83425
185	1.4545
186	1.5222
187	1.739
188	1.2655
189	0.93962
190	0.66599
191	0.68998
192	1.0253
193	1.3829
194	55.904
195	4.6861
196	5.293
197	7.1401
198	13.142
199	36.732
200	25.519
201	33.684
202	51.874
203	2.4435
204	16.108
205	3.0016
206	1.7383
207	6.9371
208	24.75
209	24.75
210	12.431
211	34.27
212	33.793
213	36.064
214	29.379
215	32.857
216	23.6
217	11.599
218	5.6419
219	4.467
220	3.9529
221	2.4575
222	1.0507
223	1.5996
224	1.0451
225	2.1134
226	119.99
227	1.6783
228	2.179
229	14.618
230	15.379
231	35.251
232	73.436
233	110.54
234	5.7212
235	7.5641
236	5.9765
237	3.3373
238	4.8874
239	1.6102
240	167.13
241	251.19
242	541.04
243	296.35
244	219.13
245	92.551
246	13.418
247	26.415
248	32.073
249	12.861
250	7.8087
251	108.15
252	10.659
253	92.445
254	225.56
255	5.7466
256	41.187
257	3.2876
258	24.176
259	1.6969
260	0.44262
261	1.0248
262	19.8
263	3.376
264	1.4379
265	4.1616
266	10.087
267	1.5842
268	3.8313
269	16.043
270	0.90148
271	12.666
272	0.84437
273	5.2717
274	14.086
275	16.983
276	8.4247
277	3.5044
278	7.3262
279	65.802
280	100.27
281	1.3388
282	52.35
283	6.4361
284	23.374
285	3.8837e-003
286	8.3168e-003
287	3.7212e-003
288	0.10592
289	7.6039e-003
290	2.6871e-002
291	4.2547e-002
292	9.3789e-002
293	0.11426
294	0.11623
295	1.9082e-002
296	4.0781e-002
297	1.529e-002
298	1.5188e-002
299	2.664e-002
300	1.7313e-002
301	1.3738e-002
302	7.2356e-003
303	7.7891e-003
304	6.116e-003
305	4.7179e-003
306	5.8586e-003
307	6.464e-003
308	8.6392e-003
309	7.5185e-003
310	1.0535e-002
311	1.9119e-002
312	9.2226e-003
313	6.6416e-003
314	4.1608e-003
315	2.3365e-003
316	1.2183e-003
317	2.4596e-003
318	4.5773e-003
319	4.664e-003
320	5.5776e-003
321	6.5915e-003
322	7.5408e-003
323	7.244e-003
324	5.9017e-003
325	5.5702e-003
326	7.2276e-003
327	0.12818
328	7.608e-002
329	6.6552e-004
330	1.0843e-002
331	1.1781e-002
332	1.1781e-002
333	1.1781e-002
334	5.164e-003
335	1.3379e-003
336	5.6694e-004
337	1.9761e-003
338	2.7347e-003
339	2.6369e-002
340	2.5344e-002
341	0.19792
342	9.7494e-002
343	6.5106e-002
344	8.476e-002
345	5.0069e-002
346	4.616e-002
347	3.5949e-003
348	7.2058e-003
349	4.5618e-003
350	2.5795e-004
351	6.7872e-004
352	1.23e-003
353	2.3414e-003
354	4.0592e-003
355	9.8375e-003
356	1.5574e-002
357	2.4274e-002
358	1.7751e-002
359	4.7225e-003
360	4.0039e-003
361	4.2842e-003
362	4.3654e-003
363	5.8115e-003
364	6.7774e-003
365	7.8259e-003
366	7.4705e-003
367	5.708e-003
368	5.0148e-003
369	1.7684e-004
370	3.6399e-002
371	2.3049e-002
372	8.1632e-003
373	4.1576e-003
374	2.8449e-003
375	1.3323e-003
376	7.9554e-004
377	3.6671e-004
378	8.7589e-004
379	5.9006e-004
380	4.6704e-005
381	5.3781e-005
382	2.55e-004
383	3.7106e-004
384	7.6989e-002
385	7.8565e-002
386	8.819e-002
387	6.371e-002
388	3.5107e-002
389	1.1821e-002
390	1.9491e-004
391	8.5518e-005
392	1.2582e-005
393	2.5699e-005
394	5.8895e-005
395	7.4265e-005
396	5.2143e-002
397	2.4696e-002
398	0.13138
399	5.4538e-003
400	3.0492e-003
401	6.4391e-003
402	1.2297e-003
403	8.3322e-004
404	8.2344e-003
405	1.9779e-003
406	1.7294e-002
407	1.9531e-002
408	1.6365e-004
409	8.2142e-003
410	4.0509e-004
411	8.1456e-003
412	6.4691e-004
413	2.7322e-002
414	1.0984e-003
415	4.479e-003
416	9.053e-003
417	4.3898e-003
418	5.4832e-003
419	4.379e-003
420	4.0542e-003
421	8.0588e-003
422	1.3952e-003
423	5.1893e-003
424	8.1485e-003
425	3.7384e-003
426	8.7142e-003
427	2.3659e-003
428	6.4716e-003
429	3.3495e-003
430	6.102e-003
431	4.1729e-003
432	3.2438e-003
433	4.0052e-002
434	2.5704e-003
435	7.6041e-003
436	7.8714e-003
437	3.388e-003
438	2.4359e-002
439	5.015e-003
440	1.2076e-002
441	8.6822e-002
442	3.0215e-002
443	9.0793e-002
444	2.6883e-003
445	6.6695e-003
446	4.7582e-002
