Node Number	Directional Deformation (mm)
1	3.1151e-004
2	-1.5589e-003
3	-4.4129
4	-6.2026
5	-7.9148
6	-9.572
7	-10.953
8	-11.987
9	-12.676
10	-10.752
11	-7.3864
12	-0.31797
13	-0.24116
14	-0.80186
15	-1.4454e-002
16	-2.4704e-003
17	2.271e-003
18	-1.363e-002
19	-9.1778e-003
20	-4.4904
21	-1.4651e-002
22	-1.3988e-002
23	1.2756e-002
24	-3.0073e-002
25	-6.8823e-002
26	-0.72044
27	0.69568
28	-1.5959
29	-7.9252
30	-11.339
31	-12.641
32	-12.095
33	-11.036
34	-9.6332
35	-7.9696
36	-6.2606
37	-1.1367e-002
38	-1.3918e-002
39	-5.2749e-003
40	-2.23e-003
41	-2.4836e-003
42	-5.8699e-003
43	-9.2152e-003
44	-5.8099
45	-1.0353e-002
46	3.8376e-003
47	9.8965e-002
48	0.16297
49	-0.15582
50	-0.26917
51	0.46004
52	-2.5725
53	-9.8324
54	-14.164
55	-14.547
56	-13.429
57	-12.227
58	-10.709
59	-9.1522
60	-7.5011
61	-5.6372
62	-5.4732
63	-5.2794
64	-5.11
65	-4.9087
66	-4.6763
67	-1.8723e-002
68	-1.4452e-002
69	-5.8441e-003
70	-9.2427e-003
71	-2.1262e-003
72	-1.3264e-003
73	-1.3817e-002
74	-5.8715
75	-1.5845e-003
76	7.7257e-002
77	3.387e-002
78	-0.56167
79	-2.8649e-002
80	-7.3486
81	-14.26
82	-14.453
83	-12.662
84	-10.507
85	-8.251
86	-5.6276
87	-5.3775
88	-5.1369
89	-4.8305
90	-10.844
91	0.76461
92	-0.10568
93	-10.538
94	2.4097e-002
95	1.5032
96	-12.395
97	3.3499e-002
98	-12.417
99	-8.7532
100	-0.34288
101	-3.9364
102	-12.911
103	-7.8502
104	-9.2903e-002
105	-12.318
106	-5.2566
107	-3.3874e-002
108	0.20954
109	-11.372
110	-0.21161
111	-8.9852
112	-10.024
113	3.1741e-002
114	-12.919
115	1.0572
116	3.1529e-002
117	-8.3651
118	0.12804
119	0.35202
120	5.6249e-003
121	-8.4421
122	-13.021
123	-11.714
124	3.5762e-002
125	-11.583
126	-12.956
127	-7.6708
128	1.4461
129	-0.30819
130	5.7446e-003
131	-7.1471
132	-13.693
133	3.5825e-002
134	-0.22484
135	-11.87
136	0.
137	0.
138	0.
139	0.
140	-4.8546e-003
141	-9.7025e-003
142	-1.7385e-002
143	-1.5436e-002
144	-1.0013e-002
145	-4.2772e-003
146	0.
147	0.
148	-5.8761e-003
149	-1.1252e-002
150	-2.0211e-002
151	-2.774e-002
152	-2.2309e-002
153	-9.6237e-003
154	0.
155	0.
156	0.
157	0.
158	0.
159	0.
160	0.
161	0.
162	0.
163	0.
164	0.
165	7.1108e-005
166	1.299e-004
167	1.8295e-004
168	1.9596e-004
169	1.5845e-004
170	8.508e-005
171	0.
172	0.
173	0.
174	0.
175	0.
176	0.
177	0.
178	0.
179	0.
180	0.
181	0.
182	0.
183	-1.036e-002
184	-3.2291e-002
185	-7.903e-002
186	-3.5701e-002
187	9.7795e-003
188	-1.6053e-002
189	0.
190	1.5971e-002
191	3.0487e-002
192	-1.6187e-002
193	-0.14429
194	-6.5296e-002
195	5.1928e-002
196	0.
197	0.
198	0.
199	0.
200	0.
201	0.
202	0.
203	0.
204	0.
205	0.
206	0.
207	0.
208	0.
209	0.
210	0.
211	0.
212	0.
213	0.
214	0.
215	0.
216	0.
217	0.
218	0.
219	0.
220	0.
221	0.
222	0.
223	0.
224	0.
225	0.
226	0.
227	0.
228	0.
229	0.
230	0.
231	-2.2994e-004
232	6.8722e-004
233	1.265e-003
234	1.6908e-003
235	2.2664e-003
236	1.079e-003
237	0.
238	0.
239	0.
240	6.9678e-005
241	1.2318e-004
242	1.8405e-004
243	1.9448e-004
244	1.6151e-004
245	9.1701e-005
246	0.
247	0.
248	0.
249	0.
250	1.7713e-004
251	-1.6344e-003
252	9.1473e-005
253	-6.4547e-005
254	-1.7272e-002
255	-1.9691e-004
256	-1.6033e-002
257	1.9557e-003
258	4.561e-002
259	1.0576e-003
260	4.5029e-002
261	1.4334e-003
262	-1.3009e-003
263	1.1795e-002
264	6.1039e-003
265	-2.3269e-003
266	8.9896e-004
267	-1.1664e-004
268	-5.4986e-003
269	-1.7256e-003
270	5.1573e-005
271	-9.2571e-003
272	1.7921e-004
273	-1.0275e-003
274	-1.127e-002
275	-2.6957e-004
276	1.2811e-004
277	9.2095e-005
278	-3.1089e-003
279	-6.5759e-003
280	1.4083e-004
281	7.3516e-003
282	0.
283	-2.4e-002
284	5.1188e-005
285	-2.6622e-003
286	0.
287	1.0903e-002
288	-8.9255e-005
289	-4.7688e-003
290	-1.5149e-002
291	-3.0398e-004
292	3.7123e-003
293	6.7239e-004
294	-4.747e-003
295	3.4831e-004
296	7.4711e-005
297	-2.9505e-002
298	-8.6466
299	-8.6466
300	-8.6466
301	-8.6466
302	-8.6466
303	-8.6466
304	-8.6466
305	-8.6466
306	-8.6466
307	-8.6466
308	-8.6466
309	-8.6466
310	-8.6466
311	-8.6466
312	-8.6466
313	-8.6466
314	-8.6466
315	-8.6466
316	-8.6466
317	-8.6466
318	-8.6466
319	-8.6466
320	-8.6466
321	-8.6466
322	-8.6466
323	-8.6466
324	-8.6466
325	-8.6466
326	-8.6466
327	-8.6466
328	-8.6466
329	-8.6466
330	-8.6466
331	-8.6466
332	-8.6466
333	-8.6466
334	-8.6466
335	-8.6466
336	-8.6466
337	-8.6466
338	-8.6466
339	-8.6466
340	-8.6466
341	-8.6466
342	-8.6466
343	-8.6466
344	-8.6466
345	-8.6466
346	-8.6466
347	-8.6466
348	-8.6466
349	-8.6466
350	-8.6466
351	-8.6466
352	-8.6466
353	-8.6466
354	-8.6466
355	-8.6466
356	-8.6466
357	-8.6466
358	-8.6466
359	-8.6466
360	-8.6466
361	-8.6466
362	-8.6466
363	-8.6466
364	-8.6466
365	-8.6466
366	-8.6466
367	-8.6466
368	-8.6466
369	-8.6466
370	-8.6466
371	-8.6466
372	-8.6466
373	-8.6466
374	-8.6466
375	-8.6466
376	-8.6466
377	-8.6466
378	-8.6466
379	-8.6466
380	-8.6466
381	-8.6466
382	-8.6466
383	-8.6466
384	-8.6466
385	-8.6466
386	-8.6466
387	-8.6466
388	-8.6466
389	-8.6466
390	-8.6466
391	-8.6466
392	-8.6466
393	-8.6466
394	-8.6466
395	-8.6466
396	-8.6466
397	-8.6466
398	-8.6466
399	-8.6466
400	-8.6466
401	-8.6466
402	-8.6466
403	-8.6466
404	-8.6466
405	-8.6466
406	-8.6466
407	-8.6466
408	-8.6466
409	-8.6466
410	-8.6466
411	-8.6466
412	-8.6466
413	-8.6466
414	-8.6466
415	-8.6466
416	-8.6466
417	-8.6466
418	-8.6466
419	-8.6466
420	-8.6466
421	-8.6466
422	-8.6466
423	-8.6466
424	-8.6466
425	-8.6466
426	-8.6466
427	-8.6466
428	-8.6466
429	-8.6466
430	-8.6466
431	-8.6466
432	-8.6466
433	-8.6466
434	-8.6466
435	-8.6466
436	-8.6466
437	-8.6466
438	-8.6466
439	-8.6466
440	-8.6466
441	-8.6466
442	-8.6466
443	-8.6466
444	-8.6466
445	-8.6466
446	-8.6466
447	-8.6466
448	-8.6466
449	-8.6466
450	-8.6466
451	-8.6466
452	-8.6466
453	-8.6466
454	-8.6466
