Node Number	Directional Deformation (mm)
1	1.4465e-003
2	2.2436e-003
3	-18.71
4	-19.344
5	-19.834
6	-20.235
7	-20.028
8	-18.966
9	-17.388
10	-13.724
11	-8.7209
12	-1.9936
13	1.1485
14	0.19554
15	0.11513
16	3.3924e-002
17	1.2412e-002
18	9.9714e-003
19	4.8749e-003
20	-18.745
21	9.9467e-003
22	1.3243e-002
23	1.3609e-002
24	1.5889e-002
25	0.12449
26	0.46145
27	1.4801
28	-2.4814
29	-9.2824
30	-14.3
31	-17.487
32	-19.073
33	-20.077
34	-20.292
35	-19.863
36	-19.354
37	6.6952e-003
38	1.2092e-002
39	2.6334e-004
40	-4.7667e-003
41	2.5713e-004
42	1.4061e-003
43	3.6955e-003
44	-19.134
45	8.9162e-003
46	-3.687e-003
47	-3.043e-002
48	-0.10143
49	-0.15026
50	3.5052e-002
51	0.17062
52	-3.4481
53	-9.6151
54	-15.403
55	-18.256
56	-19.62
57	-20.284
58	-20.193
59	-20.008
60	-19.628
61	-19.187
62	-19.197
63	-19.152
64	-19.126
65	-19.039
66	-18.915
67	1.4451e-002
68	8.2652e-003
69	4.9e-003
70	2.7136e-003
71	-8.2467e-003
72	-2.836e-004
73	1.5231e-002
74	-19.152
75	4.0328e-003
76	-3.8718e-002
77	-0.18849
78	-3.552e-002
79	-0.23638
80	-7.04
81	-15.467
82	-18.991
83	-20.267
84	-20.217
85	-19.824
86	-19.208
87	-19.179
88	-19.139
89	-18.976
90	-20.59
91	9.1048e-002
92	-0.1812
93	-13.548
94	-7.4516e-002
95	0.5325
96	-19.816
97	-1.7079e-002
98	-14.434
99	-20.04
100	0.25891
101	-4.7154
102	-18.863
103	-19.956
104	-0.14052
105	-19.619
106	-6.5834
107	-0.206
108	0.6784
109	-20.362
110	-5.2463e-004
111	-10.352
112	-20.185
113	-7.5708e-002
114	-17.081
115	3.5211e-002
116	-4.6431e-002
117	-20.108
118	-2.252
119	-1.3117
120	2.6044e-003
121	-19.951
122	-16.727
123	-20.093
124	-9.0467e-002
125	-13.674
126	-18.237
127	-9.9753
128	0.7804
129	-8.7262e-002
130	-1.9817e-002
131	-19.677
132	-18.571
133	0.30069
134	-3.9722e-002
135	-19.978
136	0.
137	0.
138	0.
139	0.
140	-8.3007e-002
141	-0.16921
142	-0.27749
143	-0.30507
144	-0.26458
145	-0.11408
146	0.
147	0.
148	-0.21296
149	-0.38119
150	-0.41509
151	-0.37878
152	-0.30661
153	-0.20561
154	0.
155	0.
156	0.
157	0.
158	0.
159	0.
160	0.
161	0.
162	0.
163	0.
164	0.
165	1.3886e-003
166	2.237e-003
167	3.2419e-003
168	3.3935e-003
169	2.6511e-003
170	1.4762e-003
171	0.
172	0.
173	0.
174	0.
175	0.
176	0.
177	0.
178	0.
179	0.
180	0.
181	0.
182	0.
183	-0.69644
184	-0.39968
185	-0.49439
186	-0.69814
187	-0.58726
188	-0.52678
189	0.
190	-0.26344
191	-0.35962
192	-0.53414
193	-0.53501
194	-0.37622
195	-0.25477
196	0.
197	0.
198	0.
199	0.
200	0.
201	0.
202	0.
203	0.
204	0.
205	0.
206	0.
207	0.
208	0.
209	0.
210	0.
211	0.
212	0.
213	0.
214	0.
215	0.
216	0.
217	0.
218	0.
219	0.
220	0.
221	0.
222	0.
223	0.
224	0.
225	0.
226	0.
227	0.
228	0.
229	0.
230	0.
231	3.7343e-004
232	-7.8337e-004
233	-2.5487e-003
234	-3.9327e-003
235	-6.7415e-003
236	-4.9258e-004
237	0.
238	0.
239	0.
240	1.5162e-003
241	2.1012e-003
242	3.1403e-003
243	3.2627e-003
244	2.8642e-003
245	1.6847e-003
246	0.
247	0.
248	0.
249	0.
250	-3.2872e-004
251	-6.3391e-002
252	-1.1088e-003
253	-1.3457e-002
254	-0.29265
255	-2.0918e-002
256	-2.6615e-002
257	-5.1767e-002
258	-0.10524
259	-3.2902e-002
260	-0.18554
261	-1.5572e-002
262	-2.0316e-002
263	-0.11371
264	-5.2647e-002
265	-5.2933e-002
266	-7.1004e-003
267	-1.6454e-002
268	-0.12652
269	-5.2779e-002
270	-4.5563e-003
271	-0.17553
272	-1.5486e-003
273	-5.0624e-002
274	-0.19396
275	-1.8802e-002
276	-1.3594e-004
277	-1.1141e-003
278	-7.604e-002
279	-0.13274
280	8.4505e-004
281	-0.112
282	0.
283	-0.50968
284	-1.0696e-003
285	-5.9161e-002
286	0.
287	-0.21054
288	-2.7915e-002
289	-0.20021
290	-0.46919
291	-0.23943
292	-1.8214e-002
293	-1.4352e-002
294	-0.3105
295	-3.0731e-003
296	1.0084e-003
297	-0.36452
298	-22.
299	-22.911
300	-22.911
301	-22.911
302	-22.911
303	-22.911
304	-22.911
305	-22.911
306	-22.911
307	-22.424
308	-22.527
309	-22.597
310	-22.573
311	-22.469
312	-22.266
313	-22.167
314	-22.911
315	-22.911
316	-22.911
317	-22.911
318	-22.911
319	-22.911
320	-22.911
321	-22.911
322	-22.911
323	-22.911
324	-22.911
325	-22.911
326	-22.911
327	-22.911
328	-22.911
329	-22.911
330	-22.911
331	-22.911
332	-22.911
333	-22.911
334	-20.019
335	-21.056
336	-20.451
337	-21.906
338	-21.355
339	-21.533
340	-21.837
341	-22.008
342	-22.117
343	-22.091
344	-21.32
345	-21.53
346	-21.265
347	-21.137
348	-21.029
349	-20.881
350	-20.597
351	-20.339
352	-16.809
353	-16.864
354	-17.
355	-17.194
356	-17.479
357	-17.779
358	-18.137
359	-18.537
360	-19.018
361	-19.503
362	-16.736
363	-16.746
364	-22.912
365	-22.911
366	-22.909
367	-22.916
368	-22.912
369	-22.897
370	-22.869
371	-22.154
372	-21.103
373	-20.267
374	-19.664
375	-19.094
376	-18.644
377	-18.226
378	-17.826
379	-17.492
380	-17.234
381	-16.976
382	-16.86
383	-18.288
384	-20.878
385	-20.436
386	-19.986
387	-19.595
388	-19.215
389	-18.885
390	-18.693
391	-18.47
392	-18.339
393	-17.003
394	-17.222
395	-17.429
396	-17.642
397	-17.86
398	-18.073
399	-22.845
400	-18.185
401	-21.252
402	-22.89
403	-22.903
404	-22.912
405	-22.912
406	-22.911
407	-22.91
408	-21.274
409	-20.807
410	-21.715
411	-22.449
412	-22.993
413	-18.622
414	-22.924
415	-22.909
416	-22.909
417	-19.51
418	-22.682
419	-18.323
420	-18.916
421	-17.595
422	-19.742
423	-18.157
424	-17.823
425	-19.107
426	-20.019
427	-17.402
428	-20.605
429	-18.341
430	-17.981
431	-22.911
432	-22.911
433	-22.911
434	-22.911
435	-22.911
436	-22.911
437	-22.911
438	-22.911
439	-22.911
440	-22.911
441	-22.911
442	-19.111
443	-19.612
444	-22.943
445	-23.189
446	-21.24
447	-20.765
448	-20.982
449	-17.75
450	-17.092
451	-21.688
452	-19.844
453	-18.646
454	-22.047
