Node Number	Equivalent (von-Mises) Stress (MPa)
1	10.951
2	6.297
3	14.659
4	8.5256
5	14.729
6	7.4371
7	10.385
8	58.651
9	95.101
10	92.89
11	70.803
12	685.34
13	791.34
14	621.97
15	94.941
16	60.152
17	19.609
18	16.892
19	9.8183
20	22.695
21	6.4219
22	11.611
23	28.597
24	61.833
25	51.137
26	256.29
27	395.43
28	858.06
29	164.41
30	241.68
31	105.59
32	93.134
33	11.2
34	15.679
35	16.74
36	9.3917
37	12.323
38	7.3297
39	9.013
40	7.8773
41	17.415
42	13.751
43	12.055
44	0.23746
45	7.5473
46	16.613
47	20.277
48	56.739
49	69.622
50	249.07
51	343.99
52	691.68
53	209.78
54	186.63
55	156.81
56	31.289
57	21.685
58	5.9628
59	5.5858
60	0.41989
61	0.47045
62	6.1821
63	6.222
64	3.4479
65	10.586
66	6.4976
67	7.7295
68	4.8053
69	7.1167
70	10.915
71	6.5512
72	7.8108
73	6.4798
74	0.2837
75	8.8887
76	19.514
77	48.348
78	74.992
79	495.67
80	718.45
81	168.55
82	59.122
83	15.77
84	5.7216
85	1.9871
86	0.591
87	7.5258
88	6.0704
89	6.5997
90	6.6181
91	223.56
92	57.413
93	68.018
94	20.656
95	740.47
96	37.167
97	22.702
98	188.85
99	2.7755
100	54.383
101	691.4
102	58.804
103	3.1804
104	37.224
105	34.292
106	619.06
107	151.43
108	308.34
109	47.187
110	56.459
111	595.61
112	11.868
113	54.966
114	17.145
115	639.08
116	9.1297
117	7.2401
118	731.77
119	878.65
120	11.059
121	3.2436
122	202.84
123	16.652
124	75.95
125	357.54
126	102.76
127	152.19
128	466.67
129	215.08
130	7.3055
131	2.7819
132	105.34
133	276.96
134	23.263
135	34.345
136	743.01
137	790.48
138	712.23
139	931.39
140	813.35
141	532.7
142	485.86
143	1033.
144	1059.5
145	731.24
146	471.55
147	845.25
148	458.39
149	414.55
150	427.59
151	357.13
152	367.26
153	500.6
154	1255.
155	891.34
156	701.65
157	1204.
158	2804.
159	1000.8
160	668.34
161	1369.1
162	903.02
163	1213.9
164	1241.9
165	970.55
166	748.03
167	1309.5
168	1322.3
169	818.8
170	150.53
171	119.22
172	154.93
173	267.89
174	319.08
175	502.84
176	62.21
177	108.51
178	8.9087
179	8.6844
180	10.467
181	14.326
182	15.96
183	50.284
184	97.047
185	149.91
186	210.47
187	273.97
188	320.06
189	563.67
190	946.68
191	865.53
192	615.78
193	354.36
194	259.26
195	259.26
196	96.627
197	8.5918
198	374.02
199	330.01
200	234.1
201	157.21
202	118.95
203	48.317
204	21.561
205	14.268
206	11.384
207	8.3159
208	164.33
209	142.99
210	177.87
211	305.71
212	435.79
213	802.9
214	128.67
215	102.61
216	87.978
217	94.014
218	168.58
219	143.27
220	9.6112
221	515.05
222	200.6
223	86.714
224	73.845
225	42.56
226	25.677
227	27.184
228	20.595
229	12.338
230	9.8275
231	14.725
232	112.86
233	432.89
234	8.5271
235	5.2198
236	3.2248
237	4.2572
238	5.8572
239	7.1959
240	9.5097
241	5.9008
242	3.7415
243	5.2396
244	5.824
245	7.0535
246	143.99
247	4.1317
248	37.689
249	8.8007
250	7.7445
251	113.01
252	13.46
253	12.856
254	93.112
255	14.179
256	13.277
257	130.33
258	36.985
259	4.4936
260	57.438
261	171.39
262	264.61
263	6.616
264	20.527
265	8.2507
266	250.8
267	15.689
268	220.11
269	128.73
270	11.564
271	84.1
272	377.47
273	104.88
274	132.52
275	189.61
276	420.85
277	597.86
278	100.79
279	161.52
280	738.48
281	116.2
282	11.177
283	74.869
284	19.512
285	430.42
286	265.9
287	1018.7
288	495.89
289	491.54
290	182.43
291	870.34
292	88.516
293	751.46
294	825.41
295	392.25
296	640.11
297	702.6
298	744.13
299	1250.3
300	1151.4
301	1538.7
302	1319.8
303	741.95
304	150.38
305	171.24
306	225.87
307	379.51
308	511.79
309	399.99
310	283.34
311	639.23
312	438.64
313	541.73
314	820.01
315	1242.5
316	785.1
317	906.51
318	534.23
319	218.75
320	295.61
321	399.63
322	414.91
323	299.18
324	308.29
325	255.07
326	276.46
327	344.54
328	249.19
329	713.03
330	471.
331	312.59
332	292.49
333	257.36
334	186.22
335	221.6
336	225.79
337	272.89
338	214.9
339	175.25
340	150.61
341	331.52
342	7.5233
343	20.049
344	45.645
345	137.33
346	288.62
347	529.77
348	290.05
349	525.69
350	351.62
351	240.45
352	146.55
353	120.26
354	85.803
355	98.854
356	105.58
357	176.37
358	200.11
359	76.226
360	147.9
361	2.211
362	342.89
363	138.9
364	60.703
365	22.605
366	10.353
367	480.68
368	332.07
369	306.21
370	328.21
371	249.48
372	411.27
373	408.61
374	380.92
375	396.09
376	209.15
377	412.48
378	538.26
379	420.86
380	401.54
381	453.7
382	468.41
383	452.49
384	126.34
385	881.29
386	662.02
387	489.91
388	120.13
389	122.34
390	145.5
391	164.88
392	233.15
393	97.976
394	46.641
395	38.965
396	23.338
397	9.8527
398	5.213
399	111.32
400	88.939
401	58.785
402	36.24
403	16.29
404	11.777
405	289.22
406	353.53
407	202.78
408	409.54
409	166.77
410	357.96
411	229.51
412	66.058
413	19.861
414	139.97
415	397.94
416	67.846
417	388.7
418	168.1
419	237.96
420	25.315
421	71.893
422	558.69
423	236.72
424	361.11
425	372.87
426	371.5
427	232.27
428	373.3
429	391.81
430	457.6
431	509.45
432	348.09
433	291.21
434	261.91
435	417.24
436	348.01
437	293.92
438	473.57
439	303.51
440	362.57
441	92.74
442	129.45
443	310.1
444	197.97
445	204.46
446	503.56
447	127.46
448	162.55
449	364.2
450	171.92
451	313.94
452	643.78
453	303.62
454	254.95
455	252.02
456	196.56
