Node Number	Equivalent (von-Mises) Stress (MPa)
1	12.739
2	8.9348
3	0.73289
4	1.4174
5	2.4132
6	3.2363
7	6.5147
8	9.7778
9	12.343
10	20.741
11	40.479
12	35.111
13	391.57
14	204.8
15	72.803
16	29.765
17	16.547
18	17.648
19	15.179
20	0.61437
21	6.777
22	14.219
23	11.981
24	29.415
25	49.526
26	110.74
27	200.54
28	143.29
29	32.641
30	31.192
31	11.123
32	5.0837
33	3.3238
34	2.8542
35	2.0124
36	0.49864
37	12.668
38	9.7364
39	4.5126
40	4.7033
41	7.9117
42	10.286
43	12.249
44	0.29583
45	9.2095
46	6.3661
47	9.3299
48	22.632
49	123.1
50	57.873
51	26.782
52	58.027
53	22.303
54	16.618
55	13.747
56	4.3906
57	5.222
58	1.4603
59	1.4122
60	0.38547
61	0.26187
62	1.6011
63	1.0625
64	0.45778
65	0.89782
66	0.93474
67	12.385
68	8.1604
69	6.694
70	6.5403
71	12.392
72	6.7452
73	9.3567
74	0.38111
75	5.1627
76	27.895
77	52.419
78	60.656
79	46.163
80	30.927
81	19.084
82	4.955
83	5.5764
84	1.5838
85	0.56832
86	0.4525
87	1.3527
88	1.4879
89	0.68456
90	2.3435
91	49.187
92	22.267
93	18.142
94	15.929
95	60.659
96	2.9682
97	12.525
98	12.991
99	0.77285
100	44.539
101	70.711
102	4.2155
103	0.52034
104	41.979
105	6.3216
106	52.502
107	87.342
108	67.77
109	5.3667
110	27.08
111	23.735
112	3.0118
113	21.269
114	12.647
115	62.192
116	4.0741
117	1.1829
118	76.957
119	63.568
120	5.0285
121	1.1463
122	13.4
123	3.307
124	12.708
125	31.993
126	6.521
127	25.192
128	77.863
129	96.827
130	3.1182
131	0.87381
132	9.8921
133	43.353
134	51.046
135	5.8826
136	6.5172
137	10.195
138	8.5351
139	57.119
140	10.353
141	30.811
142	28.719
143	116.84
144	133.3
145	42.186
146	4.057
147	9.7756
148	4.9224
149	8.286
150	13.347
151	12.897
152	2.7594
153	6.3284
154	35.36
155	76.816
156	148.72
157	138.83
158	395.54
159	139.47
160	71.541
161	51.743
162	109.4
163	65.584
164	37.987
165	98.695
166	73.594
167	168.23
168	196.33
169	181.32
170	3.6768
171	5.5888
172	5.4618
173	11.476
174	9.7363
175	43.883
176	3.4041
177	4.0251
178	0.22218
179	0.24712
180	0.26787
181	0.30965
182	0.32844
183	0.75362
184	1.1265
185	1.2389
186	2.1312
187	2.8711
188	3.4529
189	9.6133
190	20.08
191	24.57
192	9.62
193	8.9967
194	9.4338
195	9.4338
196	2.4996
197	0.24384
198	3.3052
199	3.0425
200	2.1064
201	1.4685
202	1.2338
203	0.54818
204	0.23345
205	0.2304
206	0.22634
207	0.22032
208	3.7777
209	2.5371
210	1.4605
211	4.423
212	8.3329
213	33.146
214	8.1907
215	5.9241
216	3.3249
217	3.5151
218	7.7158
219	1.7591
220	0.18597
221	4.0129
222	2.1557
223	1.694
224	1.4191
225	1.0639
226	0.29469
227	0.18802
228	0.18267
229	0.18837
230	0.16518
231	0.21051
232	0.84247
233	2.6932
234	0.1201
235	8.3132e-002
236	8.303e-002
237	9.0619e-002
238	9.6293e-002
239	0.18544
240	0.16142
241	0.12256
242	8.3107e-002
243	9.5787e-002
244	0.1137
245	0.18909
246	2.3508
247	0.13174
248	0.42028
249	0.23257
250	0.40515
251	2.2554
252	0.33385
253	0.22365
254	1.3343
255	0.53962
256	0.20104
257	2.6769
258	0.38498
259	7.8233e-002
260	0.66179
261	5.889
262	3.0872
263	0.11652
264	0.2395
265	0.18859
266	3.0243
267	0.14167
268	6.234
269	1.3895
270	0.35376
271	0.85369
272	27.746
273	8.3614
274	2.6445
275	12.085
276	18.835
277	50.4
278	7.8837
279	2.306
280	9.4977
281	16.572
282	0.18808
283	1.1535
284	0.7428
285	5.6553
286	3.5606
287	37.788
288	30.564
289	33.187
290	3.8806
291	96.058
292	3.5124
293	15.544
294	58.727
295	2.5297e-002
296	2.912e-002
297	8.8043e-003
298	3.7138e-002
299	5.869e-002
300	2.6385e-002
301	5.0536e-002
302	1.8814e-002
303	5.9265e-003
304	1.367e-002
305	4.1908e-003
306	7.5035e-003
307	1.8794e-002
308	1.9586e-002
309	2.5667e-002
310	3.1016e-002
311	1.2453e-002
312	4.493e-003
313	5.5557e-003
314	1.5027e-002
315	5.7497e-002
316	1.6128e-002
317	1.4597e-002
318	1.1167e-002
319	1.9179e-003
320	3.0701e-003
321	8.5333e-003
322	1.2419e-002
323	6.3172e-003
324	6.0024e-003
325	5.1318e-003
326	7.4303e-003
327	2.6896e-003
328	3.2813e-003
329	3.0334e-003
330	2.0062e-003
331	1.56e-003
332	1.1641e-003
333	1.1705e-003
334	9.2034e-004
335	1.2541e-003
336	1.1876e-003
337	9.6869e-004
338	9.9247e-004
339	1.1101e-003
340	9.0443e-005
341	1.2928e-003
342	6.5764e-005
343	9.5212e-005
344	1.0585e-004
345	3.6994e-004
346	1.0121e-003
347	1.4322e-003
348	5.5765e-003
349	3.3226e-003
350	3.4754e-003
351	2.1839e-003
352	1.3768e-003
353	1.0386e-003
354	9.6367e-004
355	9.2665e-004
356	6.1851e-004
357	5.1892e-004
358	6.056e-004
359	5.6381e-004
360	3.8367e-004
361	9.6061e-005
362	1.3502e-003
363	5.5934e-004
364	2.7801e-004
365	5.7778e-005
366	9.2544e-005
367	1.8058e-003
368	4.1547e-003
369	2.3897e-003
370	1.745e-003
371	1.7597e-003
372	1.8819e-003
373	1.5606e-003
374	1.3802e-003
375	9.3497e-004
376	1.7991e-003
377	1.5393e-003
378	1.9322e-003
379	1.1933e-003
380	8.1398e-004
381	5.3549e-004
382	6.4068e-004
383	1.408e-003
384	1.0682e-003
385	1.612e-002
386	1.0884e-002
387	8.2312e-003
388	1.9621e-003
389	1.0077e-003
390	3.2683e-003
391	1.6431e-003
392	3.6263e-003
393	7.4159e-004
394	4.6693e-004
395	4.507e-004
396	2.8561e-004
397	1.4369e-004
398	1.1336e-004
399	8.6706e-004
400	7.3187e-004
401	5.6305e-004
402	4.2718e-004
403	1.8748e-004
404	1.0635e-004
405	3.4472e-003
406	4.4384e-003
407	2.1746e-003
408	1.692e-002
409	1.5638e-003
410	5.5895e-003
411	2.2673e-003
412	7.8454e-004
413	1.8151e-004
414	1.8462e-003
415	9.3646e-003
416	8.0181e-004
417	5.9973e-003
418	7.7975e-004
419	3.955e-003
420	1.2651e-004
421	6.0238e-004
422	9.0455e-003
423	8.3668e-004
424	1.1058e-003
425	6.7106e-004
426	7.62e-004
427	7.908e-004
428	7.9175e-004
429	2.0077e-003
430	6.4464e-004
431	1.1093e-003
432	2.3391e-003
433	1.2509e-003
434	1.2668e-003
435	9.7203e-004
436	7.8704e-004
437	2.1103e-003
438	1.6583e-003
439	1.0314e-003
440	1.1225e-003
441	1.7125e-003
442	5.2629e-004
443	3.8709e-003
444	1.0267e-002
445	2.3454e-003
446	1.1708e-002
447	1.7379e-004
448	1.6303e-003
449	3.7587e-003
450	6.2186e-004
451	1.2492e-003
452	1.7565e-002
453	2.5174e-003
454	4.0236e-004
455	7.4259e-004
456	1.0361e-003
