Node Number	Equivalent (von-Mises) Stress (MPa)
1	33.873
2	26.885
3	14.591
4	12.628
5	12.145
6	13.526
7	25.236
8	32.265
9	12.164
10	20.63
11	55.098
12	70.103
13	600.81
14	250.03
15	83.286
16	65.968
17	27.091
18	16.304
19	22.57
20	25.063
21	12.483
22	18.915
23	31.846
24	52.947
25	68.098
26	158.07
27	256.71
28	200.34
29	36.852
30	39.437
31	22.19
32	17.802
33	7.3662
34	10.605
35	20.591
36	12.423
37	35.891
38	21.05
39	9.665
40	10.954
41	14.577
42	17.92
43	23.723
44	14.697
45	18.1
46	10.895
47	13.153
48	42.855
49	161.3
50	33.688
51	87.434
52	95.038
53	43.301
54	35.188
55	20.147
56	15.172
57	7.5106
58	9.9766
59	8.9808
60	9.2333
61	8.5615
62	5.1503
63	4.6736
64	3.2208
65	11.63
66	10.892
67	28.616
68	11.06
69	11.479
70	13.829
71	23.778
72	11.75
73	17.787
74	24.028
75	8.1853
76	46.761
77	75.784
78	71.164
79	70.684
80	31.797
81	29.006
82	14.356
83	11.239
84	9.8037
85	8.2022
86	8.0803
87	7.112
88	6.2579
89	9.5217
90	4.4454
91	59.87
92	43.129
93	41.092
94	37.079
95	64.238
96	10.198
97	31.951
98	14.65
99	4.7775
100	54.858
101	80.136
102	9.3556
103	6.0188
104	53.833
105	18.096
106	94.486
107	137.35
108	84.776
109	18.28
110	42.477
111	24.592
112	25.215
113	38.938
114	8.3511
115	100.68
116	9.4137
117	14.517
118	117.09
119	111.19
120	9.6125
121	7.9451
122	32.307
123	13.153
124	18.552
125	29.601
126	9.6398
127	33.652
128	105.72
129	141.49
130	10.698
131	6.7198
132	10.697
133	49.355
134	59.951
135	17.048
136	5.3071
137	10.77
138	8.9484
139	77.824
140	19.618
141	59.338
142	49.748
143	134.07
144	164.3
145	55.146
146	1.9482
147	9.9894
148	3.4166
149	11.439
150	16.524
151	16.346
152	9.5323
153	9.3771
154	38.038
155	105.54
156	202.78
157	176.51
158	495.91
159	183.72
160	102.32
161	86.091
162	151.97
163	79.179
164	58.944
165	130.09
166	92.644
167	211.8
168	278.52
169	257.69
170	4.3178
171	14.387
172	12.039
173	23.088
174	13.922
175	61.148
176	8.202
177	10.683
178	6.8995e-002
179	7.5779e-002
180	8.1005e-002
181	9.4786e-002
182	0.14414
183	0.64525
184	1.0875
185	1.2117
186	1.7855
187	2.1759
188	2.1211
189	13.698
190	27.924
191	36.073
192	16.263
193	14.661
194	17.95
195	17.95
196	4.4666
197	8.2552e-002
198	2.0892
199	2.257
200	1.8028
201	1.4629
202	1.293
203	0.56357
204	0.15112
205	2.5912e-002
206	5.4375e-002
207	6.3063e-002
208	6.485
209	5.2496
210	4.439
211	4.5757
212	8.5376
213	40.906
214	17.151
215	10.018
216	7.4022
217	7.082
218	12.176
219	4.1498
220	5.6533e-002
221	2.8743
222	1.5109
223	1.1728
224	1.0035
225	0.70877
226	0.17926
227	0.11269
228	5.1193e-002
229	6.0046e-002
230	5.168e-002
231	6.6071e-002
232	1.0238
233	3.5842
234	4.4006e-002
235	3.3618e-002
236	3.8195e-002
237	2.9218e-002
238	2.0927e-002
239	5.0286e-002
240	5.7342e-002
241	5.067e-002
242	3.6433e-002
243	4.2918e-002
244	4.4382e-002
245	6.0378e-002
246	5.082
247	6.4388e-002
248	0.38907
249	7.642e-002
250	0.19517
251	2.4618
252	0.12506
253	0.10551
254	1.2437
255	0.23931
256	8.3869e-002
257	2.5262
258	0.26013
259	2.8946e-002
260	0.39696
261	6.1728
262	2.2696
263	4.4479e-002
264	8.7324e-002
265	4.5902e-002
266	2.2753
267	8.1059e-002
268	6.1975
269	0.96281
270	0.16953
271	0.83588
272	46.985
273	13.672
274	3.2548
275	18.377
276	22.258
277	75.81
278	19.545
279	4.945
280	14.319
281	26.285
282	4.8712e-002
283	0.7467
284	0.45089
285	6.6293
286	4.2176
287	42.856
288	42.823
289	54.888
290	6.7778
291	123.21
292	8.8895
293	31.566
294	79.266
295	4.7679
296	1.9064
297	3.6367
298	2.1074
299	3.3551
300	4.255
301	5.6293
302	8.7622
303	4.0291
304	2.7129
305	3.2642
306	4.78
307	6.7187
308	6.3332
309	2.2894
310	4.1252
311	3.3841
312	2.9515
313	3.9096
314	5.1778
315	5.7823
316	4.456
317	5.0249
318	3.9053
319	1.936
320	2.3696
321	4.058
322	4.3051
323	3.7439
324	3.8627
325	2.6878
326	2.2074
327	2.1073
328	1.7929
329	12.989
330	8.1052
331	4.9084
332	3.9422
333	3.3304
334	3.9689
335	3.8045
336	2.9991
337	2.8116
338	2.57
339	1.9442
340	2.6394
341	5.4736
342	0.14441
343	0.39822
344	0.7791
345	1.7691
346	3.2787
347	6.0488
348	2.6446
349	3.3478
350	4.1672
351	3.3526
352	2.381
353	2.2416
354	2.0671
355	2.0746
356	2.3445
357	4.661
358	5.0034
359	2.8246
360	3.969
361	8.113e-002
362	3.9128
363	1.9085
364	1.048
365	0.46073
366	0.20795
367	8.6381
368	2.9128
369	1.3143
370	1.3658
371	2.7552
372	6.1253
373	4.9852
374	7.4603
375	6.4889
376	3.6272
377	7.3364
378	9.3852
379	7.0412
380	6.7787
381	7.9336
382	8.3495
383	8.1254
384	0.91726
385	6.2788
386	4.8262
387	3.6498
388	0.9376
389	0.89266
390	1.0668
391	2.9306
392	1.729
393	0.75101
394	0.42525
395	0.3904
396	0.29317
397	0.21021
398	0.11224
399	0.91483
400	0.71479
401	0.55263
402	0.41185
403	0.30419
404	0.24513
405	2.5291
406	3.7466
407	1.4959
408	4.8067
409	2.4406
410	2.7097
411	2.6874
412	0.64888
413	0.35195
414	2.7249
415	1.0164
416	0.84086
417	4.0675
418	2.2058
419	1.8651
420	0.52746
421	0.5922
422	4.1373
423	3.2379
424	2.8045
425	2.5832
426	6.0935
427	3.2494
428	4.2707
429	2.0008
430	7.9054
431	8.813
432	2.1929
433	4.7189
434	2.2296
435	3.9426
436	5.299
437	1.7143
438	8.0175
439	3.202
440	5.2035
441	1.2522
442	2.046
443	2.9744
444	2.1173
445	1.9366
446	2.7116
447	1.8125
448	2.018
449	2.5984
450	2.1859
451	4.9703
452	3.6142
453	2.2559
454	2.5787
455	3.6003
456	2.2842
