Node Number	Equivalent (von-Mises) Stress (MPa)
1	14.632
2	10.556
3	0.87516
4	1.5151
5	2.4767
6	3.3058
7	6.7012
8	10.002
9	12.271
10	21.166
11	41.505
12	38.788
13	414.56
14	212.6
15	76.968
16	31.909
17	17.53
18	17.81
19	16.027
20	0.70786
21	7.3702
22	15.015
23	13.241
24	30.883
25	53.676
26	115.43
27	211.21
28	148.88
29	34.017
30	32.492
31	11.747
32	5.4898
33	3.5461
34	2.8999
35	1.9618
36	0.56034
37	14.749
38	10.779
39	4.9851
40	5.2068
41	8.5862
42	11.073
43	13.348
44	0.29287
45	10.069
46	6.6562
47	9.6472
48	25.538
49	128.09
50	56.899
51	29.806
52	61.56
53	24.241
54	17.658
55	14.612
56	4.5683
57	5.2041
58	1.406
59	1.4103
60	0.39964
61	0.27374
62	1.5539
63	1.0628
64	0.47314
65	0.96089
66	0.99359
67	13.912
68	8.5176
69	7.0901
70	7.1856
71	13.424
72	7.2017
73	10.161
74	0.40177
75	5.4933
76	29.612
77	55.87
78	63.62
79	46.397
80	31.977
81	19.762
82	5.1755
83	5.681
84	1.5383
85	0.58552
86	0.44832
87	1.373
88	1.5011
89	0.70371
90	2.4085
91	50.421
92	24.317
93	18.473
94	17.448
95	61.275
96	3.1228
97	13.805
98	13.278
99	0.79378
100	46.762
101	72.521
102	4.2789
103	0.56996
104	44.824
105	6.475
106	56.737
107	92.29
108	70.121
109	5.4923
110	29.096
111	22.126
112	3.0894
113	22.481
114	12.611
115	64.204
116	4.4424
117	1.1822
118	81.711
119	70.085
120	5.333
121	1.1262
122	13.805
123	3.3467
124	13.043
125	32.967
126	6.9755
127	25.782
128	81.368
129	101.44
130	3.7471
131	0.85287
132	10.441
133	43.306
134	52.901
135	5.9814
136	6.5661
137	10.32
138	8.6377
139	59.436
140	9.3675
141	33.163
142	30.549
143	119.28
144	136.86
145	43.718
146	3.918
147	9.8257
148	4.8237
149	8.5536
150	13.633
151	13.236
152	3.1636
153	6.5829
154	35.272
155	79.986
156	154.96
157	143.16
158	407.33
159	143.99
160	73.611
161	53.746
162	113.73
163	67.935
164	39.291
165	101.53
166	74.177
167	173.31
168	204.94
169	189.41
170	3.5496
171	6.2565
172	6.1197
173	12.816
174	10.174
175	45.54
176	3.7517
177	4.5176
178	0.21315
179	0.23765
180	0.25766
181	0.2964
182	0.31522
183	0.74828
184	1.1308
185	1.2466
186	2.1146
187	2.8319
188	3.3673
189	10.027
190	20.921
191	25.739
192	10.184
193	9.4139
194	10.46
195	10.46
196	2.7302
197	0.23444
198	3.2282
199	2.9997
200	2.097
201	1.4805
202	1.2471
203	0.54863
204	0.21987
205	0.2176
206	0.21622
207	0.21127
208	4.0486
209	2.8297
210	1.7733
211	4.6878
212	8.7475
213	34.256
214	8.9328
215	6.2145
216	3.277
217	3.7769
218	8.2288
219	1.9515
220	0.17777
221	4.0168
222	2.1469
223	1.6777
224	1.4051
225	1.0485
226	0.28369
227	0.17574
228	0.17114
229	0.18003
230	0.15766
231	0.20201
232	0.86503
233	2.7345
234	0.11431
235	7.9743e-002
236	8.0284e-002
237	8.6918e-002
238	9.1595e-002
239	0.17745
240	0.15466
241	0.1185
242	8.0436e-002
243	9.256e-002
244	0.10972
245	0.18183
246	2.6468
247	0.12833
248	0.41329
249	0.224
250	0.39437
251	2.2916
252	0.32202
253	0.21685
254	1.3355
255	0.52357
256	0.19383
257	2.6997
258	0.3756
259	7.5121e-002
260	0.64817
261	5.9843
262	3.0668
263	0.11173
264	0.22775
265	0.18036
266	2.9833
267	0.13338
268	6.3147
269	1.3781
270	0.34086
271	0.857
272	29.464
273	8.9464
274	2.8252
275	12.744
276	19.515
277	52.741
278	8.9327
279	2.492
280	9.8589
281	17.528
282	0.17951
283	1.1344
284	0.72911
285	5.8776
286	3.8058
287	38.926
288	31.33
289	35.177
290	4.2224
291	99.195
292	3.8771
293	16.729
294	60.942
295	2.5297e-002
296	2.912e-002
297	8.8043e-003
298	3.7138e-002
299	5.869e-002
300	2.6385e-002
301	5.0536e-002
302	1.8814e-002
303	5.9265e-003
304	1.367e-002
305	4.1908e-003
306	7.5035e-003
307	1.8794e-002
308	1.9586e-002
309	2.5667e-002
310	3.1016e-002
311	1.2453e-002
312	4.493e-003
313	5.5557e-003
314	1.5027e-002
315	5.7497e-002
316	1.6128e-002
317	1.4597e-002
318	1.1167e-002
319	1.9179e-003
320	3.0701e-003
321	8.5333e-003
322	1.2419e-002
323	6.3172e-003
324	6.0024e-003
325	5.1318e-003
326	7.4303e-003
327	2.6896e-003
328	3.2813e-003
329	3.0334e-003
330	2.0062e-003
331	1.56e-003
332	1.1641e-003
333	1.1705e-003
334	9.2034e-004
335	1.2541e-003
336	1.1876e-003
337	9.6869e-004
338	9.9247e-004
339	1.1101e-003
340	9.0443e-005
341	1.2928e-003
342	6.5764e-005
343	9.5212e-005
344	1.0585e-004
345	3.6994e-004
346	1.0121e-003
347	1.4322e-003
348	5.5765e-003
349	3.3226e-003
350	3.4754e-003
351	2.1839e-003
352	1.3768e-003
353	1.0386e-003
354	9.6367e-004
355	9.2665e-004
356	6.1851e-004
357	5.1892e-004
358	6.056e-004
359	5.6381e-004
360	3.8367e-004
361	9.6061e-005
362	1.3502e-003
363	5.5934e-004
364	2.7801e-004
365	5.7778e-005
366	9.2544e-005
367	1.8058e-003
368	4.1547e-003
369	2.3897e-003
370	1.745e-003
371	1.7597e-003
372	1.8819e-003
373	1.5606e-003
374	1.3802e-003
375	9.3497e-004
376	1.7991e-003
377	1.5393e-003
378	1.9322e-003
379	1.1933e-003
380	8.1398e-004
381	5.3549e-004
382	6.4068e-004
383	1.408e-003
384	1.0682e-003
385	1.612e-002
386	1.0884e-002
387	8.2312e-003
388	1.9621e-003
389	1.0077e-003
390	3.2683e-003
391	1.6431e-003
392	3.6263e-003
393	7.4159e-004
394	4.6693e-004
395	4.507e-004
396	2.8561e-004
397	1.4369e-004
398	1.1336e-004
399	8.6706e-004
400	7.3187e-004
401	5.6305e-004
402	4.2718e-004
403	1.8748e-004
404	1.0635e-004
405	3.4472e-003
406	4.4384e-003
407	2.1746e-003
408	1.692e-002
409	1.5638e-003
410	5.5895e-003
411	2.2673e-003
412	7.8454e-004
413	1.8151e-004
414	1.8462e-003
415	9.3646e-003
416	8.0181e-004
417	5.9973e-003
418	7.7975e-004
419	3.955e-003
420	1.2651e-004
421	6.0238e-004
422	9.0455e-003
423	8.3668e-004
424	1.1058e-003
425	6.7106e-004
426	7.62e-004
427	7.908e-004
428	7.9175e-004
429	2.0077e-003
430	6.4464e-004
431	1.1093e-003
432	2.3391e-003
433	1.2509e-003
434	1.2668e-003
435	9.7203e-004
436	7.8704e-004
437	2.1103e-003
438	1.6583e-003
439	1.0314e-003
440	1.1225e-003
441	1.7125e-003
442	5.2629e-004
443	3.8709e-003
444	1.0267e-002
445	2.3454e-003
446	1.1708e-002
447	1.7379e-004
448	1.6303e-003
449	3.7587e-003
450	6.2186e-004
451	1.2492e-003
452	1.7565e-002
453	2.5174e-003
454	4.0236e-004
455	7.4259e-004
456	1.0361e-003
