Node Number	Directional Deformation (mm)
1	6.5017e-003
2	5.4451e-003
3	0.20571
4	0.15128
5	0.14974
6	0.18068
7	0.52645
8	0.96151
9	1.4775
10	1.2995
11	-0.21457
12	-0.18957
13	7.7898e-002
14	-2.8323e-004
15	-2.6132e-003
16	7.5744e-003
17	6.6083e-003
18	8.1211e-003
19	6.8472e-003
20	1.1516
21	4.5104e-003
22	5.7965e-003
23	9.0388e-003
24	3.5576e-003
25	4.7148e-004
26	5.1942e-002
27	5.8936e-002
28	-0.78208
29	-2.1545
30	-1.4459
31	-0.17718
32	0.559
33	0.81226
34	0.78328
35	0.94831
36	1.0615
37	4.5759e-003
38	5.4713e-004
39	-1.9324e-003
40	-2.5872e-003
41	-9.4264e-004
42	3.9019e-003
43	5.7384e-003
44	0.363
45	7.2476e-003
46	6.402e-003
47	-4.168e-003
48	-1.8931e-002
49	6.7168e-003
50	9.824e-004
51	3.9166e-002
52	-5.2463e-002
53	1.7041e-002
54	1.9473
55	1.5707
56	0.66446
57	0.13536
58	0.23658
59	0.25082
60	0.28338
61	0.3553
62	0.3473
63	0.28252
64	0.24355
65	0.20443
66	0.19155
67	4.612e-003
68	2.6497e-003
69	1.645e-003
70	-2.6819e-003
71	-4.5504e-003
72	-3.6491e-003
73	2.1095e-004
74	1.2784
75	4.945e-003
76	6.9923e-003
77	-2.3959e-002
78	9.3982e-002
79	-0.23692
80	-1.538
81	-0.97159
82	0.18293
83	0.39158
84	0.89957
85	1.1274
86	1.2586
87	1.1991
88	1.1589
89	1.1363
90	0.71785
91	7.2646e-004
92	-4.6348e-002
93	-1.6494
94	-1.6629e-003
95	-0.44001
96	0.5911
97	7.1774e-003
98	-2.0397
99	1.034
100	-2.7207e-002
101	-1.3787
102	0.25487
103	0.95479
104	-2.9808e-002
105	0.77851
106	-0.14459
107	-2.6431e-002
108	2.261e-002
109	0.51981
110	-1.3297e-002
111	2.9997e-002
112	0.32649
113	-1.4234e-002
114	1.4029
115	3.8765e-002
116	-1.0055e-003
117	7.1056e-002
118	-6.623e-002
119	-4.2187e-002
120	9.874e-003
121	0.2716
122	0.44212
123	0.25472
124	-7.9596e-003
125	5.1351e-002
126	0.75076
127	0.54575
128	-2.1323e-002
129	-7.0907e-003
130	2.8992e-004
131	0.19924
132	1.0857
133	5.3127e-003
134	-7.6975e-003
135	0.51171
136	0.
137	0.
138	8.5042e-005
139	1.6107e-004
140	1.756e-004
141	1.8238e-004
142	1.2987e-004
143	5.4739e-005
144	0.
145	0.
146	5.7134e-005
147	1.1677e-004
148	1.0379e-004
149	9.4455e-005
150	4.8474e-005
151	1.6088e-005
152	0.
153	0.
154	0.
155	0.
156	0.
157	0.
158	0.
159	0.
160	0.
161	0.
162	0.
163	0.
164	0.
165	0.
166	0.
167	0.
168	0.
169	0.
170	0.
171	0.
172	0.
173	0.
174	0.
175	0.
176	0.
177	0.
178	0.
179	0.
180	0.
181	0.
182	0.
183	0.
184	0.
185	0.
186	0.
187	0.
188	0.
189	0.
190	0.
191	0.
192	0.
193	0.
194	0.
195	0.
196	0.
197	0.
198	0.
199	0.
200	0.
201	0.
202	0.
203	0.
204	0.
205	0.
206	0.
207	0.
208	0.
209	0.
210	0.
211	0.
212	0.
213	0.
214	0.
215	0.
216	3.2393e-004
217	1.6459e-004
218	-1.7095e-003
219	5.3828e-004
220	1.6258e-003
221	9.0796e-004
222	-2.6739e-003
223	-8.9366e-004
224	-1.5944e-002
225	-3.7364e-003
226	3.2473e-003
227	1.3201e-003
228	-1.3537e-005
229	-1.7935e-004
230	-3.5729e-004
231	-3.0083e-004
232	-4.0888e-004
233	-4.8879e-004
234	-5.3852e-003
235	-7.9458e-003
236	-1.2663e-002
237	-1.8645e-002
238	-5.8699e-003
239	1.1279e-002
240	-5.7073e-003
241	6.0511e-004
242	-2.0438e-002
243	-2.6031e-002
244	6.6399e-003
245	6.7633e-003
246	0.
247	0.
248	-2.7438e-003
249	-1.0174e-003
250	-1.2449e-003
251	-1.6345e-004
252	2.6732e-003
253	2.6737e-003
254	-4.4428e-003
255	-9.7825e-003
256	-7.9579e-004
257	2.2432e-003
258	-2.6341e-004
259	-4.82e-004
260	4.8186e-004
261	5.4562e-004
262	1.0265e-003
263	3.237e-004
264	2.5446e-004
265	5.9201e-004
266	1.9143e-004
267	7.771e-004
268	1.8562e-004
269	4.5895e-004
270	2.3875e-005
271	9.7811e-005
272	3.8075e-005
273	1.2148e-003
274	-6.638e-005
275	1.2711e-003
276	0.
277	-2.1392e-003
278	2.4433e-004
279	0.
280	1.0448e-002
281	7.7883e-003
282	2.8714e-003
283	6.0244e-004
284	-9.7368e-003
285	-1.4931e-003
286	1.4277e-004
287	1.8745e-003
288	-2.2001e-004
289	0.
290	0.
291	0.
292	0.
293	0.
294	0.
295	0.
296	0.
297	0.
298	0.
299	0.
300	2.328e-006
301	1.5738e-006
302	1.326e-006
303	1.1294e-006
304	1.1447e-006
305	1.1568e-006
306	8.474e-007
307	5.1006e-007
308	2.2155e-007
309	7.457e-006
310	4.4973e-006
311	6.7849e-006
312	0.
313	0.
314	0.
315	0.
316	0.
317	0.
318	0.
319	0.
320	0.
321	0.
322	5.4683e-006
323	3.7439e-006
324	4.7926e-007
325	1.0453e-006
326	1.6203e-006
327	2.1487e-006
328	2.599e-006
329	3.0187e-006
330	3.4266e-006
331	3.677e-006
332	0.
333	4.5201e-008
334	1.1632e-007
335	2.2309e-007
336	4.1075e-007
337	7.3982e-007
338	1.8712e-006
339	3.4157e-006
340	6.3881e-006
341	7.5095e-006
342	6.885e-006
343	6.0709e-006
344	5.4202e-006
345	4.7525e-006
346	4.0099e-006
347	3.2054e-006
348	2.4109e-006
349	1.6134e-006
350	7.9326e-007
351	0.
352	0.
353	0.
354	0.
355	0.
356	0.
357	0.
358	0.
359	0.
360	5.0546e-006
361	4.2775e-006
362	3.843e-006
363	0.
364	0.
365	0.
366	0.
367	0.
368	0.
369	3.7603e-006
370	3.4608e-006
371	4.226e-006
372	4.2935e-006
373	3.9698e-006
374	3.4644e-006
375	5.0838e-006
376	7.5847e-006
377	7.0551e-006
378	5.4889e-006
379	4.9672e-006
380	4.3864e-006
381	7.9908e-006
382	1.0428e-005
383	8.4698e-006
384	6.4216e-006
385	6.7847e-006
386	4.2008e-006
387	0.
388	0.
389	0.
390	0.
391	0.
392	0.
393	0.
394	0.
395	0.
396	0.
397	0.
398	0.
399	1.7783e-006
400	2.4215e-006
401	3.2663e-006
402	0.
403	0.
404	0.
405	0.
406	0.
407	0.
408	0.
409	0.
410	0.
411	0.
412	0.
413	0.
414	1.6809e-006
415	2.531e-006
416	3.1436e-006
417	1.1228e-006
418	1.7911e-006
419	3.5587e-006
420	6.3628e-007
421	2.3454e-006
422	4.5749e-007
423	2.6754e-006
424	2.5084e-008
425	3.6365e-006
426	1.1416e-007
427	4.5158e-007
428	8.0574e-006
429	2.4071e-007
430	4.4346e-006
431	4.8676e-006
432	2.5277e-006
433	3.9224e-007
434	3.386e-006
435	2.9091e-006
436	2.7526e-006
437	4.4002e-006
438	2.4339e-006
439	4.1458e-006
440	4.9626e-006
441	6.588e-006
442	4.2199e-006
443	5.7911e-006
444	8.9055e-007
445	2.8047e-006
446	5.0738e-007
