Node Number	Directional Deformation (mm)
1	8.839e-003
2	8.1098e-003
3	0.65772
4	0.65816
5	0.69893
6	0.77011
7	1.127
8	1.5743
9	2.0687
10	1.7678
11	-8.5873e-002
12	-0.28169
13	0.21038
14	8.5902e-003
15	2.5284e-002
16	2.0606e-002
17	7.4338e-003
18	7.9572e-003
19	8.2213e-003
20	1.1689
21	8.8185e-003
22	1.092e-002
23	1.1751e-002
24	-3.9894e-003
25	1.6835e-003
26	0.10997
27	0.10948
28	-0.8774
29	-2.2836
30	-1.3278
31	6.9788e-002
32	0.83138
33	1.0614
34	0.98583
35	1.0837
36	1.1403
37	-1.5408e-003
38	-6.9268e-003
39	-1.2179e-002
40	-1.7646e-002
41	-1.446e-002
42	-5.3927e-003
43	3.0232e-003
44	0.40472
45	-2.8248e-004
46	-1.209e-002
47	-1.2072e-002
48	-2.2847e-002
49	2.3903e-002
50	9.5939e-003
51	8.6939e-002
52	-8.1992e-002
53	-0.10868
54	2.0923
55	1.8464
56	0.9167
57	0.35072
58	0.40759
59	0.38573
60	0.38021
61	0.45871
62	0.50848
63	0.50463
64	0.52856
65	0.54893
66	0.59377
67	-1.9274e-003
68	3.5119e-003
69	-3.6866e-003
70	-1.3452e-002
71	-1.9361e-002
72	-1.3329e-002
73	-6.8436e-003
74	0.88925
75	9.5407e-004
76	-1.647e-002
77	-6.3948e-002
78	0.14607
79	-0.15402
80	-1.7321
81	-1.1852
82	0.13271
83	0.26909
84	0.67067
85	0.82246
86	0.95773
87	0.98404
88	1.0342
89	1.0883
90	0.80527
91	9.8066e-002
92	-8.3038e-002
93	-1.6508
94	-2.293e-002
95	-0.36468
96	0.46203
97	2.0355e-003
98	-2.5479
99	0.89926
100	-1.0589e-003
101	-1.47
102	0.35906
103	0.9917
104	-7.8768e-002
105	1.0707
106	-0.13744
107	-2.7935e-002
108	4.8125e-002
109	0.98188
110	7.1505e-003
111	-0.28906
112	0.65288
113	-3.0316e-002
114	1.7661
115	8.5426e-002
116	-1.1791e-002
117	0.50367
118	-0.1563
119	-5.3117e-002
120	2.8428e-003
121	0.47384
122	0.48975
123	0.49348
124	-2.9929e-002
125	-6.6489e-002
126	1.0498
127	0.77617
128	-4.0046e-002
129	1.3467e-002
130	-1.6677e-002
131	0.48194
132	1.3215
133	-2.3307e-002
134	4.235e-003
135	1.0539
136	0.
137	0.
138	7.1282e-004
139	1.3965e-003
140	1.5129e-003
141	1.4582e-003
142	1.0186e-003
143	4.4196e-004
144	0.
145	0.
146	5.767e-004
147	1.1771e-003
148	1.1746e-003
149	9.9695e-004
150	5.6486e-004
151	2.2214e-004
152	0.
153	0.
154	0.
155	0.
156	0.
157	0.
158	0.
159	0.
160	0.
161	0.
162	0.
163	0.
164	0.
165	0.
166	0.
167	0.
168	0.
169	0.
170	0.
171	0.
172	0.
173	0.
174	0.
175	0.
176	0.
177	0.
178	0.
179	0.
180	0.
181	0.
182	0.
183	0.
184	0.
185	0.
186	0.
187	0.
188	0.
189	0.
190	0.
191	0.
192	0.
193	0.
194	0.
195	0.
196	0.
197	0.
198	0.
199	0.
200	0.
201	0.
202	0.
203	0.
204	0.
205	0.
206	0.
207	0.
208	0.
209	0.
210	0.
211	0.
212	0.
213	0.
214	0.
215	0.
216	1.2248e-002
217	1.3795e-002
218	1.2525e-002
219	8.6157e-003
220	4.8545e-003
221	2.9379e-003
222	8.7092e-003
223	2.83e-002
224	1.8325e-003
225	1.3492e-002
226	7.508e-003
227	3.0313e-003
228	-1.0247e-003
229	-1.5987e-003
230	-2.3625e-003
231	-2.0093e-003
232	-2.4704e-003
233	-2.3015e-003
234	-1.6682e-002
235	-2.6296e-002
236	2.344e-002
237	-3.5869e-002
238	-2.0274e-002
239	6.4785e-003
240	1.5765e-004
241	3.3008e-002
242	8.1933e-002
243	-3.1294e-002
244	4.6547e-003
245	3.2918e-003
246	0.
247	0.
248	-1.9999e-003
249	1.2531e-003
250	-3.7269e-004
251	-2.5783e-003
252	1.2319e-003
253	2.3115e-003
254	-7.6337e-003
255	-5.9549e-002
256	-2.8161e-003
257	6.3233e-003
258	-1.1427e-003
259	-1.5246e-003
260	3.9949e-003
261	4.3221e-003
262	1.1129e-002
263	2.4012e-003
264	1.7523e-003
265	1.3245e-002
266	1.6966e-003
267	5.8263e-003
268	1.4085e-003
269	4.2278e-003
270	2.0287e-004
271	1.2831e-003
272	4.3026e-004
273	5.7551e-004
274	-1.1219e-003
275	1.2112e-002
276	0.
277	3.1051e-002
278	2.5821e-003
279	0.
280	5.7396e-002
281	9.1829e-003
282	2.2325e-002
283	3.6177e-003
284	-1.7728e-002
285	1.2945e-003
286	1.6344e-003
287	1.714e-003
288	-1.3174e-003
289	0.
290	0.
291	0.
292	0.
293	0.
294	0.
295	0.
296	0.
297	0.
298	0.
299	0.
300	-3.5882e-002
301	-3.6776e-002
302	-3.5356e-002
303	-3.4039e-002
304	-2.7504e-002
305	-2.0152e-002
306	-1.6787e-002
307	-1.3855e-002
308	-8.2415e-003
309	-2.1087e-002
310	-3.1272e-002
311	-6.5196e-003
312	0.
313	0.
314	0.
315	0.
316	0.
317	0.
318	0.
319	0.
320	0.
321	0.
322	1.9857e-002
323	-2.8008e-002
324	-7.3123e-003
325	-1.0828e-002
326	-1.3451e-002
327	-1.6497e-002
328	-2.0007e-002
329	-2.3232e-002
330	-2.5419e-002
331	-2.7016e-002
332	0.
333	1.1678e-004
334	3.2651e-004
335	6.6566e-004
336	1.3732e-003
337	2.9057e-003
338	5.5728e-003
339	1.5436e-002
340	3.0288e-002
341	3.1509e-002
342	3.147e-002
343	2.9826e-002
344	2.7398e-002
345	2.3822e-002
346	2.0291e-002
347	1.6027e-002
348	1.2969e-002
349	9.4357e-003
350	4.7125e-003
351	0.
352	0.
353	0.
354	0.
355	0.
356	0.
357	0.
358	0.
359	0.
360	-5.0572e-003
361	-1.7349e-002
362	-2.6029e-002
363	0.
364	0.
365	0.
366	0.
367	0.
368	0.
369	-3.5082e-002
370	-3.768e-002
371	-3.6744e-002
372	-3.3273e-002
373	-3.1139e-002
374	-3.125e-002
375	-6.7463e-003
376	-4.6381e-003
377	-3.134e-003
378	-3.4855e-003
379	-5.7269e-003
380	-5.239e-003
381	-2.0534e-002
382	-2.0864e-002
383	-2.4444e-002
384	-2.0789e-002
385	-1.8999e-002
386	-1.8827e-002
387	0.
388	0.
389	0.
390	0.
391	0.
392	0.
393	0.
394	0.
395	0.
396	0.
397	0.
398	0.
399	-9.3717e-003
400	-8.4504e-003
401	-9.9401e-004
402	0.
403	0.
404	0.
405	0.
406	0.
407	0.
408	0.
409	0.
410	0.
411	0.
412	0.
413	0.
414	-1.5465e-002
415	-2.4275e-002
416	-3.3961e-002
417	-1.4899e-002
418	-2.822e-002
419	-2.846e-002
420	-6.803e-003
421	-3.5866e-002
422	-6.7016e-003
423	-2.3819e-002
424	3.2252e-004
425	5.478e-003
426	2.6829e-004
427	1.1136e-003
428	2.9301e-002
429	3.314e-003
430	1.9171e-002
431	2.3002e-002
432	1.3585e-002
433	4.5845e-004
434	1.1504e-002
435	-1.1676e-003
436	1.4096e-002
437	1.983e-002
438	1.1542e-002
439	2.2186e-003
440	-4.3137e-003
441	1.0585e-002
442	-2.9297e-004
443	-2.1225e-003
444	-2.4207e-003
445	-3.8016e-003
446	-3.3631e-003
