Node Number	Directional Deformation (mm)
1	-1.4001e-002
2	-1.4355e-002
3	1.3166
4	1.3248
5	1.3838
6	1.4748
7	1.9078
8	2.353
9	2.8334
10	2.3112
11	0.2938
12	-0.39109
13	0.18555
14	2.4736e-002
15	1.9992e-002
16	6.7949e-003
17	-1.3897e-002
18	-1.897e-002
19	-1.3721e-002
20	1.8401
21	-1.4951e-002
22	-1.8798e-002
23	-2.6228e-002
24	-3.0734e-002
25	5.7812e-003
26	0.15134
27	5.0213e-002
28	-1.2627
29	-2.4722
30	-1.1311
31	0.4552
32	1.3091
33	1.6466
34	1.5938
35	1.731
36	1.8047
37	-1.0546e-002
38	-9.3924e-003
39	-1.239e-002
40	-1.6779e-002
41	-1.4885e-002
42	-1.7874e-002
43	-1.6251e-002
44	0.88606
45	-8.7178e-003
46	-2.9748e-002
47	-1.8594e-002
48	-8.0532e-003
49	3.6686e-002
50	4.5308e-004
51	1.9874e-002
52	-0.1854
53	-1.5712e-002
54	2.4609
55	2.323
56	1.4301
57	0.8681
58	0.91637
59	0.88072
60	0.86011
61	0.977
62	1.0639
63	1.0831
64	1.1292
65	1.1669
66	1.2286
67	-2.5625e-002
68	-1.8541e-002
69	-2.6335e-002
70	-2.9078e-002
71	-3.48e-002
72	-3.1818e-002
73	-2.6667e-002
74	1.3871
75	-1.9121e-002
76	-4.6869e-002
77	-5.49e-002
78	0.15759
79	-0.3262
80	-2.211
81	-1.1588
82	0.27932
83	0.60506
84	1.1262
85	1.3054
86	1.5026
87	1.5645
88	1.6403
89	1.7211
90	1.4183
91	0.11477
92	-4.9299e-002
93	-1.5189
94	-4.2184e-002
95	-0.58024
96	0.98752
97	-3.0005e-002
98	-2.2634
99	1.4724
100	1.4858e-002
101	-1.7363
102	0.82339
103	1.6113
104	-9.4057e-002
105	1.7507
106	0.10876
107	2.6995e-002
108	-5.0756e-002
109	1.7243
110	3.1668e-002
111	0.38853
112	1.2764
113	-5.7388e-003
114	2.4483
115	0.12852
116	-1.291e-002
117	1.128
118	6.3002e-004
119	0.14941
120	-1.8049e-002
121	1.0141
122	1.0794
123	1.0632
124	-3.8681e-002
125	0.67702
126	1.7085
127	1.1736
128	-4.6821e-002
129	2.3737e-002
130	-1.7602e-002
131	1.068
132	1.8742
133	-5.9806e-002
134	2.4184e-002
135	1.8262
136	0.
137	0.
138	4.0515e-003
139	7.6143e-003
140	7.4784e-003
141	8.4163e-003
142	4.8998e-003
143	1.1752e-003
144	0.
145	0.
146	1.9619e-003
147	4.0331e-003
148	4.6e-004
149	-2.6322e-004
150	-3.3792e-003
151	-3.1917e-003
152	0.
153	0.
154	0.
155	0.
156	0.
157	0.
158	0.
159	0.
160	0.
161	0.
162	0.
163	0.
164	0.
165	0.
166	0.
167	0.
168	0.
169	0.
170	0.
171	0.
172	0.
173	0.
174	0.
175	0.
176	0.
177	0.
178	0.
179	0.
180	0.
181	0.
182	0.
183	0.
184	0.
185	0.
186	0.
187	0.
188	0.
189	0.
190	0.
191	0.
192	0.
193	0.
194	0.
195	0.
196	0.
197	0.
198	0.
199	0.
200	0.
201	0.
202	0.
203	0.
204	0.
205	0.
206	0.
207	0.
208	0.
209	0.
210	0.
211	0.
212	0.
213	0.
214	0.
215	0.
216	7.3505e-002
217	7.1663e-002
218	6.3598e-002
219	4.7727e-002
220	2.9276e-002
221	2.3306e-002
222	6.7398e-002
223	0.14779
224	2.4615e-002
225	7.9446e-002
226	8.0581e-002
227	5.4904e-002
228	-1.0674e-002
229	-1.4429e-002
230	-1.9429e-002
231	-1.3029e-002
232	-2.2046e-002
233	-2.1209e-002
234	0.11462
235	0.11662
236	0.17687
237	0.15758
238	0.20464
239	7.1378e-002
240	9.3776e-002
241	0.19127
242	0.29542
243	0.11893
244	0.29722
245	7.8519e-002
246	0.
247	0.
248	-8.5254e-003
249	1.618e-002
250	8.7295e-003
251	-1.0058e-002
252	5.1466e-002
253	-6.1788e-003
254	1.7328e-002
255	-1.3476e-002
256	-2.1272e-002
257	-8.6826e-003
258	-1.246e-002
259	-6.745e-003
260	3.1155e-002
261	2.6418e-002
262	7.5711e-002
263	2.1776e-002
264	7.3085e-003
265	7.8421e-002
266	9.079e-003
267	4.7234e-002
268	8.3322e-003
269	3.1153e-002
270	-8.9784e-003
271	-1.6607e-003
272	-5.019e-003
273	-4.7862e-002
274	-3.9563e-002
275	0.15243
276	0.
277	0.25584
278	-8.4319e-003
279	0.
280	0.2389
281	7.741e-002
282	0.10137
283	3.3263e-002
284	3.9919e-002
285	0.10407
286	1.1659e-002
287	1.0683e-002
288	-9.5276e-003
289	0.
290	0.
291	0.
292	0.
293	0.
294	0.
295	0.
296	0.
297	0.
298	0.
299	0.
300	-0.84782
301	-0.79943
302	-0.72992
303	-0.6843
304	-0.53977
305	-0.38654
306	-0.31366
307	-0.25256
308	-0.14957
309	-0.69475
310	-0.79677
311	-0.25188
312	0.
313	0.
314	0.
315	0.
316	0.
317	0.
318	0.
319	0.
320	0.
321	0.
322	0.40116
323	-0.67895
324	-0.12541
325	-0.18564
326	-0.22917
327	-0.28642
328	-0.36646
329	-0.43734
330	-0.4966
331	-0.57397
332	0.
333	3.0314e-003
334	8.3932e-003
335	1.6954e-002
336	3.4162e-002
337	7.2057e-002
338	0.13732
339	0.3736
340	0.76577
341	0.67686
342	0.6408
343	0.56401
344	0.49911
345	0.41759
346	0.34597
347	0.27622
348	0.22629
349	0.16602
350	8.1635e-002
351	0.
352	0.
353	0.
354	0.
355	0.
356	0.
357	0.
358	0.
359	0.
360	-0.21541
361	-0.52724
362	-0.67675
363	0.
364	0.
365	0.
366	0.
367	0.
368	0.
369	-0.81496
370	-0.8162
371	-0.76386
372	-0.71173
373	-0.72297
374	-0.71336
375	-0.26322
376	-0.13705
377	-9.1805e-002
378	-7.9744e-002
379	-0.21017
380	-0.2082
381	-0.74957
382	-0.739
383	-0.6002
384	-0.55448
385	-0.56748
386	-0.54852
387	0.
388	0.
389	0.
390	0.
391	0.
392	0.
393	0.
394	0.
395	0.
396	0.
397	0.
398	0.
399	-0.3663
400	-0.26897
401	-0.10254
402	0.
403	0.
404	0.
405	0.
406	0.
407	0.
408	0.
409	0.
410	0.
411	0.
412	0.
413	0.
414	-0.27931
415	-0.44705
416	-0.63919
417	-0.27587
418	-0.53994
419	-0.56432
420	-0.12023
421	-0.72095
422	-0.12076
423	-0.43085
424	8.7106e-003
425	0.13956
426	6.9214e-003
427	2.8377e-002
428	0.59853
429	8.7094e-002
430	0.34704
431	0.38935
432	0.23113
433	1.2217e-002
434	0.31343
435	-3.4577e-002
436	0.22394
437	0.33503
438	0.19259
439	-3.1698e-002
440	-0.13383
441	0.20807
442	-4.565e-002
443	-0.12678
444	-4.5288e-002
445	-7.1062e-002
446	-5.8464e-002
