Node Number	Directional Deformation (mm)
1	-1.4348e-015
2	2.6177e-015
3	-3.8315e-016
4	-4.1251e-016
5	-4.3783e-016
6	-4.0508e-016
7	-4.9619e-016
8	-4.4668e-016
9	-4.0866e-016
10	-6.6146e-016
11	-5.4233e-016
12	2.3919e-017
13	1.1521e-015
14	2.4692e-015
15	5.7231e-016
16	-1.2329e-015
17	-1.2592e-015
18	-1.094e-015
19	-1.6101e-015
20	-6.1302e-016
21	3.0536e-015
22	3.4796e-015
23	4.2751e-015
24	2.3073e-015
25	-8.174e-016
26	-3.6753e-015
27	-3.2609e-015
28	-9.9209e-016
29	1.0919e-016
30	-3.2203e-016
31	-6.1126e-016
32	-3.5482e-016
33	-4.4944e-016
34	-5.518e-016
35	-5.6256e-016
36	-6.1567e-016
37	-7.5362e-015
38	-6.4701e-015
39	-5.4207e-015
40	-7.7013e-015
41	-7.5253e-015
42	-5.4312e-015
43	-2.8965e-015
44	-4.042e-015
45	-6.9798e-015
46	-6.9961e-016
47	-1.9881e-015
48	-2.1916e-015
49	-3.3247e-015
50	-4.3788e-015
51	-4.7e-015
52	-4.8878e-015
53	-5.0785e-015
54	-4.6612e-015
55	-4.4039e-015
56	-4.313e-015
57	-4.2711e-015
58	-4.1828e-015
59	-4.1181e-015
60	-4.0432e-015
61	-3.5153e-015
62	-2.9621e-015
63	-2.4129e-015
64	-1.8898e-015
65	-1.3844e-015
66	-8.8278e-016
67	6.2945e-016
68	2.6959e-015
69	1.7658e-015
70	2.2585e-016
71	-3.8624e-017
72	2.9275e-015
73	5.5927e-016
74	-4.3397e-015
75	-3.2227e-015
76	-7.5018e-015
77	-6.5226e-015
78	-5.3733e-015
79	-4.7545e-015
80	-4.1194e-015
81	-4.1811e-015
82	-4.1358e-015
83	-4.2215e-015
84	-4.3091e-015
85	-4.3238e-015
86	-3.6112e-015
87	-2.852e-015
88	-2.0833e-015
89	-1.3452e-015
90	-1.773e-015
91	-4.9528e-015
92	-3.1947e-015
93	-1.7003e-015
94	-1.6148e-015
95	-3.8057e-015
96	-3.103e-015
97	2.3834e-015
98	-2.6009e-015
99	-2.9487e-015
100	-6.3188e-015
101	-1.595e-015
102	-1.6707e-015
103	-1.4117e-015
104	-5.7544e-016
105	-2.6209e-015
106	-1.2507e-015
107	-4.4783e-016
108	-2.0807e-015
109	-1.5925e-015
110	-2.2991e-015
111	-3.6997e-015
112	-2.4669e-015
113	-3.8255e-015
114	-1.4567e-015
115	-9.1854e-016
116	-3.3143e-015
117	-1.4569e-015
118	-2.8573e-015
119	-4.2814e-015
120	-3.7344e-015
121	-3.3549e-015
122	-2.897e-015
123	-3.4853e-015
124	-3.1746e-015
125	-1.907e-015
126	-2.1385e-015
127	-1.1992e-015
128	3.5341e-016
129	2.6211e-015
130	-8.0499e-015
131	-2.3569e-015
132	-3.5571e-015
133	-3.1226e-015
134	-2.6628e-015
135	-1.0904e-015
136	0.
137	0.
138	-1.6804e-018
139	-3.3368e-018
140	-5.0071e-018
141	-4.9314e-018
142	-5.0142e-018
143	-3.2472e-018
144	0.
145	0.
146	-2.1038e-018
147	-4.2465e-018
148	-7.5555e-018
149	-8.0971e-018
150	-8.2051e-018
151	-5.2331e-018
152	0.
153	0.
154	0.
155	0.
156	0.
157	0.
158	0.
159	0.
160	0.
161	0.
162	0.
163	0.
164	0.
165	0.
166	0.
167	0.
168	0.
169	0.
170	0.
171	0.
172	0.
173	0.
174	0.
175	0.
176	0.
177	0.
178	0.
179	0.
180	0.
181	0.
182	0.
183	0.
184	0.
185	0.
186	0.
187	0.
188	0.
189	0.
190	0.
191	0.
192	0.
193	0.
194	0.
195	0.
196	0.
197	0.
198	0.
199	0.
200	0.
201	0.
202	0.
203	0.
204	0.
205	0.
206	0.
207	0.
208	0.
209	0.
210	0.
211	0.
212	0.
213	0.
214	0.
215	0.
216	4.5654e-018
217	-1.1193e-017
218	-4.7474e-017
219	-5.4943e-017
220	-6.0448e-017
221	-2.4712e-017
222	1.9274e-017
223	7.8492e-018
224	-1.9186e-016
225	-1.3931e-016
226	-1.1497e-016
227	-3.1218e-017
228	-1.9111e-016
229	-2.2753e-016
230	-4.1479e-016
231	-6.8863e-016
232	-3.0471e-016
233	-2.4622e-016
234	3.8577e-017
235	-4.9563e-017
236	-1.7764e-016
237	9.6329e-017
238	-2.1931e-016
239	-5.3628e-017
240	2.3711e-017
241	-6.7406e-018
242	-1.3704e-016
243	-6.1708e-017
244	-1.4646e-016
245	-9.73e-017
246	0.
247	0.
248	1.4861e-016
249	1.0517e-016
250	-2.088e-016
251	-2.4274e-016
252	-2.6617e-017
253	-1.8181e-016
254	6.3731e-017
255	1.6332e-017
256	-4.7766e-016
257	-1.0829e-017
258	-2.8102e-017
259	-2.6688e-017
260	9.5753e-019
261	-1.1742e-017
262	5.93e-018
263	-9.5884e-019
264	-1.2534e-017
265	8.0734e-018
266	-3.7638e-018
267	-6.7844e-019
268	-5.5398e-018
269	-8.7652e-019
270	-1.4243e-017
271	-9.5082e-018
272	-9.4682e-018
273	-1.0251e-016
274	-4.5354e-017
275	-3.097e-016
276	0.
277	1.9995e-018
278	-3.2375e-017
279	0.
280	8.8067e-017
281	-1.6991e-016
282	1.0885e-016
283	1.9286e-017
284	6.6954e-017
285	-4.558e-017
286	-9.6971e-017
287	-1.3065e-016
288	-8.3251e-017
289	0.
290	0.
291	0.
292	0.
293	0.
294	0.
295	0.
296	0.
297	0.
298	0.
299	0.
300	1.8166e-017
301	2.5148e-017
302	3.5884e-017
303	-1.4283e-017
304	1.8193e-017
305	-2.3271e-018
306	-1.008e-017
307	-7.0591e-018
308	3.4077e-018
309	-1.1491e-017
310	5.3726e-019
311	-1.1009e-017
312	0.
313	0.
314	0.
315	0.
316	0.
317	0.
318	0.
319	0.
320	0.
321	0.
322	1.7878e-017
323	4.4881e-017
324	-3.1586e-018
325	-6.2791e-019
326	-1.0227e-017
327	-2.7144e-018
328	1.1751e-017
329	1.4694e-017
330	1.4986e-017
331	4.0207e-017
332	0.
333	-1.1993e-017
334	3.1716e-018
335	-2.3767e-017
336	8.9969e-018
337	5.176e-018
338	1.2279e-018
339	-2.2082e-017
340	-2.8733e-017
341	-1.8947e-017
342	-1.0712e-017
343	-2.7361e-017
344	-1.8212e-018
345	-2.5024e-018
346	1.7174e-017
347	1.2843e-017
348	2.9072e-017
349	1.2667e-017
350	-3.0505e-018
351	0.
352	0.
353	0.
354	0.
355	0.
356	0.
357	0.
358	0.
359	0.
360	1.6237e-017
361	1.5843e-017
362	3.9192e-017
363	0.
364	0.
365	0.
366	0.
367	0.
368	0.
369	1.9004e-018
370	-2.1672e-017
371	-1.1642e-017
372	8.3988e-018
373	1.4416e-017
374	4.6151e-017
375	-2.2953e-020
376	-1.4439e-017
377	1.3312e-017
378	-7.7042e-018
379	1.4813e-017
380	3.0405e-018
381	-1.8616e-017
382	-2.3871e-017
383	3.6966e-018
384	2.1369e-017
385	6.2164e-018
386	1.9642e-017
387	0.
388	0.
389	0.
390	0.
391	0.
392	0.
393	0.
394	0.
395	0.
396	0.
397	0.
398	0.
399	3.3795e-018
400	4.7395e-018
401	2.1758e-018
402	0.
403	0.
404	0.
405	0.
406	0.
407	0.
408	0.
409	0.
410	0.
411	0.
412	0.
413	0.
414	1.2389e-017
415	1.0658e-017
416	9.5372e-018
417	-2.438e-017
418	-1.3328e-017
419	4.8047e-018
420	7.8367e-018
421	1.5669e-017
422	-1.0102e-018
423	1.2615e-017
424	-9.2507e-018
425	-9.3318e-018
426	2.5128e-018
427	-4.3083e-018
428	-2.8192e-018
429	1.0875e-017
430	-2.6321e-018
431	1.7306e-017
432	1.3764e-017
433	-3.7291e-018
434	2.7699e-018
435	-6.2464e-018
436	-9.6915e-018
437	-2.2098e-018
438	-2.8148e-018
439	-1.0989e-018
440	1.8585e-017
441	1.4755e-018
442	-4.2948e-018
443	2.3117e-018
444	-2.4816e-018
445	1.2995e-017
446	6.3046e-018
